,flightno,actualflight,departtime,arrivetime,crawltime,discount,lowest_price,days_to_departure
2231,3U1074,CZ3360,21:35:00,00:25:00,2020-12-09 14:42:35,4.9,950,45
2266,3U1074,CZ3360,21:35:00,00:25:00,2020-12-10 14:27:41,2.6,500,44
2331,3U1074,CZ3360,21:35:00,00:25:00,2020-12-11 14:04:06,2.6,500,43
2424,3U1074,CZ3360,21:35:00,00:25:00,2020-12-12 15:34:42,2.6,500,42
2509,3U1074,CZ3360,21:35:00,00:25:00,2020-12-13 16:47:39,2.6,500,41
2526,3U1074,CZ3360,21:35:00,00:25:00,2020-12-14 20:57:51,2.6,500,40
2626,3U1074,CZ3360,21:35:00,00:25:00,2020-12-15 16:14:36,2.6,500,39
2674,3U1074,CZ3360,21:35:00,00:25:00,2020-12-16 15:22:35,4.9,950,38
2720,3U1074,CZ3360,21:35:00,00:25:00,2020-12-17 15:04:59,2.6,500,37
2789,3U1074,CZ3360,21:35:00,00:25:00,2020-12-19 14:11:16,2.6,500,35
2845,3U1074,CZ3360,21:35:00,00:25:00,2020-12-20 14:29:03,2.6,500,34
2875,3U1074,CZ3360,21:35:00,00:25:00,2020-12-21 14:45:45,2.6,500,33
2947,3U1074,CZ3360,21:35:00,00:25:00,2020-12-22 14:05:31,2.6,500,32
2997,3U1074,CZ3360,21:35:00,00:25:00,2020-12-24 13:56:30,2.1,400,30
3047,3U1074,CZ3360,21:35:00,00:25:00,2020-12-25 14:31:16,2.1,400,29
3063,3U1074,CZ3360,21:35:00,00:25:00,2020-12-26 23:48:54,1.8,350,28
3148,3U1074,CZ3360,21:35:00,00:25:00,2020-12-27 14:00:10,1.8,350,27
3197,3U1074,CZ3360,21:35:00,00:25:00,2020-12-28 13:51:01,1.8,350,26
3226,3U1074,CZ3360,21:35:00,00:25:00,2020-12-29 13:50:17,4.9,950,25
3270,3U1074,CZ3360,21:35:00,00:25:00,2020-12-30 14:08:41,2.8,550,24
3298,3U1074,CZ3360,21:35:00,00:25:00,2020-12-31 13:59:35,2.8,550,23
3337,3U1074,CZ3360,21:35:00,00:25:00,2021-01-01 01:58:13,2.7,520,22
3400,3U1074,CZ3360,21:35:00,00:25:00,2021-01-01 14:22:42,4.9,950,22
3412,3U1074,CZ3360,21:35:00,00:25:00,2021-01-02 14:40:46,1.7,321,21
3472,3U1074,CZ3360,21:35:00,00:25:00,2021-01-04 14:06:38,1.8,350,19
3528,3U1074,CZ3360,21:35:00,00:25:00,2021-01-05 14:30:11,4.9,950,18
3539,3U1074,CZ3360,21:35:00,00:25:00,2021-01-06 13:52:29,1.5,280,17
3617,3U1074,CZ3360,21:35:00,00:25:00,2021-01-07 14:24:51,1.5,280,16
3652,3U1074,CZ3360,21:35:00,00:25:00,2021-01-08 14:18:53,2.8,550,15
3686,3U1074,CZ3360,21:35:00,00:25:00,2021-01-09 14:16:50,1.5,280,14
3721,3U1074,CZ3360,21:35:00,00:25:00,2021-01-10 13:44:48,1.5,280,13
3765,3U1074,CZ3360,21:35:00,00:25:00,2021-01-11 14:33:12,4.9,950,12
3789,3U1074,CZ3360,21:35:00,00:25:00,2021-01-12 14:10:35,4.9,950,11
3806,3U1074,CZ3360,21:35:00,00:25:00,2021-01-13 13:52:59,1.0,200,10
3873,3U1074,CZ3360,21:35:00,00:25:00,2021-01-14 13:42:26,1.0,200,9
3901,3U1074,CZ3360,21:35:00,00:25:00,2021-01-15 13:56:39,2.6,500,8
3928,3U1074,CZ3360,21:35:00,00:25:00,2021-01-16 13:51:38,4.9,950,7
3953,3U1074,CZ3360,21:35:00,00:25:00,2021-01-17 13:45:13,2.8,550,6
3981,3U1074,CZ3360,21:35:00,00:25:00,2021-01-18 13:46:36,2.8,550,5
4035,3U1074,CZ3360,21:35:00,00:25:00,2021-01-19 13:54:20,2.6,500,4
4079,3U1074,CZ3360,21:35:00,00:25:00,2021-01-20 14:27:46,2.3,450,3
4132,3U1074,CZ3360,21:35:00,00:25:00,2021-01-21 14:27:34,2.8,550,2
4135,3U1074,CZ3360,21:35:00,00:25:00,2021-01-22 13:39:19,4.9,950,1
4178,3U1074,CZ3360,21:35:00,00:25:00,2021-01-23 14:04:04,2.6,510,0
2314,3U5105,MU5296,07:40:00,10:30:00,2020-12-10 14:27:41,2.4,550,44
2359,3U5105,MU5296,07:40:00,10:30:00,2020-12-11 14:04:06,2.4,550,43
2396,3U5105,MU5296,07:40:00,10:30:00,2020-12-12 15:34:42,2.4,550,42
2480,3U5105,MU5296,07:40:00,10:30:00,2020-12-13 16:47:39,2.4,550,41
2555,3U5105,MU5296,07:40:00,10:30:00,2020-12-14 20:57:51,2.4,550,40
2597,3U5105,MU5296,07:40:00,10:30:00,2020-12-15 16:14:36,2.4,550,39
2707,3U5105,MU5296,07:40:00,10:30:00,2020-12-17 15:04:59,2.4,550,37
2761,3U5105,MU5296,07:40:00,10:30:00,2020-12-19 14:11:16,2.4,550,35
2815,3U5105,MU5296,07:40:00,10:30:00,2020-12-20 14:29:03,2.4,550,34
2870,3U5105,MU5296,07:40:00,10:30:00,2020-12-21 14:45:45,2.4,550,33
2922,3U5105,MU5296,07:40:00,10:30:00,2020-12-22 14:05:31,2.4,550,32
2972,3U5105,MU5296,07:40:00,10:30:00,2020-12-24 13:56:30,2.1,500,30
3022,3U5105,MU5296,07:40:00,10:30:00,2020-12-25 14:31:16,2.1,500,29
3088,3U5105,MU5296,07:40:00,10:30:00,2020-12-26 23:48:54,2.1,500,28
3123,3U5105,MU5296,07:40:00,10:30:00,2020-12-27 14:00:10,2.1,500,27
3172,3U5105,MU5296,07:40:00,10:30:00,2020-12-28 13:51:01,2.4,550,26
3244,3U5105,MU5296,07:40:00,10:30:00,2020-12-30 14:08:41,2.4,550,24
3322,3U5105,MU5296,07:40:00,10:30:00,2020-12-31 13:59:35,2.4,550,23
3369,3U5105,MU5296,07:40:00,10:30:00,2021-01-01 01:58:13,2.4,550,22
3441,3U5105,MU5296,07:40:00,10:30:00,2021-01-02 14:40:46,2.4,550,21
3510,3U5105,MU5296,07:40:00,10:30:00,2021-01-04 14:06:38,1.3,310,19
3561,3U5105,MU5296,07:40:00,10:30:00,2021-01-06 13:52:29,1.3,310,17
3600,3U5105,MU5296,07:40:00,10:30:00,2021-01-07 14:24:51,1.3,310,16
3632,3U5105,MU5296,07:40:00,10:30:00,2021-01-08 14:18:53,1.3,310,15
3672,3U5105,MU5296,07:40:00,10:30:00,2021-01-09 14:16:50,1.3,310,14
3740,3U5105,MU5296,07:40:00,10:30:00,2021-01-10 13:44:48,1.0,240,13
3798,3U5105,MU5296,07:40:00,10:30:00,2021-01-13 13:52:59,1.0,240,10
3857,3U5105,MU5296,07:40:00,10:30:00,2021-01-14 13:42:26,1.0,240,9
3893,3U5105,MU5296,07:40:00,10:30:00,2021-01-15 13:56:39,3.7,860,8
3946,3U5105,MU5296,07:40:00,10:30:00,2021-01-17 13:45:13,3.7,860,6
4010,3U5105,MU5296,07:40:00,10:30:00,2021-01-18 13:46:36,2.4,550,5
4027,3U5105,MU5296,07:40:00,10:30:00,2021-01-19 13:54:20,2.4,550,4
4085,3U5105,MU5296,07:40:00,10:30:00,2021-01-20 14:27:46,3.7,860,3
4097,3U5105,MU5296,07:40:00,10:30:00,2021-01-21 14:27:34,2.4,550,2
4197,3U5105,MU5296,07:40:00,10:30:00,2021-01-23 14:04:04,2.4,550,0
2270,3U5108,MU5402,06:30:00,09:20:00,2020-12-10 14:27:41,2.1,500,44
2335,3U5108,MU5402,06:30:00,09:20:00,2020-12-11 14:04:06,2.1,500,43
2420,3U5108,MU5402,06:30:00,09:20:00,2020-12-12 15:34:42,2.1,500,42
2505,3U5108,MU5402,06:30:00,09:20:00,2020-12-13 16:47:39,2.1,500,41
2530,3U5108,MU5402,06:30:00,09:20:00,2020-12-14 20:57:51,2.1,500,40
2622,3U5108,MU5402,06:30:00,09:20:00,2020-12-15 16:14:36,2.1,500,39
2716,3U5108,MU5402,06:30:00,09:20:00,2020-12-17 15:04:59,2.1,500,37
2785,3U5108,MU5402,06:30:00,09:20:00,2020-12-19 14:11:16,2.1,500,35
2841,3U5108,MU5402,06:30:00,09:20:00,2020-12-20 14:29:03,2.1,500,34
2894,3U5108,MU5402,06:30:00,09:20:00,2020-12-21 14:45:45,2.1,500,33
2944,3U5108,MU5402,06:30:00,09:20:00,2020-12-22 14:05:31,2.1,500,32
2994,3U5108,MU5402,06:30:00,09:20:00,2020-12-24 13:56:30,2.1,500,30
3044,3U5108,MU5402,06:30:00,09:20:00,2020-12-25 14:31:16,2.1,500,29
3066,3U5108,MU5402,06:30:00,09:20:00,2020-12-26 23:48:54,2.1,500,28
3145,3U5108,MU5402,06:30:00,09:20:00,2020-12-27 14:00:10,2.1,500,27
3194,3U5108,MU5402,06:30:00,09:20:00,2020-12-28 13:51:01,2.1,500,26
3267,3U5108,MU5402,06:30:00,09:20:00,2020-12-30 14:08:41,2.1,500,24
3301,3U5108,MU5402,06:30:00,09:20:00,2020-12-31 13:59:35,2.1,500,23
3348,3U5108,MU5402,06:30:00,09:20:00,2021-01-01 01:58:13,2.1,500,22
3409,3U5108,MU5402,06:30:00,09:20:00,2021-01-02 14:40:46,2.1,500,21
3475,3U5108,MU5402,06:30:00,09:20:00,2021-01-04 14:06:38,1.3,300,19
3542,3U5108,MU5402,06:30:00,09:20:00,2021-01-06 13:52:29,1.3,300,17
3614,3U5108,MU5402,06:30:00,09:20:00,2021-01-07 14:24:51,1.3,300,16
3655,3U5108,MU5402,06:30:00,09:20:00,2021-01-08 14:18:53,1.2,270,15
3689,3U5108,MU5402,06:30:00,09:20:00,2021-01-09 14:16:50,1.2,270,14
3711,3U5108,MU5402,06:30:00,09:20:00,2021-01-10 13:44:48,1.0,230,13
3812,3U5108,MU5402,06:30:00,09:20:00,2021-01-13 13:52:59,0.9,220,10
3876,3U5108,MU5402,06:30:00,09:20:00,2021-01-14 13:42:26,0.9,220,9
3905,3U5108,MU5402,06:30:00,09:20:00,2021-01-15 13:56:39,3.7,860,8
3941,3U5108,MU5402,06:30:00,09:20:00,2021-01-17 13:45:13,3.7,860,6
3985,3U5108,MU5402,06:30:00,09:20:00,2021-01-18 13:46:36,2.1,500,5
4041,3U5108,MU5402,06:30:00,09:20:00,2021-01-19 13:54:20,2.1,500,4
4083,3U5108,MU5402,06:30:00,09:20:00,2021-01-20 14:27:46,3.7,860,3
4127,3U5108,MU5402,06:30:00,09:20:00,2021-01-21 14:27:34,2.1,500,2
2257,3U5118,MU5412,13:55:00,16:50:00,2020-12-10 14:27:41,2.6,600,44
2340,3U5118,MU5412,13:55:00,16:50:00,2020-12-11 14:04:06,2.6,600,43
2415,3U5118,MU5412,13:55:00,16:50:00,2020-12-12 15:34:42,2.6,600,42
2500,3U5118,MU5412,13:55:00,16:50:00,2020-12-13 16:47:39,2.1,500,41
2535,3U5118,MU5412,13:55:00,16:50:00,2020-12-14 20:57:51,2.1,500,40
2617,3U5118,MU5412,13:55:00,16:50:00,2020-12-15 16:14:36,2.1,500,39
2711,3U5118,MU5412,13:55:00,16:50:00,2020-12-17 15:04:59,2.1,500,37
2780,3U5118,MU5412,13:55:00,16:50:00,2020-12-19 14:11:16,2.1,500,35
2834,3U5118,MU5412,13:55:00,16:50:00,2020-12-20 14:29:03,2.1,500,34
2889,3U5118,MU5412,13:55:00,16:50:00,2020-12-21 14:45:45,2.1,500,33
2938,3U5118,MU5412,13:55:00,16:50:00,2020-12-22 14:05:31,2.1,500,32
2988,3U5118,MU5412,13:55:00,16:50:00,2020-12-24 13:56:30,2.1,500,30
3038,3U5118,MU5412,13:55:00,16:50:00,2020-12-25 14:31:16,2.1,500,29
3072,3U5118,MU5412,13:55:00,16:50:00,2020-12-26 23:48:54,2.1,500,28
3139,3U5118,MU5412,13:55:00,16:50:00,2020-12-27 14:00:10,2.1,500,27
3188,3U5118,MU5412,13:55:00,16:50:00,2020-12-28 13:51:01,2.6,600,26
3261,3U5118,MU5412,13:55:00,16:50:00,2020-12-30 14:08:41,2.6,600,24
3306,3U5118,MU5412,13:55:00,16:50:00,2020-12-31 13:59:35,2.6,600,23
3353,3U5118,MU5412,13:55:00,16:50:00,2021-01-01 01:58:13,2.6,600,22
3457,3U5118,MU5412,13:55:00,16:50:00,2021-01-02 14:40:46,2.6,600,21
3481,3U5118,MU5412,13:55:00,16:50:00,2021-01-04 14:06:38,1.5,350,19
3547,3U5118,MU5412,13:55:00,16:55:00,2021-01-06 13:52:29,1.5,350,17
3609,3U5118,MU5412,13:55:00,16:55:00,2021-01-07 14:24:51,1.5,350,16
3660,3U5118,MU5412,13:55:00,16:55:00,2021-01-08 14:18:53,1.5,350,15
3694,3U5118,MU5412,13:55:00,16:55:00,2021-01-09 14:16:50,1.5,350,14
3717,3U5118,MU5412,13:55:00,16:55:00,2021-01-10 13:44:48,1.4,330,13
3818,3U5118,MU5412,13:55:00,16:55:00,2021-01-13 13:52:59,1.2,280,10
3849,3U5118,MU5412,13:55:00,16:55:00,2021-01-14 13:42:26,1.2,280,9
3884,3U5118,MU5412,13:55:00,16:55:00,2021-01-15 13:56:39,3.7,860,8
3962,3U5118,MU5412,13:55:00,16:55:00,2021-01-17 13:45:13,3.7,860,6
3991,3U5118,MU5412,13:55:00,16:55:00,2021-01-18 13:46:36,2.6,600,5
4023,3U5118,MU5412,13:55:00,16:55:00,2021-01-19 13:54:20,2.6,600,4
4069,3U5118,MU5412,13:55:00,16:55:00,2021-01-20 14:27:46,3.7,860,3
4121,3U5118,MU5412,13:55:00,16:55:00,2021-01-21 14:27:34,2.6,600,2
4165,3U5118,MU5412,13:55:00,16:55:00,2021-01-23 14:04:04,2.6,600,0
2272,3U5126,MU5420,17:00:00,20:00:00,2020-12-10 14:27:41,2.6,600,44
2337,3U5126,MU5420,17:00:00,20:00:00,2020-12-11 14:04:06,2.6,600,43
2418,3U5126,MU5420,17:00:00,20:00:00,2020-12-12 15:34:42,2.6,600,42
2503,3U5126,MU5420,17:00:00,20:00:00,2020-12-13 16:47:39,2.1,500,41
2532,3U5126,MU5420,17:00:00,20:00:00,2020-12-14 20:57:51,2.1,500,40
2620,3U5126,MU5420,17:00:00,20:00:00,2020-12-15 16:14:36,2.1,500,39
2714,3U5126,MU5420,17:00:00,20:00:00,2020-12-17 15:04:59,2.1,500,37
2783,3U5126,MU5420,17:00:00,20:00:00,2020-12-19 14:11:16,2.1,500,35
2839,3U5126,MU5420,17:00:00,20:00:00,2020-12-20 14:29:03,2.1,500,34
2892,3U5126,MU5420,17:00:00,20:00:00,2020-12-21 14:45:45,2.1,500,33
2942,3U5126,MU5420,17:00:00,20:00:00,2020-12-22 14:05:31,2.1,500,32
2992,3U5126,MU5420,17:00:00,20:00:00,2020-12-24 13:56:30,2.1,500,30
3042,3U5126,MU5420,17:00:00,20:00:00,2020-12-25 14:31:16,2.1,500,29
3068,3U5126,MU5420,17:00:00,20:00:00,2020-12-26 23:48:54,2.1,500,28
3143,3U5126,MU5420,17:00:00,20:00:00,2020-12-27 14:00:10,2.1,500,27
3192,3U5126,MU5420,17:00:00,20:00:00,2020-12-28 13:51:01,2.6,600,26
3265,3U5126,MU5420,17:00:00,20:00:00,2020-12-30 14:08:41,2.6,600,24
3303,3U5126,MU5420,17:00:00,20:00:00,2020-12-31 13:59:35,2.6,600,23
3349,3U5126,MU5420,17:00:00,20:00:00,2021-01-01 01:58:13,2.6,600,22
3408,3U5126,MU5420,17:00:00,20:00:00,2021-01-02 14:40:46,2.6,600,21
3477,3U5126,MU5420,17:00:00,20:00:00,2021-01-04 14:06:38,1.7,400,19
3544,3U5126,MU5420,17:00:00,20:00:00,2021-01-06 13:52:29,1.7,400,17
3612,3U5126,MU5420,17:00:00,20:00:00,2021-01-07 14:24:51,1.7,400,16
3657,3U5126,MU5420,17:00:00,20:00:00,2021-01-08 14:18:53,1.5,350,15
3691,3U5126,MU5420,17:00:00,20:00:00,2021-01-09 14:16:50,1.5,350,14
3710,3U5126,MU5420,17:00:00,20:00:00,2021-01-10 13:44:48,1.3,300,13
3811,3U5126,MU5420,17:00:00,20:00:00,2021-01-13 13:52:59,1.2,280,10
3878,3U5126,MU5420,17:00:00,20:00:00,2021-01-14 13:42:26,1.2,280,9
3907,3U5126,MU5420,17:00:00,20:00:00,2021-01-15 13:56:39,3.7,860,8
3958,3U5126,MU5420,17:00:00,20:00:00,2021-01-17 13:45:13,3.7,860,6
3987,3U5126,MU5420,17:00:00,20:00:00,2021-01-18 13:46:36,2.6,600,5
4040,3U5126,MU5420,17:00:00,20:00:00,2021-01-19 13:54:20,2.6,600,4
4065,3U5126,MU5420,17:00:00,20:00:00,2021-01-20 14:27:46,3.7,860,3
4125,3U5126,MU5420,17:00:00,20:00:00,2021-01-21 14:27:34,2.6,600,2
4173,3U5126,MU5420,17:00:00,20:00:00,2021-01-23 14:04:04,4.5,1050,0
2285,3U5157,MU5641,14:55:00,17:55:00,2020-12-10 14:27:41,2.6,600,44
2351,3U5157,MU5641,14:55:00,17:55:00,2020-12-11 14:04:06,2.6,600,43
2387,3U5157,MU5641,14:55:00,17:55:00,2020-12-12 15:34:42,2.6,600,42
2489,3U5157,MU5641,14:55:00,17:55:00,2020-12-13 16:47:39,2.1,500,41
2546,3U5157,MU5641,14:55:00,17:55:00,2020-12-14 20:57:51,2.1,500,40
2606,3U5157,MU5641,14:55:00,17:55:00,2020-12-15 16:14:36,2.1,500,39
2732,3U5157,MU5641,14:55:00,17:55:00,2020-12-17 15:04:59,2.1,500,37
2769,3U5157,MU5641,14:55:00,17:55:00,2020-12-19 14:11:16,2.1,500,35
2823,3U5157,MU5641,14:55:00,17:55:00,2020-12-20 14:29:03,2.1,500,34
2878,3U5157,MU5641,14:55:00,17:55:00,2020-12-21 14:45:45,2.1,500,33
2930,3U5157,MU5641,14:55:00,17:55:00,2020-12-22 14:05:31,2.1,500,32
2980,3U5157,MU5641,14:55:00,17:55:00,2020-12-24 13:56:30,2.1,500,30
3030,3U5157,MU5641,14:55:00,17:55:00,2020-12-25 14:31:16,2.1,500,29
3080,3U5157,MU5641,14:55:00,17:55:00,2020-12-26 23:48:54,2.1,500,28
3131,3U5157,MU5641,14:55:00,17:55:00,2020-12-27 14:00:10,2.1,500,27
3180,3U5157,MU5641,14:55:00,17:55:00,2020-12-28 13:51:01,2.6,600,26
3252,3U5157,MU5641,14:55:00,17:55:00,2020-12-30 14:08:41,2.6,600,24
3314,3U5157,MU5641,14:55:00,17:55:00,2020-12-31 13:59:35,2.6,600,23
3361,3U5157,MU5641,14:55:00,17:55:00,2021-01-01 01:58:13,2.6,600,22
3449,3U5157,MU5641,14:55:00,17:55:00,2021-01-02 14:40:46,2.6,600,21
3489,3U5157,MU5641,14:55:00,17:55:00,2021-01-04 14:06:38,1.5,350,19
3554,3U5157,MU5641,14:55:00,17:55:00,2021-01-06 13:52:29,1.5,350,17
3593,3U5157,MU5641,14:55:00,17:55:00,2021-01-07 14:24:51,1.5,350,16
3625,3U5157,MU5641,14:55:00,17:55:00,2021-01-08 14:18:53,1.5,350,15
3701,3U5157,MU5641,14:55:00,17:55:00,2021-01-09 14:16:50,1.5,350,14
3727,3U5157,MU5641,14:55:00,17:55:00,2021-01-10 13:44:48,1.4,330,13
3828,3U5157,MU5641,14:55:00,17:55:00,2021-01-13 13:52:59,1.2,280,10
3865,3U5157,MU5641,14:55:00,17:55:00,2021-01-14 13:42:26,1.2,280,9
3913,3U5157,MU5641,14:55:00,17:55:00,2021-01-15 13:56:39,3.7,860,8
3974,3U5157,MU5641,14:55:00,17:55:00,2021-01-17 13:45:13,3.7,860,6
4000,3U5157,MU5641,14:55:00,17:55:00,2021-01-18 13:46:36,2.6,600,5
4045,3U5157,MU5641,14:55:00,17:55:00,2021-01-19 13:54:20,2.6,600,4
4078,3U5157,MU5641,14:55:00,17:55:00,2021-01-20 14:27:46,3.7,860,3
4108,3U5157,MU5641,14:55:00,17:55:00,2021-01-21 14:27:34,2.6,600,2
4187,3U5157,MU5641,14:55:00,17:55:00,2021-01-23 14:04:04,2.6,600,0
2244,3U8961,,07:40:00,10:30:00,2020-12-09 14:42:35,1.9,450,45
2310,3U8961,,07:40:00,10:30:00,2020-12-10 14:27:41,1.8,410,44
2356,3U8961,,07:40:00,10:30:00,2020-12-11 14:04:06,1.8,410,43
2400,3U8961,,07:40:00,10:30:00,2020-12-12 15:34:42,1.8,410,42
2484,3U8961,,07:40:00,10:30:00,2020-12-13 16:47:39,1.8,410,41
2551,3U8961,,07:40:00,10:30:00,2020-12-14 20:57:51,1.8,410,40
2601,3U8961,,07:40:00,10:30:00,2020-12-15 16:14:36,1.8,410,39
2651,3U8961,,07:40:00,10:30:00,2020-12-16 15:22:35,1.8,410,38
2695,3U8961,,07:40:00,10:30:00,2020-12-17 15:04:59,1.9,450,37
2764,3U8961,,07:40:00,10:30:00,2020-12-19 14:11:16,1.8,408,35
2818,3U8961,,07:40:00,10:30:00,2020-12-20 14:29:03,1.8,410,34
2873,3U8961,,07:40:00,10:30:00,2020-12-21 14:45:45,1.8,410,33
2925,3U8961,,07:40:00,10:30:00,2020-12-22 14:05:31,1.8,410,32
2975,3U8961,,07:40:00,10:30:00,2020-12-24 13:56:30,1.5,350,30
3025,3U8961,,07:40:00,10:30:00,2020-12-25 14:31:16,1.5,350,29
3085,3U8961,,07:40:00,10:30:00,2020-12-26 23:48:54,1.3,310,28
3126,3U8961,,07:40:00,10:30:00,2020-12-27 14:00:10,1.3,310,27
3175,3U8961,,07:40:00,10:30:00,2020-12-28 13:51:01,1.3,310,26
3207,3U8961,,07:40:00,10:30:00,2020-12-29 13:50:17,1.3,310,25
3247,3U8961,,07:40:00,10:30:00,2020-12-30 14:08:41,2.4,550,24
3319,3U8961,,07:40:00,10:30:00,2020-12-31 13:59:35,2.2,510,23
3366,3U8961,,07:40:00,10:30:00,2021-01-01 01:58:13,1.3,312,22
3407,3U8961,,07:40:00,10:30:00,2021-01-01 14:22:42,2.4,550,22
3444,3U8961,,07:40:00,10:30:00,2021-01-02 14:40:46,2.4,550,21
3513,3U8961,,07:40:00,10:30:00,2021-01-04 14:06:38,1.3,310,19
3538,3U8961,,07:40:00,10:30:00,2021-01-05 14:30:11,1.3,310,18
3559,3U8961,,07:40:00,10:30:00,2021-01-06 13:52:29,1.2,270,17
3598,3U8961,,07:40:00,10:30:00,2021-01-07 14:24:51,1.2,270,16
3630,3U8961,,07:40:00,10:30:00,2021-01-08 14:18:53,1.3,310,15
3670,3U8961,,07:40:00,10:30:00,2021-01-09 14:16:50,1.2,270,14
3734,3U8961,,07:40:00,10:30:00,2021-01-10 13:44:48,1.0,230,13
3749,3U8961,,07:40:00,10:30:00,2021-01-11 14:33:12,1.1,250,12
3779,3U8961,,07:40:00,10:30:00,2021-01-12 14:10:35,1.2,270,11
3793,3U8961,,07:40:00,10:30:00,2021-01-13 13:52:59,0.9,200,10
3860,3U8961,,07:40:00,10:30:00,2021-01-14 13:42:26,1.0,240,9
3914,3U8961,,07:40:00,10:30:00,2021-01-15 13:56:39,2.1,499,8
3932,3U8961,,07:40:00,10:30:00,2021-01-16 13:51:38,2.4,550,7
3968,3U8961,,07:40:00,10:30:00,2021-01-17 13:45:13,2.4,550,6
3978,3U8961,,07:40:00,10:30:00,2021-01-18 13:46:36,2.4,550,5
4052,3U8961,,07:40:00,10:30:00,2021-01-19 13:54:20,2.1,499,4
4055,3U8961,,07:40:00,10:30:00,2021-01-20 14:27:46,2.1,499,3
4115,3U8961,,07:40:00,10:30:00,2021-01-21 14:27:34,2.4,550,2
4140,3U8961,,07:40:00,10:30:00,2021-01-22 13:39:19,2.8,650,1
4181,3U8961,,07:40:00,10:30:00,2021-01-23 14:04:04,2.0,470,0
2234,3U8963,,12:30:00,15:20:00,2020-12-09 14:42:35,2.1,500,45
2290,3U8963,,12:30:00,15:20:00,2020-12-10 14:27:41,2.1,500,44
2368,3U8963,,12:30:00,15:20:00,2020-12-11 14:04:06,2.1,500,43
2451,3U8963,,12:30:00,15:20:00,2020-12-12 15:34:42,2.1,500,42
2471,3U8963,,12:30:00,15:20:00,2020-12-13 16:47:39,2.1,500,41
2564,3U8963,,12:30:00,15:20:00,2020-12-14 20:57:51,2.1,500,40
2588,3U8963,,12:30:00,15:20:00,2020-12-15 16:14:36,2.1,500,39
2243,3U8965,,15:45:00,18:40:00,2020-12-09 14:42:35,2.1,500,45
2307,3U8965,,15:45:00,18:40:00,2020-12-10 14:27:41,2.1,500,44
2385,3U8965,,15:45:00,18:40:00,2020-12-11 14:04:06,2.1,500,43
2449,3U8965,,15:45:00,18:40:00,2020-12-12 15:34:42,2.1,500,42
2452,3U8965,,15:45:00,18:40:00,2020-12-13 16:47:39,2.1,500,41
2580,3U8965,,15:45:00,18:40:00,2020-12-14 20:57:51,2.1,500,40
2645,3U8965,,15:45:00,18:40:00,2020-12-15 16:14:36,2.1,500,39
2650,3U8965,,15:45:00,18:40:00,2020-12-16 15:22:35,2.1,500,38
2247,3U8967,,06:00:00,08:40:00,2020-12-09 14:42:35,1.8,430,45
2280,3U8967,,06:00:00,08:40:00,2020-12-10 14:27:41,1.7,400,44
2346,3U8967,,06:00:00,08:40:00,2020-12-11 14:04:06,1.7,400,43
2409,3U8967,,06:00:00,08:40:00,2020-12-12 15:34:42,1.7,400,42
2494,3U8967,,06:00:00,08:40:00,2020-12-13 16:47:39,1.7,400,41
2541,3U8967,,06:00:00,08:40:00,2020-12-14 20:57:51,1.7,400,40
2611,3U8967,,06:00:00,08:40:00,2020-12-15 16:14:36,1.7,400,39
2660,3U8967,,06:00:00,08:40:00,2020-12-16 15:22:35,1.7,400,38
2737,3U8967,,06:00:00,08:40:00,2020-12-17 15:04:59,1.7,400,37
2774,3U8967,,06:00:00,08:40:00,2020-12-19 14:11:16,1.7,398,35
2828,3U8967,,06:00:00,08:40:00,2020-12-20 14:29:03,1.7,400,34
2883,3U8967,,06:00:00,08:40:00,2020-12-21 14:45:45,1.7,400,33
2216,3U8969,,17:20:00,20:10:00,2020-12-09 14:42:35,2.1,500,45
2300,3U8969,,17:20:00,20:10:00,2020-12-10 14:27:41,2.1,500,44
2378,3U8969,,17:20:00,20:10:00,2020-12-11 14:04:06,2.1,500,43
2442,3U8969,,17:20:00,20:10:00,2020-12-12 15:34:42,2.1,500,42
2461,3U8969,,17:20:00,20:10:00,2020-12-13 16:47:39,2.1,500,41
2574,3U8969,,17:20:00,20:10:00,2020-12-14 20:57:51,2.1,500,40
2640,3U8969,,17:20:00,20:10:00,2020-12-15 16:14:36,2.1,500,39
2663,3U8969,,17:20:00,20:10:00,2020-12-16 15:22:35,2.1,500,38
2692,3U8969,,17:20:00,20:10:00,2020-12-17 15:04:59,2.1,500,37
2745,3U8969,,17:20:00,20:10:00,2020-12-19 14:11:16,2.0,470,35
2802,3U8969,,17:20:00,20:10:00,2020-12-20 14:29:03,2.0,470,34
2857,3U8969,,17:20:00,20:10:00,2020-12-21 14:45:45,2.0,470,33
2909,3U8969,,17:20:00,20:10:00,2020-12-22 14:05:31,2.0,470,32
2959,3U8969,,17:20:00,20:10:00,2020-12-24 13:56:30,1.7,400,30
3009,3U8969,,17:20:00,20:10:00,2020-12-25 14:31:16,1.7,400,29
3100,3U8969,,17:20:00,20:10:00,2020-12-26 23:48:54,1.5,350,28
3110,3U8969,,17:20:00,20:10:00,2020-12-27 14:00:10,1.5,350,27
3160,3U8969,,17:20:00,20:10:00,2020-12-28 13:51:01,1.5,350,26
3217,3U8969,,17:20:00,20:10:00,2020-12-29 13:50:17,1.5,350,25
3286,3U8969,,17:20:00,20:10:00,2020-12-30 14:08:41,2.6,600,24
3335,3U8969,,17:20:00,20:10:00,2020-12-31 13:59:35,2.4,560,23
3382,3U8969,,17:20:00,20:10:00,2021-01-01 01:58:13,1.4,317,22
3391,3U8969,,17:20:00,20:10:00,2021-01-01 14:22:42,2.6,600,22
3428,3U8969,,17:20:00,20:10:00,2021-01-02 14:40:46,1.5,350,21
3497,3U8969,,17:20:00,20:10:00,2021-01-04 14:06:38,1.5,350,19
3533,3U8969,,17:20:00,20:10:00,2021-01-05 14:30:11,1.5,350,18
3567,3U8969,,17:20:00,20:10:00,2021-01-06 13:52:29,1.3,310,17
3585,3U8969,,17:20:00,20:10:00,2021-01-07 14:24:51,1.3,310,16
3641,3U8969,,17:20:00,20:10:00,2021-01-08 14:18:53,1.5,350,15
3682,3U8969,,17:20:00,20:10:00,2021-01-09 14:16:50,1.3,300,14
3735,3U8969,,17:20:00,20:10:00,2021-01-10 13:44:48,1.1,260,13
3758,3U8969,,17:20:00,20:10:00,2021-01-11 14:33:12,1.3,300,12
3774,3U8969,,17:20:00,20:10:00,2021-01-12 14:10:35,1.3,300,11
3822,3U8969,,17:20:00,20:10:00,2021-01-13 13:52:59,0.9,200,10
3838,3U8969,,17:20:00,20:10:00,2021-01-14 13:42:26,1.0,240,9
3888,3U8969,,17:20:00,20:10:00,2021-01-15 13:56:39,1.2,280,8
3937,3U8969,,17:20:00,20:10:00,2021-01-16 13:51:38,1.2,280,7
3966,3U8969,,17:20:00,20:10:00,2021-01-17 13:45:13,1.2,280,6
3995,3U8969,,17:20:00,20:10:00,2021-01-18 13:46:36,1.2,280,5
4019,3U8969,,17:20:00,20:10:00,2021-01-19 13:54:20,2.4,560,4
4073,3U8969,,17:20:00,20:10:00,2021-01-20 14:27:46,2.4,549,3
4117,3U8969,,17:20:00,20:10:00,2021-01-21 14:27:34,2.6,600,2
4141,3U8969,,17:20:00,20:10:00,2021-01-22 13:39:19,3.0,700,1
4161,3U8969,,17:20:00,20:10:00,2021-01-23 14:04:04,2.7,620,0
2251,9C6278,,11:15:00,14:05:00,2020-12-09 14:42:35,1.6,370,45
2217,9C6458,,20:30:00,23:10:00,2020-12-09 14:42:35,1.6,370,45
2299,9C6458,,20:30:00,23:10:00,2020-12-10 14:27:41,1.6,370,44
2377,9C6458,,20:30:00,23:10:00,2020-12-11 14:04:06,1.6,370,43
2441,9C6458,,20:30:00,23:10:00,2020-12-12 15:34:42,1.6,370,42
2462,9C6458,,20:30:00,23:10:00,2020-12-13 16:47:39,1.6,370,41
2573,9C6458,,20:30:00,23:10:00,2020-12-14 20:57:51,1.6,370,40
2642,9C6458,,20:30:00,23:10:00,2020-12-15 16:14:36,1.6,370,39
2664,9C6458,,20:30:00,23:10:00,2020-12-16 15:22:35,1.6,370,38
2693,9C6458,,20:30:00,23:10:00,2020-12-17 15:04:59,1.6,370,37
2749,9C6458,,20:30:00,23:10:00,2020-12-19 14:11:16,1.6,370,35
2803,9C6458,,20:30:00,23:10:00,2020-12-20 14:29:03,1.6,370,34
2858,9C6458,,20:30:00,23:10:00,2020-12-21 14:45:45,1.6,370,33
2910,9C6458,,20:30:00,23:10:00,2020-12-22 14:05:31,1.6,370,32
2960,9C6458,,20:30:00,23:10:00,2020-12-24 13:56:30,1.6,370,30
3010,9C6458,,20:30:00,23:10:00,2020-12-25 14:31:16,1.3,300,29
3099,9C6458,,20:30:00,23:10:00,2020-12-26 23:48:54,1.2,290,28
3111,9C6458,,20:30:00,23:10:00,2020-12-27 14:00:10,1.2,290,27
3161,9C6458,,20:30:00,23:10:00,2020-12-28 13:51:01,1.2,290,26
3218,9C6458,,20:30:00,23:10:00,2020-12-29 13:50:17,1.2,290,25
3276,9C6458,,20:30:00,23:10:00,2020-12-30 14:08:41,1.7,390,24
3334,9C6458,,20:30:00,23:10:00,2020-12-31 13:59:35,1.7,390,23
3381,9C6458,,20:30:00,23:10:00,2021-01-01 01:58:13,1.7,390,22
3392,9C6458,,20:30:00,23:10:00,2021-01-01 14:22:42,1.7,390,22
3429,9C6458,,20:30:00,23:10:00,2021-01-02 14:40:46,1.7,390,21
3467,9C6458,,20:30:00,23:10:00,2021-01-03 14:04:17,1.7,390,20
3490,9C6458,,20:30:00,23:10:00,2021-01-04 14:06:38,1.4,330,19
3568,9C6458,,20:30:00,23:10:00,2021-01-06 13:52:29,1.3,310,17
3586,9C6458,,20:30:00,23:10:00,2021-01-07 14:24:51,1.3,310,16
3623,9C6458,,20:30:00,23:10:00,2021-01-08 14:18:53,1.3,310,15
3667,9C6458,,20:30:00,23:10:00,2021-01-09 14:16:50,1.8,420,14
3720,9C6458,,20:30:00,23:10:00,2021-01-10 13:44:48,1.8,420,13
3759,9C6458,,20:30:00,23:10:00,2021-01-11 14:33:12,1.8,420,12
3773,9C6458,,20:30:00,23:10:00,2021-01-12 14:10:35,1.6,370,11
3821,9C6458,,20:30:00,23:10:00,2021-01-13 13:52:59,1.1,249,10
3839,9C6458,,20:30:00,23:10:00,2021-01-14 13:42:26,1.3,299,9
3887,9C6458,,20:30:00,23:10:00,2021-01-15 13:56:39,1.3,299,8
3938,9C6458,,20:30:00,23:10:00,2021-01-16 13:51:38,1.7,390,7
3965,9C6458,,20:30:00,23:10:00,2021-01-17 13:45:13,1.7,390,6
3994,9C6458,,20:30:00,23:10:00,2021-01-18 13:46:36,1.1,249,5
4020,9C6458,,20:30:00,23:10:00,2021-01-19 13:54:20,1.3,299,4
4072,9C6458,,20:30:00,23:10:00,2021-01-20 14:27:46,1.3,299,3
4118,9C6458,,20:30:00,23:10:00,2021-01-21 14:27:34,1.1,249,2
4142,9C6458,,20:30:00,23:10:00,2021-01-22 13:39:19,0.9,199,1
4160,9C6458,,20:30:00,23:10:00,2021-01-23 14:04:04,0.9,199,0
2230,CA1948,,12:20:00,15:15:00,2020-12-09 14:42:35,3.3,700,45
2320,CA1948,,12:20:00,15:15:00,2020-12-10 14:27:41,3.3,700,44
2365,CA1948,,12:20:00,15:15:00,2020-12-11 14:04:06,3.3,700,43
2390,CA1948,,12:20:00,15:15:00,2020-12-12 15:34:42,2.4,500,42
2474,CA1948,,12:20:00,15:15:00,2020-12-13 16:47:39,2.4,500,41
2561,CA1948,,12:20:00,15:15:00,2020-12-14 20:57:51,2.4,500,40
2591,CA1948,,12:20:00,15:15:00,2020-12-15 16:14:36,2.4,500,39
2675,CA1948,,12:20:00,15:15:00,2020-12-16 15:22:35,2.4,500,38
2702,CA1948,,12:20:00,15:15:00,2020-12-17 15:04:59,2.4,500,37
2756,CA1948,,12:20:00,15:15:00,2020-12-19 14:11:16,2.4,500,35
2810,CA1948,,12:20:00,15:15:00,2020-12-20 14:29:03,2.4,500,34
2865,CA1948,,12:20:00,15:15:00,2020-12-21 14:45:45,2.4,500,33
2917,CA1948,,12:20:00,15:15:00,2020-12-22 14:05:31,2.4,500,32
2967,CA1948,,12:20:00,15:15:00,2020-12-24 13:56:30,1.9,400,30
3017,CA1948,,12:20:00,15:15:00,2020-12-25 14:31:16,1.9,400,29
3055,CA1948,,12:20:00,15:15:00,2020-12-26 23:48:54,2.4,500,28
3118,CA1948,,12:20:00,15:15:00,2020-12-27 14:00:10,2.4,500,27
3168,CA1948,,12:20:00,15:15:00,2020-12-28 13:51:01,2.4,500,26
3227,CA1948,,12:20:00,15:15:00,2020-12-29 13:50:17,2.4,500,25
3238,CA1948,,12:20:00,15:15:00,2020-12-30 14:08:41,2.8,600,24
3327,CA1948,,12:20:00,15:10:00,2020-12-31 13:59:35,2.8,600,23
3374,CA1948,,12:20:00,15:10:00,2021-01-01 01:58:13,2.8,600,22
3401,CA1948,,12:20:00,15:10:00,2021-01-01 14:22:42,2.8,600,22
3436,CA1948,,12:20:00,15:10:00,2021-01-02 14:40:46,2.8,600,21
3463,CA1948,,12:20:00,15:10:00,2021-01-03 14:04:17,2.8,600,20
3505,CA1948,,12:20:00,15:10:00,2021-01-04 14:06:38,2.7,570,19
3527,CA1948,,12:20:00,15:10:00,2021-01-05 14:30:11,2.8,600,18
3572,CA1948,,12:20:00,15:10:00,2021-01-06 13:52:29,2.7,570,17
3604,CA1948,,12:20:00,15:10:00,2021-01-07 14:24:51,2.7,570,16
3636,CA1948,,12:20:00,15:10:00,2021-01-08 14:18:53,2.4,500,15
3676,CA1948,,12:20:00,15:10:00,2021-01-09 14:16:50,2.4,500,14
3747,CA1948,,12:20:00,15:10:00,2021-01-10 13:44:48,2.2,470,13
3766,CA1948,,12:20:00,15:10:00,2021-01-11 14:33:12,2.4,500,12
3790,CA1948,,12:20:00,15:10:00,2021-01-12 14:10:35,1.4,300,11
3805,CA1948,,12:20:00,15:10:00,2021-01-13 13:52:59,1.4,300,10
3852,CA1948,,12:20:00,15:10:00,2021-01-14 13:42:26,1.3,270,9
3900,CA1948,,12:20:00,15:10:00,2021-01-15 13:56:39,2.7,570,8
3920,CA1948,,12:20:00,15:10:00,2021-01-16 13:51:38,2.8,600,7
3952,CA1948,,12:20:00,15:10:00,2021-01-17 13:45:13,2.7,570,6
3980,CA1948,,12:20:00,15:10:00,2021-01-18 13:46:36,2.8,600,5
4034,CA1948,,12:20:00,15:10:00,2021-01-19 13:54:20,2.7,570,4
4094,CA1948,,12:20:00,15:10:00,2021-01-20 14:27:46,2.7,570,3
4133,CA1948,,12:20:00,15:10:00,2021-01-21 14:27:34,2.8,600,2
4136,CA1948,,12:20:00,15:10:00,2021-01-22 13:39:19,3.3,700,1
4179,CA1948,,12:20:00,15:10:00,2021-01-23 14:04:04,2.7,570,0
2256,CA1950,,21:05:00,23:50:00,2020-12-09 14:42:35,2.5,530,45
2309,CA1950,,21:05:00,23:50:00,2020-12-10 14:27:41,2.5,530,44
2355,CA1950,,21:05:00,23:50:00,2020-12-11 14:04:06,2.5,530,43
2401,CA1950,,21:05:00,23:50:00,2020-12-12 15:34:42,2.5,530,42
2485,CA1950,,21:05:00,23:50:00,2020-12-13 16:47:39,2.5,530,41
2550,CA1950,,21:05:00,23:50:00,2020-12-14 20:57:51,2.5,530,40
2602,CA1950,,21:05:00,23:50:00,2020-12-15 16:14:36,2.5,530,39
2652,CA1950,,21:05:00,23:50:00,2020-12-16 15:22:35,2.5,530,38
2728,CA1950,,21:05:00,23:50:00,2020-12-17 15:04:59,2.5,530,37
2765,CA1950,,21:05:00,23:50:00,2020-12-19 14:11:16,2.5,530,35
2819,CA1950,,21:05:00,23:50:00,2020-12-20 14:29:03,2.5,530,34
2874,CA1950,,21:05:00,23:50:00,2020-12-21 14:45:45,2.5,530,33
2926,CA1950,,21:05:00,23:50:00,2020-12-22 14:05:31,2.5,530,32
2976,CA1950,,21:05:00,23:50:00,2020-12-24 13:56:30,1.9,400,30
3026,CA1950,,21:05:00,23:50:00,2020-12-25 14:31:16,1.9,400,29
3084,CA1950,,21:05:00,23:50:00,2020-12-26 23:48:54,2.4,500,28
3127,CA1950,,21:05:00,23:50:00,2020-12-27 14:00:10,2.4,500,27
3176,CA1950,,21:05:00,23:50:00,2020-12-28 13:51:01,2.4,500,26
3208,CA1950,,21:05:00,23:50:00,2020-12-29 13:50:17,2.4,500,25
3248,CA1950,,21:05:00,23:50:00,2020-12-30 14:08:41,2.6,550,24
3318,CA1950,,21:05:00,23:50:00,2020-12-31 13:59:35,2.6,550,23
3365,CA1950,,21:05:00,23:50:00,2021-01-01 01:58:13,2.6,550,22
3387,CA1950,,21:05:00,23:50:00,2021-01-01 14:22:42,2.6,550,22
3445,CA1950,,21:05:00,23:50:00,2021-01-02 14:40:46,2.6,550,21
3468,CA1950,,21:05:00,23:50:00,2021-01-03 14:04:17,2.6,550,20
3498,CA1950,,21:05:00,23:50:00,2021-01-04 14:06:38,2.5,520,19
3537,CA1950,,21:05:00,23:50:00,2021-01-05 14:30:11,2.6,550,18
3558,CA1950,,21:05:00,23:50:00,2021-01-06 13:52:29,1.5,310,17
3597,CA1950,,21:05:00,23:50:00,2021-01-07 14:24:51,1.3,280,16
3629,CA1950,,21:05:00,23:50:00,2021-01-08 14:18:53,1.5,310,15
3669,CA1950,,21:05:00,23:50:00,2021-01-09 14:16:50,1.5,310,14
3732,CA1950,,21:05:00,23:50:00,2021-01-10 13:44:48,1.3,280,13
3750,CA1950,,21:05:00,23:50:00,2021-01-11 14:33:12,1.5,310,12
3778,CA1950,,21:05:00,23:50:00,2021-01-12 14:10:35,1.2,250,11
3791,CA1950,,21:05:00,23:50:00,2021-01-13 13:52:59,1.2,250,10
3861,CA1950,,21:05:00,23:50:00,2021-01-14 13:42:26,1.0,220,9
3916,CA1950,,21:05:00,23:50:00,2021-01-15 13:56:39,2.5,520,8
3933,CA1950,,21:05:00,23:50:00,2021-01-16 13:51:38,2.6,550,7
3970,CA1950,,21:05:00,23:50:00,2021-01-17 13:45:13,2.5,520,6
4004,CA1950,,21:05:00,23:50:00,2021-01-18 13:46:36,2.6,550,5
4050,CA1950,,21:05:00,23:50:00,2021-01-19 13:54:20,2.5,520,4
4056,CA1950,,21:05:00,23:50:00,2021-01-20 14:27:46,2.5,520,3
4113,CA1950,,21:05:00,23:50:00,2021-01-21 14:27:34,2.6,550,2
4147,CA1950,,21:05:00,23:50:00,2021-01-22 13:39:19,3.1,650,1
2222,CA3226,HO1120,12:40:00,15:30:00,2020-12-09 14:42:35,6.1,1290,45
2259,CA3226,HO1120,12:40:00,15:30:00,2020-12-10 14:27:41,6.1,1290,44
2324,CA3226,HO1120,12:40:00,15:30:00,2020-12-11 14:04:06,6.1,1290,43
2431,CA3226,HO1120,12:40:00,15:30:00,2020-12-12 15:34:42,6.1,1290,42
2516,CA3226,HO1120,12:40:00,15:30:00,2020-12-13 16:47:39,6.1,1290,41
2519,CA3226,HO1120,12:40:00,15:30:00,2020-12-14 20:57:51,6.1,1290,40
2633,CA3226,HO1120,12:40:00,15:30:00,2020-12-15 16:14:36,6.1,1290,39
2683,CA3226,HO1120,12:40:00,15:30:00,2020-12-16 15:22:35,6.1,1290,38
2726,CA3226,HO1120,12:40:00,15:30:00,2020-12-17 15:04:59,6.1,1290,37
2795,CA3226,HO1120,12:40:00,15:30:00,2020-12-19 14:11:16,6.1,1290,35
2850,CA3226,HO1120,12:40:00,15:30:00,2020-12-20 14:29:03,6.1,1290,34
2903,CA3226,HO1120,12:40:00,15:30:00,2020-12-21 14:45:45,6.1,1290,33
2953,CA3226,HO1120,12:40:00,15:30:00,2020-12-22 14:05:31,6.1,1290,32
3003,CA3226,HO1120,12:40:00,15:30:00,2020-12-24 13:56:30,6.1,1290,30
3053,CA3226,HO1120,12:40:00,15:30:00,2020-12-25 14:31:16,6.1,1290,29
3057,CA3226,HO1120,12:40:00,15:30:00,2020-12-26 23:48:54,6.1,1290,28
3154,CA3226,HO1120,12:40:00,15:30:00,2020-12-27 14:00:10,6.1,1290,27
3203,CA3226,HO1120,12:40:00,15:30:00,2020-12-28 13:51:01,6.1,1290,26
3234,CA3226,HO1120,12:40:00,15:30:00,2020-12-29 13:50:17,6.1,1290,25
3240,CA3226,HO1120,12:40:00,15:30:00,2020-12-30 14:08:41,6.1,1290,24
3292,CA3226,HO1120,12:40:00,15:30:00,2020-12-31 13:59:35,6.1,1290,23
3339,CA3226,HO1120,12:40:00,15:30:00,2021-01-01 01:58:13,6.1,1290,22
3418,CA3226,HO1120,12:40:00,15:30:00,2021-01-02 14:40:46,6.1,1290,21
3517,CA3226,HO1120,12:40:00,15:30:00,2021-01-04 14:06:38,6.1,1290,19
3577,CA3226,HO1120,12:40:00,15:30:00,2021-01-06 13:52:29,6.1,1290,17
3621,CA3226,HO1120,12:40:00,15:30:00,2021-01-07 14:24:51,6.1,1290,16
3648,CA3226,HO1120,12:40:00,15:30:00,2021-01-08 14:18:53,6.1,1290,15
3704,CA3226,HO1120,12:40:00,15:30:00,2021-01-09 14:16:50,6.1,1290,14
3739,CA3226,HO1120,12:40:00,15:30:00,2021-01-10 13:44:48,6.1,1290,13
3797,CA3226,HO1120,12:40:00,15:30:00,2021-01-13 13:52:59,6.1,1290,10
3867,CA3226,HO1120,12:40:00,15:30:00,2021-01-14 13:42:26,6.1,1290,9
3911,CA3226,HO1120,12:40:00,15:30:00,2021-01-15 13:56:39,1.7,350,8
3944,CA3226,HO1120,12:40:00,15:30:00,2021-01-17 13:45:13,1.7,350,6
4012,CA3226,HO1120,12:40:00,15:30:00,2021-01-18 13:46:36,1.7,350,5
4026,CA3226,HO1120,12:40:00,15:30:00,2021-01-19 13:54:20,1.7,350,4
4087,CA3226,HO1120,12:40:00,15:30:00,2021-01-20 14:27:46,1.7,350,3
4099,CA3226,HO1120,12:40:00,15:30:00,2021-01-21 14:27:34,1.7,350,2
4188,CA3226,HO1120,12:40:00,15:30:00,2021-01-23 14:04:04,1.7,350,0
2215,CA4293,,13:30:00,16:20:00,2020-12-09 14:42:35,3.3,700,45
2278,CA4293,,13:30:00,16:20:00,2020-12-10 14:27:41,3.3,700,44
2344,CA4293,,13:30:00,16:20:00,2020-12-11 14:04:06,3.3,700,43
2411,CA4293,,13:25:00,16:20:00,2020-12-12 15:34:42,2.4,500,42
2496,CA4293,,13:25:00,16:20:00,2020-12-13 16:47:39,2.4,500,41
2539,CA4293,,13:25:00,16:20:00,2020-12-14 20:57:51,2.4,500,40
2613,CA4293,,13:25:00,16:20:00,2020-12-15 16:14:36,2.4,500,39
2662,CA4293,,13:25:00,16:20:00,2020-12-16 15:22:35,2.4,500,38
2739,CA4293,,13:25:00,16:20:00,2020-12-17 15:04:59,2.4,500,37
2776,CA4293,,13:25:00,16:20:00,2020-12-19 14:11:16,2.4,500,35
2830,CA4293,,13:25:00,16:20:00,2020-12-20 14:29:03,2.4,500,34
2885,CA4293,,13:25:00,16:20:00,2020-12-21 14:45:45,2.4,500,33
2934,CA4293,,13:25:00,16:20:00,2020-12-22 14:05:31,2.4,500,32
2984,CA4293,,13:25:00,16:20:00,2020-12-24 13:56:30,1.9,400,30
3034,CA4293,,13:25:00,16:20:00,2020-12-25 14:31:16,1.9,400,29
3076,CA4293,,13:25:00,16:20:00,2020-12-26 23:48:54,2.4,500,28
3135,CA4293,,13:25:00,16:20:00,2020-12-27 14:00:10,2.4,500,27
3184,CA4293,,13:25:00,16:20:00,2020-12-28 13:51:01,2.4,500,26
3216,CA4293,,13:25:00,16:20:00,2020-12-29 13:50:17,2.4,500,25
3256,CA4293,,13:25:00,16:20:00,2020-12-30 14:08:41,2.8,600,24
3310,CA4293,,13:25:00,16:20:00,2020-12-31 13:59:35,2.8,600,23
3357,CA4293,,13:25:00,16:20:00,2021-01-01 01:58:13,2.8,600,22
3390,CA4293,,13:25:00,16:20:00,2021-01-01 14:22:42,2.8,600,22
3453,CA4293,,13:25:00,16:20:00,2021-01-02 14:40:46,2.8,600,21
3458,CA4293,,13:25:00,16:20:00,2021-01-03 14:04:17,2.8,600,20
3485,CA4293,,13:25:00,16:20:00,2021-01-04 14:06:38,2.7,570,19
3534,CA4293,,13:25:00,16:20:00,2021-01-05 14:30:11,2.8,600,18
3551,CA4293,,13:25:00,16:20:00,2021-01-06 13:52:29,2.7,570,17
3622,CA4293,,13:25:00,16:20:00,2021-01-07 14:24:51,2.7,570,16
3663,CA4293,,13:25:00,16:20:00,2021-01-08 14:18:53,2.4,500,15
3698,CA4293,,13:25:00,16:20:00,2021-01-09 14:16:50,2.4,500,14
3723,CA4293,,13:25:00,16:20:00,2021-01-10 13:44:48,2.2,470,13
3757,CA4293,,13:25:00,16:20:00,2021-01-11 14:33:12,2.4,500,12
3775,CA4293,,13:25:00,16:20:00,2021-01-12 14:10:35,1.4,300,11
3824,CA4293,,13:25:00,16:20:00,2021-01-13 13:52:59,1.4,300,10
3845,CA4293,,13:25:00,16:20:00,2021-01-14 13:42:26,1.3,270,9
3890,CA4293,,13:25:00,16:20:00,2021-01-15 13:56:39,2.7,570,8
3936,CA4293,,13:25:00,16:20:00,2021-01-16 13:51:38,2.8,600,7
3977,CA4293,,13:25:00,16:20:00,2021-01-17 13:45:13,2.7,570,6
3997,CA4293,,13:25:00,16:20:00,2021-01-18 13:46:36,2.8,600,5
4017,CA4293,,13:25:00,16:20:00,2021-01-19 13:54:20,2.7,570,4
4075,CA4293,,13:25:00,16:20:00,2021-01-20 14:27:46,2.7,570,3
4102,CA4293,,13:25:00,16:20:00,2021-01-21 14:27:34,2.8,600,2
4143,CA4293,,13:25:00,16:20:00,2021-01-22 13:39:19,3.3,700,1
2224,CA4479,,16:15:00,20:45:00,2020-12-09 14:42:35,4.2,900,45
2317,CA4479,,16:15:00,20:45:00,2020-12-10 14:27:41,4.2,900,44
2362,CA4479,,16:15:00,20:45:00,2020-12-11 14:04:06,4.2,900,43
2393,CA4479,,16:15:00,20:45:00,2020-12-12 15:34:42,4.2,900,42
2477,CA4479,,16:15:00,20:45:00,2020-12-13 16:47:39,4.0,850,41
2558,CA4479,,16:15:00,20:45:00,2020-12-14 20:57:51,4.2,900,40
2594,CA4479,,16:15:00,20:45:00,2020-12-15 16:14:36,4.2,900,39
2680,CA4479,,16:15:00,20:45:00,2020-12-16 15:22:35,4.2,900,38
2704,CA4479,,16:15:00,20:45:00,2020-12-17 15:04:59,4.2,900,37
2758,CA4479,,16:15:00,20:45:00,2020-12-19 14:11:16,4.2,900,35
2812,CA4479,,16:15:00,20:45:00,2020-12-20 14:29:03,4.2,900,34
2867,CA4479,,16:15:00,20:45:00,2020-12-21 14:45:45,4.2,900,33
2919,CA4479,,16:15:00,20:45:00,2020-12-22 14:05:31,4.2,900,32
2969,CA4479,,16:15:00,20:45:00,2020-12-24 13:56:30,1.9,400,30
3019,CA4479,,16:15:00,20:45:00,2020-12-25 14:31:16,1.9,400,29
3091,CA4479,,16:15:00,20:45:00,2020-12-26 23:48:54,2.4,500,28
3120,CA4479,,16:15:00,20:45:00,2020-12-27 14:00:10,2.4,500,27
3169,CA4479,,16:15:00,20:45:00,2020-12-28 13:51:01,2.4,500,26
3232,CA4479,,16:15:00,20:45:00,2020-12-29 13:50:17,2.4,500,25
3241,CA4479,,16:15:00,20:45:00,2020-12-30 14:08:41,2.4,500,24
3325,CA4479,,16:15:00,20:45:00,2020-12-31 13:59:35,2.4,500,23
3372,CA4479,,16:15:00,20:45:00,2021-01-01 01:58:13,2.4,500,22
3405,CA4479,,16:15:00,20:45:00,2021-01-01 14:22:42,2.4,500,22
3438,CA4479,,16:15:00,20:45:00,2021-01-02 14:40:46,2.4,500,21
3460,CA4479,,16:15:00,20:45:00,2021-01-03 14:04:17,2.4,500,20
3507,CA4479,,16:15:00,20:45:00,2021-01-04 14:06:38,2.2,470,19
3523,CA4479,,16:15:00,20:45:00,2021-01-05 14:30:11,2.4,500,18
3563,CA4479,,16:15:00,20:45:00,2021-01-06 13:52:29,2.2,470,17
3602,CA4479,,16:15:00,20:45:00,2021-01-07 14:24:51,2.2,470,16
3634,CA4479,,16:15:00,20:45:00,2021-01-08 14:18:53,3.3,700,15
3674,CA4479,,16:15:00,20:45:00,2021-01-09 14:16:50,4.2,900,14
3742,CA4479,,16:15:00,20:45:00,2021-01-10 13:44:48,4.1,870,13
3753,CA4479,,16:15:00,20:45:00,2021-01-11 14:33:12,4.1,860,12
3780,CA4479,,16:15:00,20:45:00,2021-01-12 14:10:35,4.1,860,11
3800,CA4479,,16:15:00,20:45:00,2021-01-13 13:52:59,4.2,900,10
3854,CA4479,,16:15:00,20:45:00,2021-01-14 13:42:26,4.3,920,9
3895,CA4479,,16:15:00,20:45:00,2021-01-15 13:56:39,4.0,850,8
3924,CA4479,,16:15:00,20:45:00,2021-01-16 13:51:38,4.1,860,7
3947,CA4479,,16:15:00,20:45:00,2021-01-17 13:45:13,4.3,920,6
4009,CA4479,,16:15:00,20:45:00,2021-01-18 13:46:36,4.5,950,5
4029,CA4479,,16:15:00,20:45:00,2021-01-19 13:54:20,4.3,920,4
4084,CA4479,,16:15:00,20:45:00,2021-01-20 14:27:46,4.3,920,3
4096,CA4479,,16:15:00,20:45:00,2021-01-21 14:27:34,4.5,950,2
4156,CA4479,,16:15:00,20:45:00,2021-01-22 13:39:19,4.1,860,1
4200,CA4479,,16:15:00,20:45:00,2021-01-23 14:04:04,4.0,850,0
2229,CA4503,,08:00:00,10:40:00,2020-12-09 14:42:35,2.1,450,45
2319,CA4503,,08:00:00,10:40:00,2020-12-10 14:27:41,2.1,450,44
2364,CA4503,,08:00:00,10:40:00,2020-12-11 14:04:06,2.1,450,43
2391,CA4503,,08:00:00,10:40:00,2020-12-12 15:34:42,2.5,530,42
2475,CA4503,,08:00:00,10:40:00,2020-12-13 16:47:39,2.5,530,41
2560,CA4503,,08:00:00,10:40:00,2020-12-14 20:57:51,2.5,530,40
2592,CA4503,,08:00:00,10:40:00,2020-12-15 16:14:36,2.5,530,39
2676,CA4503,,08:00:00,10:40:00,2020-12-16 15:22:35,2.5,530,38
2703,CA4503,,08:00:00,10:40:00,2020-12-17 15:04:59,2.5,530,37
2757,CA4503,,08:00:00,10:40:00,2020-12-19 14:11:16,2.5,530,35
2811,CA4503,,08:00:00,10:40:00,2020-12-20 14:29:03,2.5,530,34
2866,CA4503,,08:00:00,10:40:00,2020-12-21 14:45:45,2.5,530,33
2918,CA4503,,08:00:00,10:40:00,2020-12-22 14:05:31,2.5,530,32
2968,CA4503,,08:00:00,10:40:00,2020-12-24 13:56:30,1.9,400,30
3018,CA4503,,08:00:00,10:40:00,2020-12-25 14:31:16,1.9,400,29
3092,CA4503,,08:00:00,10:40:00,2020-12-26 23:48:54,2.4,500,28
3119,CA4503,,08:00:00,10:40:00,2020-12-27 14:00:10,2.4,500,27
3155,CA4503,,08:00:00,10:40:00,2020-12-28 13:51:01,2.4,500,26
3228,CA4503,,08:00:00,10:40:00,2020-12-29 13:50:17,2.4,500,25
3239,CA4503,,08:00:00,10:40:00,2020-12-30 14:08:41,2.6,550,24
3326,CA4503,,08:00:00,10:40:00,2020-12-31 13:59:35,2.6,550,23
3373,CA4503,,08:00:00,10:40:00,2021-01-01 01:58:13,2.6,550,22
3402,CA4503,,08:00:00,10:40:00,2021-01-01 14:22:42,2.6,550,22
3437,CA4503,,08:00:00,10:40:00,2021-01-02 14:40:46,2.6,550,21
3462,CA4503,,08:00:00,10:40:00,2021-01-03 14:04:17,2.6,550,20
3506,CA4503,,08:00:00,10:40:00,2021-01-04 14:06:38,1.5,310,19
3526,CA4503,,08:00:00,10:40:00,2021-01-05 14:30:11,1.5,310,18
3564,CA4503,,08:00:00,10:40:00,2021-01-06 13:52:29,1.3,280,17
3603,CA4503,,08:00:00,10:40:00,2021-01-07 14:24:51,1.3,280,16
3635,CA4503,,08:00:00,10:40:00,2021-01-08 14:18:53,1.5,310,15
3675,CA4503,,08:00:00,10:40:00,2021-01-09 14:16:50,1.5,310,14
3746,CA4503,,08:00:00,10:40:00,2021-01-10 13:44:48,1.3,280,13
3767,CA4503,,08:00:00,10:40:00,2021-01-11 14:33:12,1.5,310,12
3770,CA4503,,08:00:00,10:40:00,2021-01-12 14:10:35,1.2,250,11
3804,CA4503,,08:00:00,10:40:00,2021-01-13 13:52:59,1.2,250,10
3853,CA4503,,08:00:00,10:40:00,2021-01-14 13:42:26,1.0,220,9
3899,CA4503,,08:00:00,10:40:00,2021-01-15 13:56:39,2.5,520,8
3927,CA4503,,08:00:00,10:40:00,2021-01-16 13:51:38,2.6,550,7
3951,CA4503,,08:00:00,10:40:00,2021-01-17 13:45:13,2.5,520,6
3979,CA4503,,08:00:00,10:40:00,2021-01-18 13:46:36,2.6,550,5
4033,CA4503,,08:00:00,10:40:00,2021-01-19 13:54:20,2.5,520,4
4093,CA4503,,08:00:00,10:40:00,2021-01-20 14:27:46,2.5,520,3
4134,CA4503,,08:00:00,10:40:00,2021-01-21 14:27:34,2.6,550,2
4137,CA4503,,08:00:00,10:40:00,2021-01-22 13:39:19,3.1,650,1
4196,CA4503,,08:00:00,10:40:00,2021-01-23 14:04:04,2.5,520,0
2223,CA4513,,10:20:00,13:05:00,2020-12-09 14:42:35,2.8,590,45
2315,CA4513,,10:20:00,13:05:00,2020-12-10 14:27:41,2.8,590,44
2360,CA4513,,10:20:00,13:05:00,2020-12-11 14:04:06,2.8,590,43
2395,CA4513,,10:20:00,13:05:00,2020-12-12 15:34:42,2.4,500,42
2479,CA4513,,10:20:00,13:05:00,2020-12-13 16:47:39,2.4,500,41
2556,CA4513,,10:20:00,13:05:00,2020-12-14 20:57:51,2.4,500,40
2596,CA4513,,10:20:00,13:05:00,2020-12-15 16:14:36,2.4,500,39
2682,CA4513,,10:20:00,13:05:00,2020-12-16 15:22:35,2.4,500,38
2706,CA4513,,10:20:00,13:05:00,2020-12-17 15:04:59,2.4,500,37
2760,CA4513,,10:20:00,13:05:00,2020-12-19 14:11:16,2.4,500,35
2814,CA4513,,10:20:00,13:05:00,2020-12-20 14:29:03,2.4,500,34
2869,CA4513,,10:20:00,13:05:00,2020-12-21 14:45:45,2.4,500,33
2921,CA4513,,10:20:00,13:05:00,2020-12-22 14:05:31,2.4,500,32
2971,CA4513,,10:20:00,13:05:00,2020-12-24 13:56:30,1.9,400,30
3021,CA4513,,10:20:00,13:05:00,2020-12-25 14:31:16,1.9,400,29
3089,CA4513,,10:20:00,13:05:00,2020-12-26 23:48:54,2.4,500,28
3122,CA4513,,10:20:00,13:05:00,2020-12-27 14:00:10,2.4,500,27
3171,CA4513,,10:20:00,13:05:00,2020-12-28 13:51:01,2.4,500,26
3233,CA4513,,10:20:00,13:05:00,2020-12-29 13:50:17,2.4,500,25
3243,CA4513,,10:20:00,13:05:00,2020-12-30 14:08:41,2.8,600,24
3323,CA4513,,10:20:00,13:05:00,2020-12-31 13:59:35,2.8,600,23
3370,CA4513,,10:20:00,13:05:00,2021-01-01 01:58:13,2.8,600,22
3406,CA4513,,10:20:00,13:05:00,2021-01-01 14:22:42,2.8,600,22
3440,CA4513,,10:20:00,13:05:00,2021-01-02 14:40:46,2.8,600,21
3459,CA4513,,10:20:00,13:05:00,2021-01-03 14:04:17,2.8,600,20
3509,CA4513,,10:20:00,13:05:00,2021-01-04 14:06:38,2.7,570,19
3522,CA4513,,10:20:00,13:05:00,2021-01-05 14:30:11,2.8,600,18
3562,CA4513,,10:20:00,13:05:00,2021-01-06 13:52:29,2.7,570,17
3601,CA4513,,10:20:00,13:05:00,2021-01-07 14:24:51,2.7,570,16
3633,CA4513,,10:20:00,13:05:00,2021-01-08 14:18:53,2.4,500,15
3673,CA4513,,10:20:00,13:05:00,2021-01-09 14:16:50,2.4,500,14
3741,CA4513,,10:20:00,13:05:00,2021-01-10 13:44:48,2.2,470,13
3754,CA4513,,10:20:00,13:05:00,2021-01-11 14:33:12,2.4,500,12
3782,CA4513,,10:20:00,13:05:00,2021-01-12 14:10:35,1.4,300,11
3799,CA4513,,10:20:00,13:05:00,2021-01-13 13:52:59,1.4,300,10
3856,CA4513,,10:20:00,13:05:00,2021-01-14 13:42:26,1.3,270,9
3912,CA4513,,10:20:00,13:05:00,2021-01-15 13:56:39,2.7,570,8
3923,CA4513,,10:20:00,13:05:00,2021-01-16 13:51:38,2.8,600,7
3945,CA4513,,10:20:00,13:05:00,2021-01-17 13:45:13,2.7,570,6
4011,CA4513,,10:20:00,13:05:00,2021-01-18 13:46:36,2.8,600,5
4028,CA4513,,10:20:00,13:05:00,2021-01-19 13:54:20,2.7,570,4
4086,CA4513,,10:20:00,13:05:00,2021-01-20 14:27:46,2.7,570,3
4098,CA4513,,10:20:00,13:05:00,2021-01-21 14:27:34,2.8,600,2
4154,CA4513,,10:20:00,13:05:00,2021-01-22 13:39:19,3.3,700,1
4198,CA4513,,10:20:00,13:05:00,2021-01-23 14:04:04,2.7,570,0
2236,CA4535,,17:25:00,20:15:00,2020-12-09 14:42:35,4.2,900,45
2291,CA4535,,17:25:00,20:15:00,2020-12-10 14:27:41,4.2,900,44
2369,CA4535,,17:25:00,20:15:00,2020-12-11 14:04:06,2.8,600,43
2433,CA4535,,17:25:00,20:15:00,2020-12-12 15:34:42,2.4,500,42
2470,CA4535,,17:25:00,20:15:00,2020-12-13 16:47:39,2.4,500,41
2565,CA4535,,17:25:00,20:15:00,2020-12-14 20:57:51,2.4,500,40
2587,CA4535,,17:25:00,20:15:00,2020-12-15 16:14:36,2.4,500,39
2670,CA4535,,17:25:00,20:15:00,2020-12-16 15:22:35,2.4,500,38
2700,CA4535,,17:25:00,20:15:00,2020-12-17 15:04:59,2.4,500,37
2754,CA4535,,17:25:00,20:15:00,2020-12-19 14:11:16,2.4,500,35
2808,CA4535,,17:25:00,20:15:00,2020-12-20 14:29:03,2.4,500,34
2863,CA4535,,17:25:00,20:15:00,2020-12-21 14:45:45,2.4,500,33
2915,CA4535,,17:25:00,20:15:00,2020-12-22 14:05:31,2.4,500,32
2965,CA4535,,17:25:00,20:15:00,2020-12-24 13:56:30,1.9,400,30
3015,CA4535,,17:25:00,20:15:00,2020-12-25 14:31:16,1.9,400,29
3094,CA4535,,17:25:00,20:15:00,2020-12-26 23:48:54,2.4,500,28
3116,CA4535,,17:25:00,20:15:00,2020-12-27 14:00:10,2.4,500,27
3166,CA4535,,17:25:00,20:15:00,2020-12-28 13:51:01,2.4,500,26
3222,CA4535,,17:25:00,20:15:00,2020-12-29 13:50:17,2.4,500,25
3280,CA4535,,17:25:00,20:15:00,2020-12-30 14:08:41,2.8,600,24
3329,CA4535,,17:25:00,20:15:00,2020-12-31 13:59:35,2.8,600,23
3376,CA4535,,17:25:00,20:15:00,2021-01-01 01:58:13,2.8,600,22
3396,CA4535,,17:25:00,20:15:00,2021-01-01 14:22:42,2.8,600,22
3434,CA4535,,17:25:00,20:15:00,2021-01-02 14:40:46,2.8,600,21
3465,CA4535,,17:25:00,20:15:00,2021-01-03 14:04:17,2.8,600,20
3503,CA4535,,17:25:00,20:15:00,2021-01-04 14:06:38,2.7,570,19
3531,CA4535,,17:25:00,20:15:00,2021-01-05 14:30:11,2.8,600,18
3571,CA4535,,17:25:00,20:15:00,2021-01-06 13:52:29,2.7,570,17
3589,CA4535,,17:25:00,20:15:00,2021-01-07 14:24:51,2.7,570,16
3638,CA4535,,17:25:00,20:15:00,2021-01-08 14:18:53,2.4,500,15
3678,CA4535,,17:25:00,20:15:00,2021-01-09 14:16:50,2.4,500,14
3713,CA4535,,17:25:00,20:15:00,2021-01-10 13:44:48,2.2,470,13
3762,CA4535,,17:25:00,20:15:00,2021-01-11 14:33:12,2.4,500,12
3786,CA4535,,17:25:00,20:15:00,2021-01-12 14:10:35,1.4,300,11
3814,CA4535,,17:25:00,20:15:00,2021-01-13 13:52:59,1.4,300,10
3850,CA4535,,17:25:00,20:15:00,2021-01-14 13:42:26,1.3,270,9
3908,CA4535,,17:25:00,20:15:00,2021-01-15 13:56:39,2.7,570,8
3931,CA4535,,17:25:00,20:15:00,2021-01-16 13:51:38,2.8,600,7
3959,CA4535,,17:25:00,20:15:00,2021-01-17 13:45:13,2.7,570,6
3988,CA4535,,17:25:00,20:15:00,2021-01-18 13:46:36,2.8,600,5
4043,CA4535,,17:25:00,20:15:00,2021-01-19 13:54:20,2.7,570,4
4066,CA4535,,17:25:00,20:15:00,2021-01-20 14:27:46,2.7,570,3
4124,CA4535,,17:25:00,20:15:00,2021-01-21 14:27:34,2.8,600,2
4149,CA4535,,17:25:00,20:15:00,2021-01-22 13:39:19,3.3,700,1
4171,CA4535,,17:25:00,20:15:00,2021-01-23 14:04:04,2.7,570,0
2218,CA4591,,19:20:00,22:10:00,2020-12-09 14:42:35,3.3,700,45
2276,CA4591,,19:20:00,22:10:00,2020-12-10 14:27:41,3.3,700,44
2342,CA4591,,19:20:00,22:10:00,2020-12-11 14:04:06,3.3,700,43
2413,CA4591,,19:20:00,22:10:00,2020-12-12 15:34:42,2.4,500,42
2498,CA4591,,19:20:00,22:10:00,2020-12-13 16:47:39,2.4,500,41
2537,CA4591,,19:20:00,22:10:00,2020-12-14 20:57:51,2.4,500,40
2615,CA4591,,19:20:00,22:10:00,2020-12-15 16:14:36,2.4,500,39
2665,CA4591,,19:20:00,22:10:00,2020-12-16 15:22:35,2.4,500,38
2741,CA4591,,19:20:00,22:10:00,2020-12-17 15:04:59,2.4,500,37
2778,CA4591,,19:20:00,22:10:00,2020-12-19 14:11:16,2.4,500,35
2832,CA4591,,19:20:00,22:10:00,2020-12-20 14:29:03,2.4,500,34
2887,CA4591,,19:20:00,22:10:00,2020-12-21 14:45:45,2.4,500,33
2936,CA4591,,19:20:00,22:10:00,2020-12-22 14:05:31,2.4,500,32
2986,CA4591,,19:20:00,22:10:00,2020-12-24 13:56:30,1.9,400,30
3036,CA4591,,19:20:00,22:10:00,2020-12-25 14:31:16,1.9,400,29
3074,CA4591,,19:20:00,22:10:00,2020-12-26 23:48:54,2.4,500,28
3137,CA4591,,19:20:00,22:10:00,2020-12-27 14:00:10,2.4,500,27
3186,CA4591,,19:20:00,22:10:00,2020-12-28 13:51:01,2.4,500,26
3219,CA4591,,19:20:00,22:10:00,2020-12-29 13:50:17,2.4,500,25
3258,CA4591,,19:20:00,22:10:00,2020-12-30 14:08:41,2.8,600,24
3308,CA4591,,19:20:00,22:10:00,2020-12-31 13:59:35,2.8,600,23
3355,CA4591,,19:20:00,22:10:00,2021-01-01 01:58:13,2.8,600,22
3394,CA4591,,19:20:00,22:10:00,2021-01-01 14:22:42,2.8,600,22
3455,CA4591,,19:20:00,22:10:00,2021-01-02 14:40:46,2.8,600,21
3466,CA4591,,19:20:00,22:10:00,2021-01-03 14:04:17,2.8,600,20
3483,CA4591,,19:20:00,22:10:00,2021-01-04 14:06:38,2.7,570,19
3532,CA4591,,19:20:00,22:10:00,2021-01-05 14:30:11,2.8,600,18
3549,CA4591,,19:20:00,22:10:00,2021-01-06 13:52:29,2.7,570,17
3607,CA4591,,19:20:00,22:10:00,2021-01-07 14:24:51,2.7,570,16
3646,CA4591,,19:20:00,22:10:00,2021-01-08 14:18:53,2.4,500,15
3696,CA4591,,19:20:00,22:10:00,2021-01-09 14:16:50,2.4,500,14
3719,CA4591,,19:20:00,22:10:00,2021-01-10 13:44:48,2.2,470,13
3760,CA4591,,19:20:00,22:10:00,2021-01-11 14:33:12,2.4,500,12
3781,CA4591,,19:20:00,22:10:00,2021-01-12 14:10:35,1.4,300,11
3820,CA4591,,19:20:00,22:10:00,2021-01-13 13:52:59,1.4,300,10
3847,CA4591,,19:20:00,22:10:00,2021-01-14 13:42:26,1.3,270,9
3886,CA4591,,19:20:00,22:10:00,2021-01-15 13:56:39,2.7,570,8
3939,CA4591,,19:20:00,22:10:00,2021-01-16 13:51:38,2.8,600,7
3964,CA4591,,19:20:00,22:10:00,2021-01-17 13:45:13,2.7,570,6
3993,CA4591,,19:20:00,22:10:00,2021-01-18 13:46:36,2.8,600,5
4021,CA4591,,19:20:00,22:10:00,2021-01-19 13:54:20,2.7,570,4
4071,CA4591,,19:20:00,22:10:00,2021-01-20 14:27:46,2.7,570,3
4119,CA4591,,19:20:00,22:10:00,2021-01-21 14:27:34,2.8,600,2
4139,CA4591,,19:20:00,22:10:00,2021-01-22 13:39:19,3.3,700,1
4162,CA4591,,19:20:00,22:10:00,2021-01-23 14:04:04,2.7,570,0
2226,CZ3350,,12:50:00,15:45:00,2020-12-09 14:42:35,2.6,500,45
2261,CZ3350,,12:50:00,15:45:00,2020-12-10 14:27:41,2.6,500,44
2326,CZ3350,,12:50:00,15:45:00,2020-12-11 14:04:06,2.6,500,43
2429,CZ3350,,12:50:00,15:45:00,2020-12-12 15:34:42,2.6,500,42
2514,CZ3350,,12:50:00,15:45:00,2020-12-13 16:47:39,2.6,500,41
2521,CZ3350,,12:50:00,15:45:00,2020-12-14 20:57:51,2.6,500,40
2631,CZ3350,,12:50:00,15:45:00,2020-12-15 16:14:36,2.6,500,39
2679,CZ3350,,12:50:00,15:45:00,2020-12-16 15:22:35,2.6,500,38
2724,CZ3350,,12:50:00,15:45:00,2020-12-17 15:04:59,2.6,500,37
2793,CZ3350,,12:50:00,15:45:00,2020-12-19 14:11:16,2.6,500,35
2849,CZ3350,,12:50:00,15:45:00,2020-12-20 14:29:03,2.6,500,34
2901,CZ3350,,12:50:00,15:45:00,2020-12-21 14:45:45,2.6,500,33
2951,CZ3350,,12:50:00,15:45:00,2020-12-22 14:05:31,2.6,500,32
3001,CZ3350,,12:50:00,15:45:00,2020-12-24 13:56:30,2.1,400,30
3051,CZ3350,,12:50:00,15:45:00,2020-12-25 14:31:16,2.1,400,29
3059,CZ3350,,12:50:00,15:45:00,2020-12-26 23:48:54,1.8,350,28
3152,CZ3350,,12:50:00,15:45:00,2020-12-27 14:00:10,1.8,350,27
3201,CZ3350,,12:50:00,15:45:00,2020-12-28 13:51:01,1.8,350,26
3231,CZ3350,,12:50:00,15:45:00,2020-12-29 13:50:17,1.8,350,25
3274,CZ3350,,12:50:00,15:45:00,2020-12-30 14:08:41,3.1,600,24
3294,CZ3350,,12:50:00,15:45:00,2020-12-31 13:59:35,3.1,600,23
3341,CZ3350,,12:50:00,15:45:00,2021-01-01 01:58:13,3.1,600,22
3404,CZ3350,,12:50:00,15:45:00,2021-01-01 14:22:42,3.1,600,22
3416,CZ3350,,12:50:00,15:45:00,2021-01-02 14:40:46,1.6,314,21
3461,CZ3350,,12:50:00,15:45:00,2021-01-03 14:04:17,1.8,350,20
3514,CZ3350,,12:50:00,15:45:00,2021-01-04 14:06:38,1.8,350,19
3524,CZ3350,,12:50:00,15:45:00,2021-01-05 14:30:11,1.8,350,18
3576,CZ3350,,12:50:00,15:45:00,2021-01-06 13:52:29,1.8,350,17
3620,CZ3350,,12:50:00,15:45:00,2021-01-07 14:24:51,1.8,350,16
3649,CZ3350,,12:50:00,15:45:00,2021-01-08 14:18:53,3.1,600,15
3705,CZ3350,,12:50:00,15:45:00,2021-01-09 14:16:50,1.8,350,14
3743,CZ3350,,12:50:00,15:45:00,2021-01-10 13:44:48,1.8,350,13
3752,CZ3350,,12:50:00,15:45:00,2021-01-11 14:33:12,1.8,350,12
3772,CZ3350,,12:50:00,15:45:00,2021-01-12 14:10:35,1.6,300,11
3801,CZ3350,,12:50:00,15:45:00,2021-01-13 13:52:59,1.4,264,10
3869,CZ3350,,12:50:00,15:45:00,2021-01-14 13:42:26,1.4,270,9
3896,CZ3350,,12:50:00,15:45:00,2021-01-15 13:56:39,2.8,542,8
3925,CZ3350,,12:50:00,15:45:00,2021-01-16 13:51:38,3.1,600,7
3948,CZ3350,,12:50:00,15:45:00,2021-01-17 13:45:13,3.1,600,6
4008,CZ3350,,12:50:00,15:45:00,2021-01-18 13:46:36,3.1,600,5
4030,CZ3350,,12:50:00,15:45:00,2021-01-19 13:54:20,2.9,560,4
4089,CZ3350,,12:50:00,15:45:00,2021-01-20 14:27:46,2.4,470,3
4105,CZ3350,,12:50:00,15:45:00,2021-01-21 14:27:34,2.9,560,2
4155,CZ3350,,12:50:00,15:45:00,2021-01-22 13:39:19,3.6,700,1
4192,CZ3350,,12:50:00,15:45:00,2021-01-23 14:04:04,3.1,600,0
2233,CZ3360,,21:35:00,00:25:00,2020-12-09 14:42:35,2.6,500,45
2269,CZ3360,,21:35:00,00:25:00,2020-12-10 14:27:41,2.6,500,44
2334,CZ3360,,21:35:00,00:25:00,2020-12-11 14:04:06,2.6,500,43
2421,CZ3360,,21:35:00,00:25:00,2020-12-12 15:34:42,2.6,500,42
2506,CZ3360,,21:35:00,00:25:00,2020-12-13 16:47:39,2.6,500,41
2529,CZ3360,,21:35:00,00:25:00,2020-12-14 20:57:51,2.6,500,40
2623,CZ3360,,21:35:00,00:25:00,2020-12-15 16:14:36,2.6,500,39
2672,CZ3360,,21:35:00,00:25:00,2020-12-16 15:22:35,2.6,500,38
2717,CZ3360,,21:35:00,00:25:00,2020-12-17 15:04:59,2.6,500,37
2786,CZ3360,,21:35:00,00:25:00,2020-12-19 14:11:16,2.6,500,35
2842,CZ3360,,21:35:00,00:25:00,2020-12-20 14:29:03,2.6,500,34
2895,CZ3360,,21:35:00,00:25:00,2020-12-21 14:45:45,2.6,500,33
2941,CZ3360,,21:35:00,00:25:00,2020-12-22 14:05:31,2.6,500,32
2991,CZ3360,,21:35:00,00:25:00,2020-12-24 13:56:30,2.1,400,30
3041,CZ3360,,21:35:00,00:25:00,2020-12-25 14:31:16,2.1,400,29
3069,CZ3360,,21:35:00,00:25:00,2020-12-26 23:48:54,1.8,350,28
3142,CZ3360,,21:35:00,00:25:00,2020-12-27 14:00:10,1.8,350,27
3191,CZ3360,,21:35:00,00:25:00,2020-12-28 13:51:01,1.8,350,26
3224,CZ3360,,21:35:00,00:25:00,2020-12-29 13:50:17,1.8,350,25
3264,CZ3360,,21:35:00,00:25:00,2020-12-30 14:08:41,2.8,550,24
3304,CZ3360,,21:35:00,00:25:00,2020-12-31 13:59:35,2.8,550,23
3350,CZ3360,,21:35:00,00:25:00,2021-01-01 01:58:13,2.7,520,22
3399,CZ3360,,21:35:00,00:25:00,2021-01-01 14:22:42,2.8,550,22
3423,CZ3360,,21:35:00,00:25:00,2021-01-02 14:40:46,1.6,314,21
3464,CZ3360,,21:35:00,00:25:00,2021-01-03 14:04:17,1.8,350,20
3478,CZ3360,,21:35:00,00:25:00,2021-01-04 14:06:38,1.8,350,19
3529,CZ3360,,21:35:00,00:25:00,2021-01-05 14:30:11,1.8,350,18
3545,CZ3360,,21:35:00,00:25:00,2021-01-06 13:52:29,1.5,280,17
3611,CZ3360,,21:35:00,00:25:00,2021-01-07 14:24:51,1.5,280,16
3658,CZ3360,,21:35:00,00:25:00,2021-01-08 14:18:53,2.8,550,15
3692,CZ3360,,21:35:00,00:25:00,2021-01-09 14:16:50,1.5,280,14
3709,CZ3360,,21:35:00,00:25:00,2021-01-10 13:44:48,1.5,280,13
3764,CZ3360,,21:35:00,00:25:00,2021-01-11 14:33:12,1.5,280,12
3788,CZ3360,,21:35:00,00:25:00,2021-01-12 14:10:35,1.0,200,11
3810,CZ3360,,21:35:00,00:25:00,2021-01-13 13:52:59,1.0,200,10
3879,CZ3360,,21:35:00,00:25:00,2021-01-14 13:42:26,1.0,200,9
3904,CZ3360,,21:35:00,00:25:00,2021-01-15 13:56:39,2.6,493,8
3929,CZ3360,,21:35:00,00:25:00,2021-01-16 13:51:38,2.8,550,7
3956,CZ3360,,21:35:00,00:25:00,2021-01-17 13:45:13,2.8,550,6
3984,CZ3360,,21:35:00,00:25:00,2021-01-18 13:46:36,2.8,550,5
4039,CZ3360,,21:35:00,00:25:00,2021-01-19 13:54:20,2.6,510,4
4063,CZ3360,,21:35:00,00:25:00,2021-01-20 14:27:46,2.2,420,3
4128,CZ3360,,21:35:00,00:25:00,2021-01-21 14:27:34,2.6,510,2
4151,CZ3360,,21:35:00,00:25:00,2021-01-22 13:39:19,3.4,650,1
4174,CZ3360,,21:35:00,00:25:00,2021-01-23 14:04:04,2.8,550,0
2268,CZ9553,3U8961,07:40:00,10:30:00,2020-12-10 14:27:41,1.8,410,44
2333,CZ9553,3U8961,07:40:00,10:30:00,2020-12-11 14:04:06,1.8,410,43
2422,CZ9553,3U8961,07:40:00,10:30:00,2020-12-12 15:34:42,1.8,410,42
2507,CZ9553,3U8961,07:40:00,10:30:00,2020-12-13 16:47:39,1.8,410,41
2528,CZ9553,3U8961,07:40:00,10:30:00,2020-12-14 20:57:51,1.8,410,40
2624,CZ9553,3U8961,07:40:00,10:30:00,2020-12-15 16:14:36,1.8,410,39
2718,CZ9553,3U8961,07:40:00,10:30:00,2020-12-17 15:04:59,1.9,450,37
2787,CZ9553,3U8961,07:40:00,10:30:00,2020-12-19 14:11:16,1.8,410,35
2843,CZ9553,3U8961,07:40:00,10:30:00,2020-12-20 14:29:03,1.8,410,34
2896,CZ9553,3U8961,07:40:00,10:30:00,2020-12-21 14:45:45,1.8,410,33
2945,CZ9553,3U8961,07:40:00,10:30:00,2020-12-22 14:05:31,1.8,410,32
2995,CZ9553,3U8961,07:40:00,10:30:00,2020-12-24 13:56:30,3.5,810,30
3045,CZ9553,3U8961,07:40:00,10:30:00,2020-12-25 14:31:16,1.5,350,29
3065,CZ9553,3U8961,07:40:00,10:30:00,2020-12-26 23:48:54,1.3,310,28
3146,CZ9553,3U8961,07:40:00,10:30:00,2020-12-27 14:00:10,1.3,310,27
3195,CZ9553,3U8961,07:40:00,10:30:00,2020-12-28 13:51:01,1.3,310,26
3268,CZ9553,3U8961,07:40:00,10:30:00,2020-12-30 14:08:41,2.4,550,24
3300,CZ9553,3U8961,07:40:00,10:30:00,2020-12-31 13:59:35,2.4,550,23
3346,CZ9553,3U8961,07:40:00,10:30:00,2021-01-01 01:58:13,1.3,314,22
3410,CZ9553,3U8961,07:40:00,10:30:00,2021-01-02 14:40:46,2.4,550,21
3474,CZ9553,3U8961,07:40:00,10:30:00,2021-01-04 14:06:38,1.3,310,19
3541,CZ9553,3U8961,07:40:00,10:30:00,2021-01-06 13:52:29,1.3,310,17
3615,CZ9553,3U8961,07:40:00,10:30:00,2021-01-07 14:24:51,1.3,310,16
3654,CZ9553,3U8961,07:40:00,10:30:00,2021-01-08 14:18:53,1.3,310,15
3688,CZ9553,3U8961,07:40:00,10:30:00,2021-01-09 14:16:50,1.2,270,14
3707,CZ9553,3U8961,07:40:00,10:30:00,2021-01-10 13:44:48,1.2,270,13
3808,CZ9553,3U8961,07:40:00,10:30:00,2021-01-13 13:52:59,1.0,240,10
3875,CZ9553,3U8961,07:40:00,10:30:00,2021-01-14 13:42:26,1.0,240,9
3902,CZ9553,3U8961,07:40:00,10:30:00,2021-01-15 13:56:39,2.4,550,8
3954,CZ9553,3U8961,07:40:00,10:30:00,2021-01-17 13:45:13,2.4,550,6
3982,CZ9553,3U8961,07:40:00,10:30:00,2021-01-18 13:46:36,2.4,550,5
4037,CZ9553,3U8961,07:40:00,10:30:00,2021-01-19 13:54:20,2.4,550,4
4081,CZ9553,3U8961,07:40:00,10:30:00,2021-01-20 14:27:46,2.4,550,3
4130,CZ9553,3U8961,07:40:00,10:30:00,2021-01-21 14:27:34,2.4,550,2
4176,CZ9553,3U8961,07:40:00,10:30:00,2021-01-23 14:04:04,2.4,550,0
2262,CZ9555,3U8963,12:30:00,15:20:00,2020-12-10 14:27:41,2.1,500,44
2327,CZ9555,3U8963,12:30:00,15:20:00,2020-12-11 14:04:06,2.1,500,43
2428,CZ9555,3U8963,12:30:00,15:20:00,2020-12-12 15:34:42,2.1,500,42
2513,CZ9555,3U8963,12:30:00,15:20:00,2020-12-13 16:47:39,2.1,500,41
2522,CZ9555,3U8963,12:30:00,15:20:00,2020-12-14 20:57:51,2.1,500,40
2630,CZ9555,3U8963,12:30:00,15:20:00,2020-12-15 16:14:36,2.1,500,39
2321,CZ9557,3U8965,15:45:00,18:40:00,2020-12-10 14:27:41,2.1,500,44
2366,CZ9557,3U8965,15:45:00,18:40:00,2020-12-11 14:04:06,2.1,500,43
2389,CZ9557,3U8965,15:45:00,18:40:00,2020-12-12 15:34:42,2.1,500,42
2473,CZ9557,3U8965,15:45:00,18:40:00,2020-12-13 16:47:39,2.1,500,41
2562,CZ9557,3U8965,15:45:00,18:40:00,2020-12-14 20:57:51,2.1,500,40
2590,CZ9557,3U8965,15:45:00,18:40:00,2020-12-15 16:14:36,2.1,500,39
2282,CZ9559,3U8967,06:00:00,08:40:00,2020-12-10 14:27:41,1.7,400,44
2348,CZ9559,3U8967,06:00:00,08:40:00,2020-12-11 14:04:06,1.7,400,43
2407,CZ9559,3U8967,06:00:00,08:40:00,2020-12-12 15:34:42,1.7,400,42
2492,CZ9559,3U8967,06:00:00,08:40:00,2020-12-13 16:47:39,1.7,400,41
2543,CZ9559,3U8967,06:00:00,08:40:00,2020-12-14 20:57:51,1.7,400,40
2609,CZ9559,3U8967,06:00:00,08:40:00,2020-12-15 16:14:36,1.7,400,39
2735,CZ9559,3U8967,06:00:00,08:40:00,2020-12-17 15:04:59,1.7,400,37
2772,CZ9559,3U8967,06:00:00,08:40:00,2020-12-19 14:11:16,1.7,400,35
2826,CZ9559,3U8967,06:00:00,08:40:00,2020-12-20 14:29:03,1.7,400,34
2881,CZ9559,3U8967,06:00:00,08:40:00,2020-12-21 14:45:45,1.7,400,33
2289,CZ9561,3U8969,17:20:00,20:10:00,2020-12-10 14:27:41,2.1,500,44
2367,CZ9561,3U8969,17:20:00,20:10:00,2020-12-11 14:04:06,2.1,500,43
2388,CZ9561,3U8969,17:20:00,20:10:00,2020-12-12 15:34:42,2.1,500,42
2472,CZ9561,3U8969,17:20:00,20:10:00,2020-12-13 16:47:39,2.1,500,41
2563,CZ9561,3U8969,17:20:00,20:10:00,2020-12-14 20:57:51,2.1,500,40
2589,CZ9561,3U8969,17:20:00,20:10:00,2020-12-15 16:14:36,2.1,500,39
2701,CZ9561,3U8969,17:20:00,20:10:00,2020-12-17 15:04:59,2.1,500,37
2755,CZ9561,3U8969,17:20:00,20:10:00,2020-12-19 14:11:16,2.1,500,35
2809,CZ9561,3U8969,17:20:00,20:10:00,2020-12-20 14:29:03,2.0,470,34
2864,CZ9561,3U8969,17:20:00,20:10:00,2020-12-21 14:45:45,2.0,470,33
2916,CZ9561,3U8969,17:20:00,20:10:00,2020-12-22 14:05:31,2.0,470,32
2966,CZ9561,3U8969,17:20:00,20:10:00,2020-12-24 13:56:30,2.0,470,30
3016,CZ9561,3U8969,17:20:00,20:10:00,2020-12-25 14:31:16,1.7,400,29
3093,CZ9561,3U8969,17:20:00,20:10:00,2020-12-26 23:48:54,1.5,350,28
3117,CZ9561,3U8969,17:20:00,20:10:00,2020-12-27 14:00:10,1.5,350,27
3167,CZ9561,3U8969,17:20:00,20:10:00,2020-12-28 13:51:01,1.5,350,26
3237,CZ9561,3U8969,17:20:00,20:10:00,2020-12-30 14:08:41,2.6,600,24
3328,CZ9561,3U8969,17:20:00,20:10:00,2020-12-31 13:59:35,2.6,600,23
3375,CZ9561,3U8969,17:20:00,20:10:00,2021-01-01 01:58:13,1.5,350,22
3435,CZ9561,3U8969,17:20:00,20:10:00,2021-01-02 14:40:46,1.5,350,21
3504,CZ9561,3U8969,17:20:00,20:10:00,2021-01-04 14:06:38,1.5,350,19
3573,CZ9561,3U8969,17:20:00,20:10:00,2021-01-06 13:52:29,1.5,350,17
3605,CZ9561,3U8969,17:20:00,20:10:00,2021-01-07 14:24:51,1.5,350,16
3637,CZ9561,3U8969,17:20:00,20:10:00,2021-01-08 14:18:53,1.5,350,15
3677,CZ9561,3U8969,17:20:00,20:10:00,2021-01-09 14:16:50,1.3,300,14
3708,CZ9561,3U8969,17:20:00,20:10:00,2021-01-10 13:44:48,1.3,300,13
3809,CZ9561,3U8969,17:20:00,20:10:00,2021-01-13 13:52:59,1.0,240,10
3851,CZ9561,3U8969,17:20:00,20:10:00,2021-01-14 13:42:26,1.0,240,9
3903,CZ9561,3U8969,17:20:00,20:10:00,2021-01-15 13:56:39,1.2,280,8
3955,CZ9561,3U8969,17:20:00,20:10:00,2021-01-17 13:45:13,1.2,280,6
3983,CZ9561,3U8969,17:20:00,20:10:00,2021-01-18 13:46:36,1.2,280,5
4038,CZ9561,3U8969,17:20:00,20:10:00,2021-01-19 13:54:20,2.6,600,4
4082,CZ9561,3U8969,17:20:00,20:10:00,2021-01-20 14:27:46,2.6,600,3
4129,CZ9561,3U8969,17:20:00,20:10:00,2021-01-21 14:27:34,2.6,600,2
4175,CZ9561,3U8969,17:20:00,20:10:00,2021-01-23 14:04:04,3.0,700,0
2228,EU6667,,16:40:00,19:25:00,2020-12-09 14:42:35,2.7,630,45
2263,EU6667,,16:40:00,19:25:00,2020-12-10 14:27:41,2.7,630,44
2328,EU6667,,16:40:00,19:25:00,2020-12-11 14:04:06,2.7,630,43
2427,EU6667,,16:40:00,19:25:00,2020-12-12 15:34:42,2.7,630,42
2512,EU6667,,16:40:00,19:25:00,2020-12-13 16:47:39,1.8,420,41
2523,EU6667,,16:40:00,19:25:00,2020-12-14 20:57:51,1.8,420,40
2629,EU6667,,16:40:00,19:25:00,2020-12-15 16:14:36,1.8,420,39
2677,EU6667,,16:40:00,19:25:00,2020-12-16 15:22:35,1.8,420,38
2723,EU6667,,16:40:00,19:25:00,2020-12-17 15:04:59,1.8,420,37
2792,EU6667,,16:40:00,19:25:00,2020-12-19 14:11:16,1.8,420,35
2848,EU6667,,16:40:00,19:25:00,2020-12-20 14:29:03,1.8,420,34
2900,EU6667,,16:40:00,19:25:00,2020-12-21 14:45:45,1.8,420,33
2950,EU6667,,16:40:00,19:25:00,2020-12-22 14:05:31,1.8,420,32
3000,EU6667,,16:40:00,19:25:00,2020-12-24 13:56:30,1.8,420,30
3050,EU6667,,16:40:00,19:25:00,2020-12-25 14:31:16,1.8,420,29
3060,EU6667,,16:40:00,19:25:00,2020-12-26 23:48:54,1.5,350,28
3151,EU6667,,16:40:00,19:25:00,2020-12-27 14:00:10,1.7,400,27
3200,EU6667,,16:40:00,19:25:00,2020-12-28 13:51:01,1.7,400,26
3229,EU6667,,16:40:00,19:25:00,2020-12-29 13:50:17,1.7,400,25
3273,EU6667,,16:40:00,19:25:00,2020-12-30 14:08:41,1.7,400,24
3295,EU6667,,16:40:00,19:25:00,2020-12-31 13:59:35,1.7,400,23
3342,EU6667,,16:40:00,19:25:00,2021-01-01 01:58:13,1.7,400,22
3415,EU6667,,16:40:00,19:25:00,2021-01-02 14:40:46,1.7,400,21
3469,EU6667,,16:40:00,19:25:00,2021-01-04 14:06:38,1.5,350,19
3575,EU6667,,16:40:00,19:25:00,2021-01-06 13:52:29,1.3,300,17
3619,EU6667,,16:40:00,19:25:00,2021-01-07 14:24:51,1.3,300,16
3650,EU6667,,16:40:00,19:25:00,2021-01-08 14:18:53,10.0,2330,15
3706,EU6667,,16:40:00,19:25:00,2021-01-09 14:16:50,1.3,300,14
3745,EU6667,,16:40:00,19:25:00,2021-01-10 13:44:48,1.3,300,13
3803,EU6667,,16:40:00,19:25:00,2021-01-13 13:52:59,1.1,250,10
3870,EU6667,,16:40:00,19:25:00,2021-01-14 13:42:26,1.0,230,9
3898,EU6667,,16:40:00,19:25:00,2021-01-15 13:56:39,1.7,400,8
3950,EU6667,,16:40:00,19:25:00,2021-01-17 13:45:13,1.7,400,6
4006,EU6667,,16:40:00,19:25:00,2021-01-18 13:46:36,1.3,300,5
4032,EU6667,,16:40:00,19:25:00,2021-01-19 13:54:20,1.5,350,4
4092,EU6667,,16:40:00,19:25:00,2021-01-20 14:27:46,1.5,350,3
4103,EU6667,,16:40:00,19:25:00,2021-01-21 14:27:34,1.7,400,2
4194,EU6667,,16:40:00,19:25:00,2021-01-23 14:04:04,1.3,300,0
2227,FM9544,,13:00:00,16:00:00,2020-12-09 14:42:35,2.1,500,45
2264,FM9544,,13:00:00,16:00:00,2020-12-10 14:27:41,2.1,480,44
2329,FM9544,,13:00:00,16:00:00,2020-12-11 14:04:06,2.1,480,43
2426,FM9544,,13:00:00,16:00:00,2020-12-12 15:34:42,1.8,410,42
2511,FM9544,,13:00:00,16:00:00,2020-12-13 16:47:39,1.8,410,41
2524,FM9544,,13:00:00,16:00:00,2020-12-14 20:57:51,1.8,410,40
2628,FM9544,,13:00:00,16:00:00,2020-12-15 16:14:36,2.1,500,39
2678,FM9544,,13:00:00,16:00:00,2020-12-16 15:22:35,1.8,410,38
2722,FM9544,,13:00:00,16:00:00,2020-12-17 15:04:59,2.1,500,37
2791,FM9544,,13:00:00,16:00:00,2020-12-19 14:11:16,1.8,410,35
2847,FM9544,,13:00:00,16:00:00,2020-12-20 14:29:03,2.1,500,34
2899,FM9544,,13:00:00,16:00:00,2020-12-21 14:45:45,2.1,500,33
2949,FM9544,,13:00:00,16:00:00,2020-12-22 14:05:31,1.8,410,32
2999,FM9544,,13:00:00,16:00:00,2020-12-24 13:56:30,2.1,500,30
3049,FM9544,,13:00:00,16:00:00,2020-12-25 14:31:16,2.1,500,29
3061,FM9544,,13:00:00,16:00:00,2020-12-26 23:48:54,2.1,500,28
3150,FM9544,,13:00:00,16:00:00,2020-12-27 14:00:10,2.1,500,27
3199,FM9544,,13:00:00,16:00:00,2020-12-28 13:51:01,2.2,510,26
3230,FM9544,,13:00:00,16:00:00,2020-12-29 13:50:17,2.1,500,25
3272,FM9544,,13:00:00,16:00:00,2020-12-30 14:08:41,2.6,600,24
3296,FM9544,,13:00:00,16:00:00,2020-12-31 13:59:35,2.2,510,23
3343,FM9544,,13:00:00,16:00:00,2021-01-01 01:58:13,1.9,450,22
3403,FM9544,,13:00:00,16:00:00,2021-01-01 14:22:42,2.6,600,22
3414,FM9544,,13:00:00,16:00:00,2021-01-02 14:40:46,2.6,600,21
3470,FM9544,,13:00:00,16:00:00,2021-01-04 14:06:38,1.7,400,19
3525,FM9544,,13:00:00,16:00:00,2021-01-05 14:30:11,1.7,400,18
3574,FM9544,,13:00:00,16:00:00,2021-01-06 13:52:29,1.6,380,17
3618,FM9544,,13:00:00,16:00:00,2021-01-07 14:24:51,1.7,400,16
3651,FM9544,,13:00:00,16:00:00,2021-01-08 14:18:53,1.5,350,15
3685,FM9544,,13:00:00,16:00:00,2021-01-09 14:16:50,1.5,350,14
3744,FM9544,,13:00:00,16:00:00,2021-01-10 13:44:48,1.0,240,13
3768,FM9544,,13:00:00,16:00:00,2021-01-11 14:33:12,1.0,240,12
3771,FM9544,,13:00:00,16:00:00,2021-01-12 14:10:35,1.0,240,11
3802,FM9544,,13:00:00,16:00:00,2021-01-13 13:52:59,1.0,240,10
3871,FM9544,,13:00:00,16:00:00,2021-01-14 13:42:26,1.0,240,9
3897,FM9544,,13:00:00,16:00:00,2021-01-15 13:56:39,2.4,550,8
3926,FM9544,,13:00:00,16:00:00,2021-01-16 13:51:38,2.6,600,7
3949,FM9544,,13:00:00,16:00:00,2021-01-17 13:45:13,2.6,600,6
4007,FM9544,,13:00:00,16:00:00,2021-01-18 13:46:36,2.6,600,5
4031,FM9544,,13:00:00,16:00:00,2021-01-19 13:54:20,2.4,550,4
4091,FM9544,,13:00:00,16:00:00,2021-01-20 14:27:46,2.4,550,3
4104,FM9544,,13:00:00,16:00:00,2021-01-21 14:27:34,2.6,600,2
4138,FM9544,,13:00:00,16:00:00,2021-01-22 13:39:19,3.9,900,1
4193,FM9544,,13:00:00,16:00:00,2021-01-23 14:04:04,2.5,580,0
2250,HO1014,,10:50:00,13:45:00,2020-12-09 14:42:35,3.1,660,45
2304,HO1014,,10:50:00,13:45:00,2020-12-10 14:27:41,3.1,660,44
2382,HO1014,,10:50:00,13:45:00,2020-12-11 14:04:06,3.1,660,43
2446,HO1014,,10:50:00,13:45:00,2020-12-12 15:34:42,3.1,660,42
2456,HO1014,,10:50:00,13:45:00,2020-12-13 16:47:39,3.1,660,41
2577,HO1014,,10:50:00,13:45:00,2020-12-14 20:57:51,3.1,660,40
2636,HO1014,,10:50:00,13:45:00,2020-12-15 16:14:36,3.1,660,39
2656,HO1014,,10:50:00,13:45:00,2020-12-16 15:22:35,3.1,660,38
2689,HO1014,,10:50:00,13:45:00,2020-12-17 15:04:59,3.1,660,37
2249,HO1120,,12:40:00,15:30:00,2020-12-09 14:42:35,3.1,660,45
2284,HO1120,,12:40:00,15:30:00,2020-12-10 14:27:41,3.1,660,44
2350,HO1120,,12:40:00,15:30:00,2020-12-11 14:04:06,3.1,660,43
2405,HO1120,,12:40:00,15:30:00,2020-12-12 15:34:42,3.1,660,42
2490,HO1120,,12:40:00,15:30:00,2020-12-13 16:47:39,3.1,660,41
2545,HO1120,,12:40:00,15:30:00,2020-12-14 20:57:51,3.1,660,40
2607,HO1120,,12:40:00,15:30:00,2020-12-15 16:14:36,3.1,660,39
2657,HO1120,,12:40:00,15:30:00,2020-12-16 15:22:35,3.1,660,38
2733,HO1120,,12:40:00,15:30:00,2020-12-17 15:04:59,3.1,660,37
2770,HO1120,,12:40:00,15:30:00,2020-12-19 14:11:16,3.1,660,35
2824,HO1120,,12:40:00,15:30:00,2020-12-20 14:29:03,3.1,660,34
2879,HO1120,,12:40:00,15:30:00,2020-12-21 14:45:45,3.1,660,33
2931,HO1120,,12:40:00,15:30:00,2020-12-22 14:05:31,1.7,350,32
2981,HO1120,,12:40:00,15:30:00,2020-12-24 13:56:30,1.7,350,30
3031,HO1120,,12:40:00,15:30:00,2020-12-25 14:31:16,1.7,350,29
3079,HO1120,,12:40:00,15:30:00,2020-12-26 23:48:54,1.7,350,28
3132,HO1120,,12:40:00,15:30:00,2020-12-27 14:00:10,1.7,350,27
3181,HO1120,,12:40:00,15:30:00,2020-12-28 13:51:01,1.7,350,26
3213,HO1120,,12:40:00,15:30:00,2020-12-29 13:50:17,1.7,350,25
3253,HO1120,,12:40:00,15:30:00,2020-12-30 14:08:41,1.7,350,24
3313,HO1120,,12:40:00,15:30:00,2020-12-31 13:59:35,1.7,350,23
3360,HO1120,,12:40:00,15:30:00,2021-01-01 01:58:13,1.7,350,22
3450,HO1120,,12:40:00,15:30:00,2021-01-02 14:40:46,1.7,350,21
3488,HO1120,,12:40:00,15:30:00,2021-01-04 14:06:38,1.7,350,19
3553,HO1120,,12:40:00,15:30:00,2021-01-06 13:52:29,1.7,350,17
3592,HO1120,,12:40:00,15:30:00,2021-01-07 14:24:51,1.7,350,16
3624,HO1120,,12:40:00,15:30:00,2021-01-08 14:18:53,1.7,350,15
3700,HO1120,,12:40:00,15:30:00,2021-01-09 14:16:50,1.7,350,14
3726,HO1120,,12:40:00,15:30:00,2021-01-10 13:44:48,1.7,350,13
3827,HO1120,,12:40:00,15:30:00,2021-01-13 13:52:59,1.7,350,10
3866,HO1120,,12:40:00,15:30:00,2021-01-14 13:42:26,1.7,350,9
3892,HO1120,,12:40:00,15:30:00,2021-01-15 13:56:39,1.7,350,8
3975,HO1120,,12:40:00,15:30:00,2021-01-17 13:45:13,1.7,350,6
3999,HO1120,,12:40:00,15:30:00,2021-01-18 13:46:36,1.7,350,5
4054,HO1120,,12:40:00,15:30:00,2021-01-19 13:54:20,1.7,350,4
4077,HO1120,,12:40:00,15:30:00,2021-01-20 14:27:46,1.7,350,3
4107,HO1120,,12:40:00,15:30:00,2021-01-21 14:27:34,1.3,270,2
4145,HO1120,,12:40:00,15:30:00,2021-01-22 13:39:19,6.4,1351,1
4157,HO1120,,12:40:00,15:30:00,2021-01-23 14:04:04,1.7,350,0
2254,HO5749,MU5296,07:40:00,10:30:00,2020-12-09 14:42:35,4.6,1070,45
2286,HO5749,MU5296,07:40:00,10:30:00,2020-12-10 14:27:41,4.6,1070,44
2352,HO5749,MU5296,07:40:00,10:30:00,2020-12-11 14:04:06,4.6,1070,43
2404,HO5749,MU5296,07:40:00,10:30:00,2020-12-12 15:34:42,4.6,1070,42
2488,HO5749,MU5296,07:40:00,10:30:00,2020-12-13 16:47:39,4.6,1070,41
2547,HO5749,MU5296,07:40:00,10:30:00,2020-12-14 20:57:51,4.6,1070,40
2605,HO5749,MU5296,07:40:00,10:30:00,2020-12-15 16:14:36,4.6,1070,39
2654,HO5749,MU5296,07:40:00,10:30:00,2020-12-16 15:22:35,4.6,1070,38
2731,HO5749,MU5296,07:40:00,10:30:00,2020-12-17 15:04:59,4.6,1070,37
2768,HO5749,MU5296,07:40:00,10:30:00,2020-12-19 14:11:16,4.6,1070,35
2822,HO5749,MU5296,07:40:00,10:30:00,2020-12-20 14:29:03,4.6,1070,34
2877,HO5749,MU5296,07:40:00,10:30:00,2020-12-21 14:45:45,4.6,1070,33
2928,HO5749,MU5296,07:40:00,10:30:00,2020-12-22 14:05:31,4.6,1070,32
2978,HO5749,MU5296,07:40:00,10:30:00,2020-12-24 13:56:30,4.6,1070,30
3028,HO5749,MU5296,07:40:00,10:30:00,2020-12-25 14:31:16,4.6,1070,29
3082,HO5749,MU5296,07:40:00,10:30:00,2020-12-26 23:48:54,4.6,1070,28
3129,HO5749,MU5296,07:40:00,10:30:00,2020-12-27 14:00:10,4.6,1070,27
3178,HO5749,MU5296,07:40:00,10:30:00,2020-12-28 13:51:01,4.6,1070,26
3210,HO5749,MU5296,07:40:00,10:30:00,2020-12-29 13:50:17,4.6,1070,25
3250,HO5749,MU5296,07:40:00,10:30:00,2020-12-30 14:08:41,4.6,1070,24
3316,HO5749,MU5296,07:40:00,10:30:00,2020-12-31 13:59:35,4.6,1070,23
3363,HO5749,MU5296,07:40:00,10:30:00,2021-01-01 01:58:13,4.6,1070,22
3447,HO5749,MU5296,07:40:00,10:30:00,2021-01-02 14:40:46,4.6,1070,21
3492,HO5749,MU5296,07:40:00,10:30:00,2021-01-04 14:06:38,4.6,1070,19
3556,HO5749,MU5296,07:40:00,10:30:00,2021-01-06 13:52:29,4.6,1070,17
3595,HO5749,MU5296,07:40:00,10:30:00,2021-01-07 14:24:51,4.6,1070,16
3627,HO5749,MU5296,07:40:00,10:30:00,2021-01-08 14:18:53,4.6,1070,15
3681,HO5749,MU5296,07:40:00,10:30:00,2021-01-09 14:16:50,4.6,1070,14
3730,HO5749,MU5296,07:40:00,10:30:00,2021-01-10 13:44:48,4.6,1070,13
3831,HO5749,MU5296,07:40:00,10:30:00,2021-01-13 13:52:59,4.6,1070,10
3863,HO5749,MU5296,07:40:00,10:30:00,2021-01-14 13:42:26,4.6,1070,9
3917,HO5749,MU5296,07:40:00,10:30:00,2021-01-15 13:56:39,4.6,1070,8
3971,HO5749,MU5296,07:40:00,10:30:00,2021-01-17 13:45:13,4.6,1070,6
4003,HO5749,MU5296,07:40:00,10:30:00,2021-01-18 13:46:36,4.6,1070,5
4048,HO5749,MU5296,07:40:00,10:30:00,2021-01-19 13:54:20,4.6,1070,4
4058,HO5749,MU5296,07:40:00,10:30:00,2021-01-20 14:27:46,4.6,1070,3
4111,HO5749,MU5296,07:40:00,10:30:00,2021-01-21 14:27:34,4.6,1070,2
4184,HO5749,MU5296,07:40:00,10:30:00,2021-01-23 14:04:04,4.6,1070,0
2240,HO5752,MU5412,13:55:00,16:50:00,2020-12-09 14:42:35,4.6,1070,45
2275,HO5752,MU5412,13:55:00,16:50:00,2020-12-10 14:27:41,4.6,1070,44
2341,HO5752,MU5412,13:55:00,16:50:00,2020-12-11 14:04:06,4.6,1070,43
2414,HO5752,MU5412,13:55:00,16:50:00,2020-12-12 15:34:42,4.6,1070,42
2499,HO5752,MU5412,13:55:00,16:50:00,2020-12-13 16:47:39,4.6,1070,41
2536,HO5752,MU5412,13:55:00,16:50:00,2020-12-14 20:57:51,4.6,1070,40
2616,HO5752,MU5412,13:55:00,16:50:00,2020-12-15 16:14:36,4.6,1070,39
2666,HO5752,MU5412,13:55:00,16:50:00,2020-12-16 15:22:35,4.6,1070,38
2742,HO5752,MU5412,13:55:00,16:50:00,2020-12-17 15:04:59,4.6,1070,37
2779,HO5752,MU5412,13:55:00,16:50:00,2020-12-19 14:11:16,4.6,1070,35
2833,HO5752,MU5412,13:55:00,16:50:00,2020-12-20 14:29:03,4.6,1070,34
2888,HO5752,MU5412,13:55:00,16:50:00,2020-12-21 14:45:45,4.6,1070,33
2937,HO5752,MU5412,13:55:00,16:50:00,2020-12-22 14:05:31,4.6,1070,32
2987,HO5752,MU5412,13:55:00,16:50:00,2020-12-24 13:56:30,4.6,1070,30
3037,HO5752,MU5412,13:55:00,16:50:00,2020-12-25 14:31:16,4.6,1070,29
3073,HO5752,MU5412,13:55:00,16:50:00,2020-12-26 23:48:54,4.6,1070,28
3138,HO5752,MU5412,13:55:00,16:50:00,2020-12-27 14:00:10,4.6,1070,27
3187,HO5752,MU5412,13:55:00,16:50:00,2020-12-28 13:51:01,4.6,1070,26
3220,HO5752,MU5412,13:55:00,16:50:00,2020-12-29 13:50:17,4.6,1070,25
3259,HO5752,MU5412,13:55:00,16:50:00,2020-12-30 14:08:41,4.6,1070,24
3307,HO5752,MU5412,13:55:00,16:50:00,2020-12-31 13:59:35,4.6,1070,23
3354,HO5752,MU5412,13:55:00,16:50:00,2021-01-01 01:58:13,4.6,1070,22
3456,HO5752,MU5412,13:55:00,16:50:00,2021-01-02 14:40:46,4.6,1070,21
3482,HO5752,MU5412,13:55:00,16:50:00,2021-01-04 14:06:38,4.6,1070,19
3548,HO5752,MU5412,13:55:00,16:55:00,2021-01-06 13:52:29,4.6,1070,17
3608,HO5752,MU5412,13:55:00,16:55:00,2021-01-07 14:24:51,4.6,1070,16
3661,HO5752,MU5412,13:55:00,16:55:00,2021-01-08 14:18:53,4.6,1070,15
3695,HO5752,MU5412,13:55:00,16:55:00,2021-01-09 14:16:50,4.6,1070,14
3718,HO5752,MU5412,13:55:00,16:55:00,2021-01-10 13:44:48,4.6,1070,13
3819,HO5752,MU5412,13:55:00,16:55:00,2021-01-13 13:52:59,4.6,1070,10
3848,HO5752,MU5412,13:55:00,16:55:00,2021-01-14 13:42:26,4.6,1070,9
3885,HO5752,MU5412,13:55:00,16:55:00,2021-01-15 13:56:39,4.6,1070,8
3963,HO5752,MU5412,13:55:00,16:55:00,2021-01-17 13:45:13,4.6,1070,6
3992,HO5752,MU5412,13:55:00,16:55:00,2021-01-18 13:46:36,4.6,1070,5
4015,HO5752,MU5412,13:55:00,16:55:00,2021-01-19 13:54:20,4.6,1070,4
4070,HO5752,MU5412,13:55:00,16:55:00,2021-01-20 14:27:46,4.6,1070,3
4120,HO5752,MU5412,13:55:00,16:55:00,2021-01-21 14:27:34,4.6,1070,2
4164,HO5752,MU5412,13:55:00,16:55:00,2021-01-23 14:04:04,5.1,1190,0
2277,MF1148,CZ3350,12:50:00,15:45:00,2020-12-10 14:27:41,2.6,500,44
2343,MF1148,CZ3350,12:50:00,15:45:00,2020-12-11 14:04:06,2.6,500,43
2412,MF1148,CZ3350,12:50:00,15:45:00,2020-12-12 15:34:42,2.6,500,42
2497,MF1148,CZ3350,12:50:00,15:45:00,2020-12-13 16:47:39,2.6,500,41
2538,MF1148,CZ3350,12:50:00,15:45:00,2020-12-14 20:57:51,2.6,500,40
2614,MF1148,CZ3350,12:50:00,15:45:00,2020-12-15 16:14:36,2.6,500,39
2740,MF1148,CZ3350,12:50:00,15:45:00,2020-12-17 15:04:59,2.6,500,37
2777,MF1148,CZ3350,12:50:00,15:45:00,2020-12-19 14:11:16,2.6,500,35
2831,MF1148,CZ3350,12:50:00,15:45:00,2020-12-20 14:29:03,2.6,500,34
2886,MF1148,CZ3350,12:50:00,15:45:00,2020-12-21 14:45:45,2.6,500,33
2935,MF1148,CZ3350,12:50:00,15:45:00,2020-12-22 14:05:31,2.6,500,32
2985,MF1148,CZ3350,12:50:00,15:45:00,2020-12-24 13:56:30,2.1,400,30
3035,MF1148,CZ3350,12:50:00,15:45:00,2020-12-25 14:31:16,2.1,400,29
3075,MF1148,CZ3350,12:50:00,15:45:00,2020-12-26 23:48:54,1.8,350,28
3136,MF1148,CZ3350,12:50:00,15:45:00,2020-12-27 14:00:10,1.8,350,27
3185,MF1148,CZ3350,12:50:00,15:45:00,2020-12-28 13:51:01,1.8,350,26
3257,MF1148,CZ3350,12:50:00,15:45:00,2020-12-30 14:08:41,3.1,600,24
3309,MF1148,CZ3350,12:50:00,15:45:00,2020-12-31 13:59:35,3.1,600,23
3356,MF1148,CZ3350,12:50:00,15:45:00,2021-01-01 01:58:13,3.1,600,22
3454,MF1148,CZ3350,12:50:00,15:45:00,2021-01-02 14:40:46,1.7,321,21
3484,MF1148,CZ3350,12:50:00,15:45:00,2021-01-04 14:06:38,1.8,350,19
3550,MF1148,CZ3350,12:50:00,15:45:00,2021-01-06 13:52:29,1.8,350,17
3606,MF1148,CZ3350,12:50:00,15:45:00,2021-01-07 14:24:51,1.7,321,16
3662,MF1148,CZ3350,12:50:00,15:45:00,2021-01-08 14:18:53,1.7,321,15
3697,MF1148,CZ3350,12:50:00,15:45:00,2021-01-09 14:16:50,1.8,350,14
3722,MF1148,CZ3350,12:50:00,15:45:00,2021-01-10 13:44:48,1.8,350,13
3823,MF1148,CZ3350,12:50:00,15:45:00,2021-01-13 13:52:59,1.6,300,10
3846,MF1148,CZ3350,12:50:00,15:45:00,2021-01-14 13:42:26,1.4,270,9
3889,MF1148,CZ3350,12:50:00,15:45:00,2021-01-15 13:56:39,3.1,600,8
3967,MF1148,CZ3350,12:50:00,15:45:00,2021-01-17 13:45:13,3.1,600,6
3996,MF1148,CZ3350,12:50:00,15:45:00,2021-01-18 13:46:36,3.1,600,5
4018,MF1148,CZ3350,12:50:00,15:45:00,2021-01-19 13:54:20,2.8,550,4
4074,MF1148,CZ3350,12:50:00,15:45:00,2021-01-20 14:27:46,2.6,500,3
4116,MF1148,CZ3350,12:50:00,15:45:00,2021-01-21 14:27:34,3.1,600,2
4159,MF1148,CZ3350,12:50:00,15:45:00,2021-01-23 14:04:04,3.1,600,0
2295,MF5112,3U8961,07:40:00,10:30:00,2020-12-10 14:27:41,3.0,700,44
2373,MF5112,3U8961,07:40:00,10:30:00,2020-12-11 14:04:06,3.0,700,43
2437,MF5112,3U8961,07:40:00,10:30:00,2020-12-12 15:34:42,3.0,700,42
2466,MF5112,3U8961,07:40:00,10:30:00,2020-12-13 16:47:39,3.0,700,41
2569,MF5112,3U8961,07:40:00,10:30:00,2020-12-14 20:57:51,3.0,700,40
2583,MF5112,3U8961,07:40:00,10:30:00,2020-12-15 16:14:36,3.0,700,39
2696,MF5112,3U8961,07:40:00,10:30:00,2020-12-17 15:04:59,3.0,700,37
2751,MF5112,3U8961,07:40:00,10:30:00,2020-12-19 14:11:16,3.0,700,35
2805,MF5112,3U8961,07:40:00,10:30:00,2020-12-20 14:29:03,3.0,700,34
2860,MF5112,3U8961,07:40:00,10:30:00,2020-12-21 14:45:45,3.0,700,33
2912,MF5112,3U8961,07:40:00,10:30:00,2020-12-22 14:05:31,3.0,700,32
2962,MF5112,3U8961,07:40:00,10:30:00,2020-12-24 13:56:30,3.5,810,30
3012,MF5112,3U8961,07:40:00,10:30:00,2020-12-25 14:31:16,3.0,700,29
3097,MF5112,3U8961,07:40:00,10:30:00,2020-12-26 23:48:54,3.0,700,28
3113,MF5112,3U8961,07:40:00,10:30:00,2020-12-27 14:00:10,3.0,700,27
3163,MF5112,3U8961,07:40:00,10:30:00,2020-12-28 13:51:01,3.0,700,26
3278,MF5112,3U8961,07:40:00,10:30:00,2020-12-30 14:08:41,3.5,820,24
3332,MF5112,3U8961,07:40:00,10:30:00,2020-12-31 13:59:35,3.5,820,23
3379,MF5112,3U8961,07:40:00,10:30:00,2021-01-01 01:58:13,3.5,820,22
3431,MF5112,3U8961,07:40:00,10:30:00,2021-01-02 14:40:46,2.4,549,21
3500,MF5112,3U8961,07:40:00,10:30:00,2021-01-04 14:06:38,3.5,820,19
3569,MF5112,3U8961,07:40:00,10:30:00,2021-01-06 13:52:29,3.5,820,17
3587,MF5112,3U8961,07:40:00,10:30:00,2021-01-07 14:24:51,3.5,820,16
3640,MF5112,3U8961,07:40:00,10:30:00,2021-01-08 14:18:53,3.5,820,15
3680,MF5112,3U8961,07:40:00,10:30:00,2021-01-09 14:16:50,3.5,820,14
3716,MF5112,3U8961,07:40:00,10:30:00,2021-01-10 13:44:48,4.4,1030,13
3817,MF5112,3U8961,07:40:00,10:30:00,2021-01-13 13:52:59,3.5,820,10
3841,MF5112,3U8961,07:40:00,10:30:00,2021-01-14 13:42:26,3.5,820,9
3883,MF5112,3U8961,07:40:00,10:30:00,2021-01-15 13:56:39,4.9,1140,8
3961,MF5112,3U8961,07:40:00,10:30:00,2021-01-17 13:45:13,4.9,1140,6
3990,MF5112,3U8961,07:40:00,10:30:00,2021-01-18 13:46:36,4.9,1140,5
4022,MF5112,3U8961,07:40:00,10:30:00,2021-01-19 13:54:20,4.9,1140,4
4068,MF5112,3U8961,07:40:00,10:30:00,2021-01-20 14:27:46,4.9,1140,3
4122,MF5112,3U8961,07:40:00,10:30:00,2021-01-21 14:27:34,4.9,1140,2
4166,MF5112,3U8961,07:40:00,10:30:00,2021-01-23 14:04:04,4.9,1140,0
2302,MF5114,3U8963,12:30:00,15:20:00,2020-12-10 14:27:41,4.4,1030,44
2380,MF5114,3U8963,12:30:00,15:20:00,2020-12-11 14:04:06,4.4,1030,43
2444,MF5114,3U8963,12:30:00,15:20:00,2020-12-12 15:34:42,4.4,1030,42
2459,MF5114,3U8963,12:30:00,15:20:00,2020-12-13 16:47:39,4.4,1030,41
2575,MF5114,3U8963,12:30:00,15:20:00,2020-12-14 20:57:51,4.4,1030,40
2638,MF5114,3U8963,12:30:00,15:20:00,2020-12-15 16:14:36,4.4,1030,39
2296,MF5116,3U8965,15:45:00,18:40:00,2020-12-10 14:27:41,4.4,1030,44
2374,MF5116,3U8965,15:45:00,18:40:00,2020-12-11 14:04:06,4.4,1030,43
2438,MF5116,3U8965,15:45:00,18:40:00,2020-12-12 15:34:42,4.4,1030,42
2465,MF5116,3U8965,15:45:00,18:40:00,2020-12-13 16:47:39,4.4,1030,41
2570,MF5116,3U8965,15:45:00,18:40:00,2020-12-14 20:57:51,4.4,1030,40
2582,MF5116,3U8965,15:45:00,18:40:00,2020-12-15 16:14:36,4.4,1030,39
2281,MF5118,3U8967,06:00:00,08:40:00,2020-12-10 14:27:41,3.0,700,44
2347,MF5118,3U8967,06:00:00,08:40:00,2020-12-11 14:04:06,3.0,700,43
2408,MF5118,3U8967,06:00:00,08:40:00,2020-12-12 15:34:42,3.0,700,42
2493,MF5118,3U8967,06:00:00,08:40:00,2020-12-13 16:47:39,3.0,700,41
2542,MF5118,3U8967,06:00:00,08:40:00,2020-12-14 20:57:51,3.0,700,40
2610,MF5118,3U8967,06:00:00,08:40:00,2020-12-15 16:14:36,3.0,700,39
2736,MF5118,3U8967,06:00:00,08:40:00,2020-12-17 15:04:59,3.0,700,37
2773,MF5118,3U8967,06:00:00,08:40:00,2020-12-19 14:11:16,3.0,700,35
2827,MF5118,3U8967,06:00:00,08:40:00,2020-12-20 14:29:03,3.0,700,34
2882,MF5118,3U8967,06:00:00,08:40:00,2020-12-21 14:45:45,3.0,700,33
2306,MF5120,3U8969,17:20:00,20:10:00,2020-12-10 14:27:41,4.4,1030,44
2384,MF5120,3U8969,17:20:00,20:10:00,2020-12-11 14:04:06,4.4,1030,43
2448,MF5120,3U8969,17:20:00,20:10:00,2020-12-12 15:34:42,4.4,1030,42
2453,MF5120,3U8969,17:20:00,20:10:00,2020-12-13 16:47:39,4.4,1030,41
2579,MF5120,3U8969,17:20:00,20:10:00,2020-12-14 20:57:51,4.4,1030,40
2646,MF5120,3U8969,17:20:00,20:10:00,2020-12-15 16:14:36,4.4,1030,39
2687,MF5120,3U8969,17:20:00,20:10:00,2020-12-17 15:04:59,4.4,1030,37
2744,MF5120,3U8969,17:20:00,20:10:00,2020-12-19 14:11:16,3.0,700,35
2798,MF5120,3U8969,17:20:00,20:10:00,2020-12-20 14:29:03,3.0,700,34
2853,MF5120,3U8969,17:20:00,20:10:00,2020-12-21 14:45:45,3.0,700,33
2906,MF5120,3U8969,17:20:00,20:10:00,2020-12-22 14:05:31,3.0,700,32
2956,MF5120,3U8969,17:20:00,20:10:00,2020-12-24 13:56:30,3.0,700,30
3006,MF5120,3U8969,17:20:00,20:10:00,2020-12-25 14:31:16,3.0,700,29
3103,MF5120,3U8969,17:20:00,20:10:00,2020-12-26 23:48:54,3.0,700,28
3107,MF5120,3U8969,17:20:00,20:10:00,2020-12-27 14:00:10,3.0,700,27
3157,MF5120,3U8969,17:20:00,20:10:00,2020-12-28 13:51:01,3.0,700,26
3283,MF5120,3U8969,17:20:00,20:10:00,2020-12-30 14:08:41,3.5,820,24
3288,MF5120,3U8969,17:20:00,20:10:00,2020-12-31 13:59:35,3.5,820,23
3385,MF5120,3U8969,17:20:00,20:10:00,2021-01-01 01:58:13,3.5,820,22
3425,MF5120,3U8969,17:20:00,20:10:00,2021-01-02 14:40:46,1.5,350,21
3494,MF5120,3U8969,17:20:00,20:10:00,2021-01-04 14:06:38,3.5,820,19
3580,MF5120,3U8969,17:20:00,20:10:00,2021-01-06 13:52:29,3.5,820,17
3582,MF5120,3U8969,17:20:00,20:10:00,2021-01-07 14:24:51,3.0,700,16
3644,MF5120,3U8969,17:20:00,20:10:00,2021-01-08 14:18:53,3.0,700,15
3665,MF5120,3U8969,17:20:00,20:10:00,2021-01-09 14:16:50,3.0,700,14
3733,MF5120,3U8969,17:20:00,20:10:00,2021-01-10 13:44:48,3.0,700,13
3792,MF5120,3U8969,17:20:00,20:10:00,2021-01-13 13:52:59,3.0,700,10
3835,MF5120,3U8969,17:20:00,20:10:00,2021-01-14 13:42:26,3.0,700,9
3915,MF5120,3U8969,17:20:00,20:10:00,2021-01-15 13:56:39,4.4,1030,8
3969,MF5120,3U8969,17:20:00,20:10:00,2021-01-17 13:45:13,4.4,1030,6
4005,MF5120,3U8969,17:20:00,20:10:00,2021-01-18 13:46:36,4.4,1030,5
4051,MF5120,3U8969,17:20:00,20:10:00,2021-01-19 13:54:20,4.9,1140,4
4062,MF5120,3U8969,17:20:00,20:10:00,2021-01-20 14:27:46,4.9,1140,3
4114,MF5120,3U8969,17:20:00,20:10:00,2021-01-21 14:27:34,4.9,1140,2
4182,MF5120,3U8969,17:20:00,20:10:00,2021-01-23 14:04:04,3.0,700,0
2242,MU3670,HO1014,10:50:00,13:45:00,2020-12-09 14:42:35,10.0,2330,45
2311,MU3670,HO1014,10:50:00,13:45:00,2020-12-10 14:27:41,10.0,2330,44
2357,MU3670,HO1014,10:50:00,13:45:00,2020-12-11 14:04:06,10.0,2330,43
2399,MU3670,HO1014,10:50:00,13:45:00,2020-12-12 15:34:42,10.0,2330,42
2483,MU3670,HO1014,10:50:00,13:45:00,2020-12-13 16:47:39,10.0,2330,41
2552,MU3670,HO1014,10:50:00,13:45:00,2020-12-14 20:57:51,10.0,2330,40
2600,MU3670,HO1014,10:50:00,13:45:00,2020-12-15 16:14:36,10.0,2330,39
2649,MU3670,HO1014,10:50:00,13:45:00,2020-12-16 15:22:35,10.0,2330,38
2710,MU3670,HO1014,10:50:00,13:45:00,2020-12-17 15:04:59,10.0,2330,37
2241,MU3678,HO1120,12:40:00,15:30:00,2020-12-09 14:42:35,10.0,2330,45
2288,MU3678,HO1120,12:40:00,15:30:00,2020-12-10 14:27:41,10.0,2330,44
2386,MU3678,HO1120,12:40:00,15:30:00,2020-12-11 14:04:06,10.0,2330,43
2450,MU3678,HO1120,12:40:00,15:30:00,2020-12-12 15:34:42,10.0,2330,42
2455,MU3678,HO1120,12:40:00,15:30:00,2020-12-13 16:47:39,10.0,2330,41
2581,MU3678,HO1120,12:40:00,15:30:00,2020-12-14 20:57:51,10.0,2330,40
2644,MU3678,HO1120,12:40:00,15:30:00,2020-12-15 16:14:36,10.0,2330,39
2648,MU3678,HO1120,12:40:00,15:30:00,2020-12-16 15:22:35,10.0,2330,38
2686,MU3678,HO1120,12:40:00,15:30:00,2020-12-17 15:04:59,10.0,2330,37
2743,MU3678,HO1120,12:40:00,15:30:00,2020-12-19 14:11:16,10.0,2330,35
2797,MU3678,HO1120,12:40:00,15:30:00,2020-12-20 14:29:03,10.0,2330,34
2852,MU3678,HO1120,12:40:00,15:30:00,2020-12-21 14:45:45,10.0,2330,33
2905,MU3678,HO1120,12:40:00,15:30:00,2020-12-22 14:05:31,10.0,2330,32
2955,MU3678,HO1120,12:40:00,15:30:00,2020-12-24 13:56:30,10.0,2330,30
3005,MU3678,HO1120,12:40:00,15:30:00,2020-12-25 14:31:16,10.0,2330,29
3104,MU3678,HO1120,12:40:00,15:30:00,2020-12-26 23:48:54,10.0,2330,28
3106,MU3678,HO1120,12:40:00,15:30:00,2020-12-27 14:00:10,10.0,2330,27
3156,MU3678,HO1120,12:40:00,15:30:00,2020-12-28 13:51:01,10.0,2330,26
3206,MU3678,HO1120,12:40:00,15:30:00,2020-12-29 13:50:17,10.0,2330,25
3282,MU3678,HO1120,12:40:00,15:30:00,2020-12-30 14:08:41,10.0,2330,24
3287,MU3678,HO1120,12:40:00,15:30:00,2020-12-31 13:59:35,10.0,2330,23
3384,MU3678,HO1120,12:40:00,15:30:00,2021-01-01 01:58:13,10.0,2330,22
3424,MU3678,HO1120,12:40:00,15:30:00,2021-01-02 14:40:46,10.0,2330,21
3515,MU3678,HO1120,12:40:00,15:30:00,2021-01-04 14:06:38,10.0,2330,19
3579,MU3678,HO1120,12:40:00,15:30:00,2021-01-06 13:52:29,10.0,2330,17
3581,MU3678,HO1120,12:40:00,15:30:00,2021-01-07 14:24:51,10.0,2330,16
3645,MU3678,HO1120,12:40:00,15:30:00,2021-01-08 14:18:53,10.0,2330,15
3666,MU3678,HO1120,12:40:00,15:30:00,2021-01-09 14:16:50,10.0,2330,14
3748,MU3678,HO1120,12:40:00,15:30:00,2021-01-10 13:44:48,10.0,2330,13
3794,MU3678,HO1120,12:40:00,15:30:00,2021-01-13 13:52:59,10.0,2330,10
3834,MU3678,HO1120,12:40:00,15:30:00,2021-01-14 13:42:26,10.0,2330,9
4053,MU3678,HO1120,12:40:00,15:30:00,2021-01-19 13:54:20,10.0,2330,4
4061,MU3678,HO1120,12:40:00,15:30:00,2021-01-20 14:27:46,10.0,2330,3
4095,MU3678,HO1120,12:40:00,15:30:00,2021-01-21 14:27:34,10.0,2330,2
4180,MU3678,HO1120,12:40:00,15:30:00,2021-01-23 14:04:04,10.0,2330,0
2255,MU4077,3U8961,07:40:00,10:30:00,2020-12-09 14:42:35,4.4,1030,45
2308,MU4077,3U8961,07:40:00,10:30:00,2020-12-10 14:27:41,4.4,1030,44
2354,MU4077,3U8961,07:40:00,10:30:00,2020-12-11 14:04:06,4.4,1030,43
2402,MU4077,3U8961,07:40:00,10:30:00,2020-12-12 15:34:42,4.4,1030,42
2486,MU4077,3U8961,07:40:00,10:30:00,2020-12-13 16:47:39,4.4,1030,41
2549,MU4077,3U8961,07:40:00,10:30:00,2020-12-14 20:57:51,4.4,1030,40
2603,MU4077,3U8961,07:40:00,10:30:00,2020-12-15 16:14:36,4.4,1030,39
2653,MU4077,3U8961,07:40:00,10:30:00,2020-12-16 15:22:35,4.4,1030,38
2729,MU4077,3U8961,07:40:00,10:30:00,2020-12-17 15:04:59,4.4,1030,37
2766,MU4077,3U8961,07:40:00,10:30:00,2020-12-19 14:11:16,4.4,1030,35
2820,MU4077,3U8961,07:40:00,10:30:00,2020-12-20 14:29:03,4.4,1030,34
2851,MU4077,3U8961,07:40:00,10:30:00,2020-12-21 14:45:45,4.4,1030,33
2927,MU4077,3U8961,07:40:00,10:30:00,2020-12-22 14:05:31,4.4,1030,32
2977,MU4077,3U8961,07:40:00,10:30:00,2020-12-24 13:56:30,4.4,1030,30
3027,MU4077,3U8961,07:40:00,10:30:00,2020-12-25 14:31:16,4.4,1030,29
3083,MU4077,3U8961,07:40:00,10:30:00,2020-12-26 23:48:54,5.4,1260,28
3128,MU4077,3U8961,07:40:00,10:30:00,2020-12-27 14:00:10,5.4,1260,27
3177,MU4077,3U8961,07:40:00,10:30:00,2020-12-28 13:51:01,5.4,1260,26
3209,MU4077,3U8961,07:40:00,10:30:00,2020-12-29 13:50:17,5.4,1260,25
3249,MU4077,3U8961,07:40:00,10:30:00,2020-12-30 14:08:41,7.4,1720,24
3317,MU4077,3U8961,07:40:00,10:30:00,2020-12-31 13:59:35,7.4,1720,23
3364,MU4077,3U8961,07:40:00,10:30:00,2021-01-01 01:58:13,5.4,1260,22
3446,MU4077,3U8961,07:40:00,10:30:00,2021-01-02 14:40:46,7.4,1720,21
3491,MU4077,3U8961,07:40:00,10:30:00,2021-01-04 14:06:38,5.4,1260,19
3557,MU4077,3U8961,07:40:00,10:30:00,2021-01-06 13:52:29,5.4,1260,17
3596,MU4077,3U8961,07:40:00,10:30:00,2021-01-07 14:24:51,5.4,1260,16
3628,MU4077,3U8961,07:40:00,10:30:00,2021-01-08 14:18:53,5.4,1260,15
3668,MU4077,3U8961,07:40:00,10:30:00,2021-01-09 14:16:50,4.4,1030,14
3731,MU4077,3U8961,07:40:00,10:30:00,2021-01-10 13:44:48,4.4,1030,13
3832,MU4077,3U8961,07:40:00,10:30:00,2021-01-13 13:52:59,4.4,1030,10
3862,MU4077,3U8961,07:40:00,10:30:00,2021-01-14 13:42:26,4.4,1030,9
4049,MU4077,3U8961,07:40:00,10:30:00,2021-01-19 13:54:20,6.4,1490,4
4057,MU4077,3U8961,07:40:00,10:30:00,2021-01-20 14:27:46,6.4,1490,3
4112,MU4077,3U8961,07:40:00,10:30:00,2021-01-21 14:27:34,6.4,1490,2
4183,MU4077,3U8961,07:40:00,10:30:00,2021-01-23 14:04:04,6.4,1490,0
2219,MU4079,3U8963,12:30:00,15:20:00,2020-12-09 14:42:35,4.4,1030,45
2298,MU4079,3U8963,12:30:00,15:20:00,2020-12-10 14:27:41,4.4,1030,44
2376,MU4079,3U8963,12:30:00,15:20:00,2020-12-11 14:04:06,4.4,1030,43
2440,MU4079,3U8963,12:30:00,15:20:00,2020-12-12 15:34:42,4.4,1030,42
2463,MU4079,3U8963,12:30:00,15:20:00,2020-12-13 16:47:39,4.4,1030,41
2572,MU4079,3U8963,12:30:00,15:20:00,2020-12-14 20:57:51,4.4,1030,40
2641,MU4079,3U8963,12:30:00,15:20:00,2020-12-15 16:14:36,4.4,1030,39
2225,MU4081,3U8965,15:45:00,18:40:00,2020-12-09 14:42:35,4.4,1030,45
2318,MU4081,3U8965,15:45:00,18:40:00,2020-12-10 14:27:41,4.4,1030,44
2363,MU4081,3U8965,15:45:00,18:40:00,2020-12-11 14:04:06,4.4,1030,43
2392,MU4081,3U8965,15:45:00,18:40:00,2020-12-12 15:34:42,4.4,1030,42
2476,MU4081,3U8965,15:45:00,18:40:00,2020-12-13 16:47:39,4.4,1030,41
2559,MU4081,3U8965,15:45:00,18:40:00,2020-12-14 20:57:51,4.4,1030,40
2593,MU4081,3U8965,15:45:00,18:40:00,2020-12-15 16:14:36,4.4,1030,39
2681,MU4081,3U8965,15:45:00,18:40:00,2020-12-16 15:22:35,4.4,1030,38
2248,MU4083,3U8967,06:00:00,08:40:00,2020-12-09 14:42:35,4.4,1030,45
2303,MU4083,3U8967,06:00:00,08:40:00,2020-12-10 14:27:41,4.4,1030,44
2381,MU4083,3U8967,06:00:00,08:40:00,2020-12-11 14:04:06,4.4,1030,43
2445,MU4083,3U8967,06:00:00,08:40:00,2020-12-12 15:34:42,4.4,1030,42
2458,MU4083,3U8967,06:00:00,08:40:00,2020-12-13 16:47:39,4.4,1030,41
2576,MU4083,3U8967,06:00:00,08:40:00,2020-12-14 20:57:51,4.4,1030,40
2637,MU4083,3U8967,06:00:00,08:40:00,2020-12-15 16:14:36,4.4,1030,39
2658,MU4083,3U8967,06:00:00,08:40:00,2020-12-16 15:22:35,4.4,1030,38
2690,MU4083,3U8967,06:00:00,08:40:00,2020-12-17 15:04:59,4.4,1030,37
2747,MU4083,3U8967,06:00:00,08:40:00,2020-12-19 14:11:16,4.4,1030,35
2800,MU4083,3U8967,06:00:00,08:40:00,2020-12-20 14:29:03,4.4,1030,34
2855,MU4083,3U8967,06:00:00,08:40:00,2020-12-21 14:45:45,4.4,1030,33
2232,MU4085,3U8969,17:20:00,20:10:00,2020-12-09 14:42:35,4.4,1030,45
2267,MU4085,3U8969,17:20:00,20:10:00,2020-12-10 14:27:41,4.4,1030,44
2332,MU4085,3U8969,17:20:00,20:10:00,2020-12-11 14:04:06,4.4,1030,43
2423,MU4085,3U8969,17:20:00,20:10:00,2020-12-12 15:34:42,4.4,1030,42
2508,MU4085,3U8969,17:20:00,20:10:00,2020-12-13 16:47:39,4.4,1030,41
2527,MU4085,3U8969,17:20:00,20:10:00,2020-12-14 20:57:51,4.4,1030,40
2625,MU4085,3U8969,17:20:00,20:10:00,2020-12-15 16:14:36,4.4,1030,39
2673,MU4085,3U8969,17:20:00,20:10:00,2020-12-16 15:22:35,4.4,1030,38
2719,MU4085,3U8969,17:20:00,20:10:00,2020-12-17 15:04:59,4.4,1030,37
2788,MU4085,3U8969,17:20:00,20:10:00,2020-12-19 14:11:16,4.4,1030,35
2844,MU4085,3U8969,17:20:00,20:10:00,2020-12-20 14:29:03,4.4,1030,34
2897,MU4085,3U8969,17:20:00,20:10:00,2020-12-21 14:45:45,4.4,1030,33
2946,MU4085,3U8969,17:20:00,20:10:00,2020-12-22 14:05:31,4.4,1030,32
2996,MU4085,3U8969,17:20:00,20:10:00,2020-12-24 13:56:30,4.4,1030,30
3046,MU4085,3U8969,17:20:00,20:10:00,2020-12-25 14:31:16,4.4,1030,29
3064,MU4085,3U8969,17:20:00,20:10:00,2020-12-26 23:48:54,5.4,1260,28
3147,MU4085,3U8969,17:20:00,20:10:00,2020-12-27 14:00:10,5.4,1260,27
3196,MU4085,3U8969,17:20:00,20:10:00,2020-12-28 13:51:01,5.4,1260,26
3225,MU4085,3U8969,17:20:00,20:10:00,2020-12-29 13:50:17,5.4,1260,25
3269,MU4085,3U8969,17:20:00,20:10:00,2020-12-30 14:08:41,7.4,1720,24
3299,MU4085,3U8969,17:20:00,20:10:00,2020-12-31 13:59:35,7.4,1720,23
3345,MU4085,3U8969,17:20:00,20:10:00,2021-01-01 01:58:13,5.4,1260,22
3411,MU4085,3U8969,17:20:00,20:10:00,2021-01-02 14:40:46,5.4,1260,21
3473,MU4085,3U8969,17:20:00,20:10:00,2021-01-04 14:06:38,5.4,1260,19
3540,MU4085,3U8969,17:20:00,20:10:00,2021-01-06 13:52:29,5.4,1260,17
3616,MU4085,3U8969,17:20:00,20:10:00,2021-01-07 14:24:51,5.4,1260,16
3653,MU4085,3U8969,17:20:00,20:10:00,2021-01-08 14:18:53,5.4,1260,15
3687,MU4085,3U8969,17:20:00,20:10:00,2021-01-09 14:16:50,4.4,1030,14
3736,MU4085,3U8969,17:20:00,20:10:00,2021-01-10 13:44:48,4.4,1030,13
3807,MU4085,3U8969,17:20:00,20:10:00,2021-01-13 13:52:59,4.4,1030,10
3874,MU4085,3U8969,17:20:00,20:10:00,2021-01-14 13:42:26,4.4,1030,9
4036,MU4085,3U8969,17:20:00,20:10:00,2021-01-19 13:54:20,6.4,1490,4
4080,MU4085,3U8969,17:20:00,20:10:00,2021-01-20 14:27:46,6.4,1490,3
4131,MU4085,3U8969,17:20:00,20:10:00,2021-01-21 14:27:34,6.4,1490,2
4177,MU4085,3U8969,17:20:00,20:10:00,2021-01-23 14:04:04,6.4,1490,0
2253,MU5296,,07:40:00,10:30:00,2020-12-09 14:42:35,2.0,460,45
2287,MU5296,,07:40:00,10:30:00,2020-12-10 14:27:41,1.9,440,44
2353,MU5296,,07:40:00,10:30:00,2020-12-11 14:04:06,2.4,550,43
2403,MU5296,,07:40:00,10:30:00,2020-12-12 15:34:42,2.0,460,42
2487,MU5296,,07:40:00,10:30:00,2020-12-13 16:47:39,2.4,550,41
2548,MU5296,,07:40:00,10:30:00,2020-12-14 20:57:51,2.0,460,40
2604,MU5296,,07:40:00,10:30:00,2020-12-15 16:14:36,2.4,550,39
2647,MU5296,,07:40:00,10:30:00,2020-12-16 15:22:35,2.0,460,38
2730,MU5296,,07:40:00,10:30:00,2020-12-17 15:04:59,2.4,550,37
2767,MU5296,,07:40:00,10:30:00,2020-12-19 14:11:16,2.4,550,35
2821,MU5296,,07:40:00,10:30:00,2020-12-20 14:29:03,2.4,550,34
2876,MU5296,,07:40:00,10:30:00,2020-12-21 14:45:45,2.4,550,33
2929,MU5296,,07:40:00,10:30:00,2020-12-22 14:05:31,2.1,500,32
2979,MU5296,,07:40:00,10:30:00,2020-12-24 13:56:30,2.1,500,30
3029,MU5296,,07:40:00,10:30:00,2020-12-25 14:31:16,2.1,500,29
3081,MU5296,,07:40:00,10:30:00,2020-12-26 23:48:54,2.1,500,28
3130,MU5296,,07:40:00,10:30:00,2020-12-27 14:00:10,2.1,500,27
3179,MU5296,,07:40:00,10:30:00,2020-12-28 13:51:01,2.4,550,26
3211,MU5296,,07:40:00,10:30:00,2020-12-29 13:50:17,2.0,460,25
3251,MU5296,,07:40:00,10:30:00,2020-12-30 14:08:41,2.4,550,24
3315,MU5296,,07:40:00,10:30:00,2020-12-31 13:59:35,2.0,460,23
3362,MU5296,,07:40:00,10:30:00,2021-01-01 01:58:13,1.9,450,22
3388,MU5296,,07:40:00,10:30:00,2021-01-01 14:22:42,2.4,550,22
3448,MU5296,,07:40:00,10:30:00,2021-01-02 14:40:46,2.4,550,21
3493,MU5296,,07:40:00,10:30:00,2021-01-04 14:06:38,1.3,310,19
3536,MU5296,,07:40:00,10:30:00,2021-01-05 14:30:11,1.3,310,18
3555,MU5296,,07:40:00,10:30:00,2021-01-06 13:52:29,1.2,290,17
3594,MU5296,,07:40:00,10:30:00,2021-01-07 14:24:51,1.3,310,16
3626,MU5296,,07:40:00,10:30:00,2021-01-08 14:18:53,1.3,310,15
3702,MU5296,,07:40:00,10:30:00,2021-01-09 14:16:50,1.3,310,14
3729,MU5296,,07:40:00,10:30:00,2021-01-10 13:44:48,1.0,240,13
3751,MU5296,,07:40:00,10:30:00,2021-01-11 14:33:12,1.0,240,12
3777,MU5296,,07:40:00,10:30:00,2021-01-12 14:10:35,1.0,240,11
3830,MU5296,,07:40:00,10:30:00,2021-01-13 13:52:59,1.0,240,10
3864,MU5296,,07:40:00,10:30:00,2021-01-14 13:42:26,0.9,210,9
3918,MU5296,,07:40:00,10:30:00,2021-01-15 13:56:39,2.4,550,8
3934,MU5296,,07:40:00,10:30:00,2021-01-16 13:51:38,2.4,550,7
3972,MU5296,,07:40:00,10:30:00,2021-01-17 13:45:13,2.4,550,6
4002,MU5296,,07:40:00,10:30:00,2021-01-18 13:46:36,2.4,550,5
4047,MU5296,,07:40:00,10:30:00,2021-01-19 13:54:20,2.1,500,4
4059,MU5296,,07:40:00,10:30:00,2021-01-20 14:27:46,2.1,500,3
4110,MU5296,,07:40:00,10:30:00,2021-01-21 14:27:34,2.4,550,2
4146,MU5296,,07:40:00,10:30:00,2021-01-22 13:39:19,3.6,850,1
4185,MU5296,,07:40:00,10:30:00,2021-01-23 14:04:04,2.3,530,0
2245,MU5402,,06:30:00,09:20:00,2020-12-09 14:42:35,1.9,440,45
2279,MU5402,,06:30:00,09:20:00,2020-12-10 14:27:41,1.8,430,44
2345,MU5402,,06:30:00,09:20:00,2020-12-11 14:04:06,2.1,500,43
2410,MU5402,,06:30:00,09:20:00,2020-12-12 15:34:42,1.8,410,42
2495,MU5402,,06:30:00,09:20:00,2020-12-13 16:47:39,2.1,500,41
2540,MU5402,,06:30:00,09:20:00,2020-12-14 20:57:51,1.8,410,40
2612,MU5402,,06:30:00,09:20:00,2020-12-15 16:14:36,2.1,500,39
2661,MU5402,,06:30:00,09:20:00,2020-12-16 15:22:35,1.8,410,38
2738,MU5402,,06:30:00,09:20:00,2020-12-17 15:04:59,2.1,500,37
2775,MU5402,,06:30:00,09:20:00,2020-12-19 14:11:16,2.1,500,35
2829,MU5402,,06:30:00,09:20:00,2020-12-20 14:29:03,2.1,500,34
2884,MU5402,,06:30:00,09:20:00,2020-12-21 14:45:45,2.1,500,33
2933,MU5402,,06:30:00,09:20:00,2020-12-22 14:05:31,2.1,500,32
2983,MU5402,,06:30:00,09:20:00,2020-12-24 13:56:30,2.1,500,30
3033,MU5402,,06:30:00,09:20:00,2020-12-25 14:31:16,2.1,500,29
3077,MU5402,,06:30:00,09:20:00,2020-12-26 23:48:54,2.1,500,28
3134,MU5402,,06:30:00,09:20:00,2020-12-27 14:00:10,2.1,500,27
3183,MU5402,,06:30:00,09:20:00,2020-12-28 13:51:01,2.1,500,26
3215,MU5402,,06:30:00,09:20:00,2020-12-29 13:50:17,1.8,410,25
3255,MU5402,,06:30:00,09:20:00,2020-12-30 14:08:41,2.1,500,24
3311,MU5402,,06:30:00,09:20:00,2020-12-31 13:59:35,1.8,410,23
3358,MU5402,,06:30:00,09:20:00,2021-01-01 01:58:13,2.1,500,22
3389,MU5402,,06:30:00,09:20:00,2021-01-01 14:22:42,2.1,500,22
3452,MU5402,,06:30:00,09:20:00,2021-01-02 14:40:46,2.1,500,21
3486,MU5402,,06:30:00,09:20:00,2021-01-04 14:06:38,1.3,300,19
3535,MU5402,,06:30:00,09:20:00,2021-01-05 14:30:11,1.3,300,18
3552,MU5402,,06:30:00,09:20:00,2021-01-06 13:52:29,1.2,280,17
3591,MU5402,,06:30:00,09:20:00,2021-01-07 14:24:51,1.3,300,16
3664,MU5402,,06:30:00,09:20:00,2021-01-08 14:18:53,1.2,270,15
3699,MU5402,,06:30:00,09:20:00,2021-01-09 14:16:50,1.2,270,14
3724,MU5402,,06:30:00,09:20:00,2021-01-10 13:44:48,1.0,230,13
3769,MU5402,,06:30:00,09:20:00,2021-01-11 14:33:12,1.0,230,12
3776,MU5402,,06:30:00,09:20:00,2021-01-12 14:10:35,1.0,230,11
3825,MU5402,,06:30:00,09:20:00,2021-01-13 13:52:59,0.9,220,10
3844,MU5402,,06:30:00,09:20:00,2021-01-14 13:42:26,0.8,190,9
3891,MU5402,,06:30:00,09:20:00,2021-01-15 13:56:39,2.1,500,8
3935,MU5402,,06:30:00,09:20:00,2021-01-16 13:51:38,2.1,500,7
3976,MU5402,,06:30:00,09:20:00,2021-01-17 13:45:13,2.1,500,6
3998,MU5402,,06:30:00,09:20:00,2021-01-18 13:46:36,2.1,500,5
4016,MU5402,,06:30:00,09:20:00,2021-01-19 13:54:20,1.9,450,4
4076,MU5402,,06:30:00,09:20:00,2021-01-20 14:27:46,1.9,450,3
4106,MU5402,,06:30:00,09:20:00,2021-01-21 14:27:34,2.1,500,2
4144,MU5402,,06:30:00,09:20:00,2021-01-22 13:39:19,3.4,800,1
2221,MU5412,,13:55:00,16:50:00,2020-12-09 14:42:35,2.1,500,45
2313,MU5412,,13:55:00,16:50:00,2020-12-10 14:27:41,2.0,470,44
2322,MU5412,,13:55:00,16:50:00,2020-12-11 14:04:06,2.6,600,43
2397,MU5412,,13:55:00,16:50:00,2020-12-12 15:34:42,1.8,420,42
2481,MU5412,,13:55:00,16:50:00,2020-12-13 16:47:39,2.1,500,41
2554,MU5412,,13:55:00,16:50:00,2020-12-14 20:57:51,1.8,420,40
2598,MU5412,,13:55:00,16:50:00,2020-12-15 16:14:36,2.1,500,39
2684,MU5412,,13:55:00,16:50:00,2020-12-16 15:22:35,1.8,420,38
2708,MU5412,,13:55:00,16:50:00,2020-12-17 15:04:59,2.1,500,37
2762,MU5412,,13:55:00,16:50:00,2020-12-19 14:11:16,2.1,500,35
2816,MU5412,,13:55:00,16:50:00,2020-12-20 14:29:03,2.1,500,34
2871,MU5412,,13:55:00,16:50:00,2020-12-21 14:45:45,2.1,500,33
2923,MU5412,,13:55:00,16:50:00,2020-12-22 14:05:31,2.1,500,32
2973,MU5412,,13:55:00,16:50:00,2020-12-24 13:56:30,2.1,500,30
3023,MU5412,,13:55:00,16:50:00,2020-12-25 14:31:16,2.1,500,29
3087,MU5412,,13:55:00,16:50:00,2020-12-26 23:48:54,2.1,500,28
3124,MU5412,,13:55:00,16:50:00,2020-12-27 14:00:10,2.1,500,27
3173,MU5412,,13:55:00,16:50:00,2020-12-28 13:51:01,2.6,600,26
3235,MU5412,,13:55:00,16:50:00,2020-12-29 13:50:17,2.1,500,25
3245,MU5412,,13:55:00,16:50:00,2020-12-30 14:08:41,2.6,600,24
3321,MU5412,,13:55:00,16:50:00,2020-12-31 13:59:35,2.2,520,23
3368,MU5412,,13:55:00,16:50:00,2021-01-01 01:58:13,1.9,450,22
3393,MU5412,,13:55:00,16:50:00,2021-01-01 14:22:42,2.6,600,22
3442,MU5412,,13:55:00,16:50:00,2021-01-02 14:40:46,2.6,600,21
3511,MU5412,,13:55:00,16:50:00,2021-01-04 14:06:38,1.5,350,19
3521,MU5412,,13:55:00,16:50:00,2021-01-05 14:30:11,1.5,350,18
3560,MU5412,,13:55:00,16:55:00,2021-01-06 13:52:29,1.4,330,17
3599,MU5412,,13:55:00,16:55:00,2021-01-07 14:24:51,1.5,350,16
3631,MU5412,,13:55:00,16:55:00,2021-01-08 14:18:53,1.5,350,15
3671,MU5412,,13:55:00,16:55:00,2021-01-09 14:16:50,1.5,350,14
3738,MU5412,,13:55:00,16:55:00,2021-01-10 13:44:48,1.4,330,13
3755,MU5412,,13:55:00,16:55:00,2021-01-11 14:33:12,1.4,330,12
3783,MU5412,,13:55:00,16:55:00,2021-01-12 14:10:35,1.4,330,11
3795,MU5412,,13:55:00,16:55:00,2021-01-13 13:52:59,1.2,280,10
3858,MU5412,,13:55:00,16:55:00,2021-01-14 13:42:26,1.2,280,9
3910,MU5412,,13:55:00,16:55:00,2021-01-15 13:56:39,2.6,600,8
3922,MU5412,,13:55:00,16:55:00,2021-01-16 13:51:38,2.6,600,7
3943,MU5412,,13:55:00,16:55:00,2021-01-17 13:45:13,2.6,600,6
4014,MU5412,,13:55:00,16:55:00,2021-01-18 13:46:36,2.6,600,5
4025,MU5412,,13:55:00,16:55:00,2021-01-19 13:54:20,2.4,550,4
4088,MU5412,,13:55:00,16:55:00,2021-01-20 14:27:46,2.4,550,3
4100,MU5412,,13:55:00,16:55:00,2021-01-21 14:27:34,2.6,600,2
4152,MU5412,,13:55:00,16:55:00,2021-01-22 13:39:19,3.9,900,1
4189,MU5412,,13:55:00,16:55:00,2021-01-23 14:04:04,2.5,580,0
2235,MU5420,,17:00:00,20:00:00,2020-12-09 14:42:35,2.1,500,45
2271,MU5420,,17:00:00,20:00:00,2020-12-10 14:27:41,2.0,470,44
2336,MU5420,,17:00:00,20:00:00,2020-12-11 14:04:06,2.6,600,43
2419,MU5420,,17:00:00,20:00:00,2020-12-12 15:34:42,1.8,420,42
2504,MU5420,,17:00:00,20:00:00,2020-12-13 16:47:39,2.1,500,41
2531,MU5420,,17:00:00,20:00:00,2020-12-14 20:57:51,1.8,420,40
2621,MU5420,,17:00:00,20:00:00,2020-12-15 16:14:36,2.1,500,39
2671,MU5420,,17:00:00,20:00:00,2020-12-16 15:22:35,1.8,420,38
2715,MU5420,,17:00:00,20:00:00,2020-12-17 15:04:59,2.1,500,37
2784,MU5420,,17:00:00,20:00:00,2020-12-19 14:11:16,2.1,500,35
2840,MU5420,,17:00:00,20:00:00,2020-12-20 14:29:03,2.1,500,34
2893,MU5420,,17:00:00,20:00:00,2020-12-21 14:45:45,2.1,500,33
2943,MU5420,,17:00:00,20:00:00,2020-12-22 14:05:31,2.1,500,32
2993,MU5420,,17:00:00,20:00:00,2020-12-24 13:56:30,2.1,500,30
3043,MU5420,,17:00:00,20:00:00,2020-12-25 14:31:16,2.1,500,29
3067,MU5420,,17:00:00,20:00:00,2020-12-26 23:48:54,2.1,500,28
3144,MU5420,,17:00:00,20:00:00,2020-12-27 14:00:10,2.1,500,27
3193,MU5420,,17:00:00,20:00:00,2020-12-28 13:51:01,2.6,600,26
3223,MU5420,,17:00:00,20:00:00,2020-12-29 13:50:17,2.1,500,25
3266,MU5420,,17:00:00,20:00:00,2020-12-30 14:08:41,2.6,600,24
3302,MU5420,,17:00:00,20:00:00,2020-12-31 13:59:35,2.2,520,23
3347,MU5420,,17:00:00,20:00:00,2021-01-01 01:58:13,1.9,450,22
3397,MU5420,,17:00:00,20:00:00,2021-01-01 14:22:42,2.6,600,22
3420,MU5420,,17:00:00,20:00:00,2021-01-02 14:40:46,2.6,600,21
3476,MU5420,,17:00:00,20:00:00,2021-01-04 14:06:38,1.7,400,19
3530,MU5420,,17:00:00,20:00:00,2021-01-05 14:30:11,1.7,400,18
3543,MU5420,,17:00:00,20:00:00,2021-01-06 13:52:29,1.6,380,17
3613,MU5420,,17:00:00,20:00:00,2021-01-07 14:24:51,1.7,400,16
3656,MU5420,,17:00:00,20:00:00,2021-01-08 14:18:53,1.5,350,15
3690,MU5420,,17:00:00,20:00:00,2021-01-09 14:16:50,1.5,350,14
3712,MU5420,,17:00:00,20:00:00,2021-01-10 13:44:48,1.3,300,13
3763,MU5420,,17:00:00,20:00:00,2021-01-11 14:33:12,1.3,300,12
3787,MU5420,,17:00:00,20:00:00,2021-01-12 14:10:35,1.3,300,11
3813,MU5420,,17:00:00,20:00:00,2021-01-13 13:52:59,1.2,280,10
3877,MU5420,,17:00:00,20:00:00,2021-01-14 13:42:26,1.2,280,9
3906,MU5420,,17:00:00,20:00:00,2021-01-15 13:56:39,3.6,840,8
3930,MU5420,,17:00:00,20:00:00,2021-01-16 13:51:38,2.6,600,7
3957,MU5420,,17:00:00,20:00:00,2021-01-17 13:45:13,2.6,600,6
3986,MU5420,,17:00:00,20:00:00,2021-01-18 13:46:36,2.6,600,5
4042,MU5420,,17:00:00,20:00:00,2021-01-19 13:54:20,2.4,550,4
4064,MU5420,,17:00:00,20:00:00,2021-01-20 14:27:46,2.4,550,3
4126,MU5420,,17:00:00,20:00:00,2021-01-21 14:27:34,2.6,600,2
4150,MU5420,,17:00:00,20:00:00,2021-01-22 13:39:19,3.9,900,1
4172,MU5420,,17:00:00,20:00:00,2021-01-23 14:04:04,3.9,900,0
2220,MU5641,,14:55:00,17:55:00,2020-12-09 14:42:35,2.1,500,45
2258,MU5641,,14:55:00,17:55:00,2020-12-10 14:27:41,2.0,470,44
2323,MU5641,,14:55:00,17:55:00,2020-12-11 14:04:06,2.6,600,43
2432,MU5641,,14:55:00,17:55:00,2020-12-12 15:34:42,1.8,420,42
2457,MU5641,,14:55:00,17:55:00,2020-12-13 16:47:39,2.1,500,41
2518,MU5641,,14:55:00,17:55:00,2020-12-14 20:57:51,1.8,420,40
2634,MU5641,,14:55:00,17:55:00,2020-12-15 16:14:36,2.1,500,39
2685,MU5641,,14:55:00,17:55:00,2020-12-16 15:22:35,1.8,420,38
2727,MU5641,,14:55:00,17:55:00,2020-12-17 15:04:59,2.1,500,37
2796,MU5641,,14:55:00,17:55:00,2020-12-19 14:11:16,2.1,500,35
2836,MU5641,,14:55:00,17:55:00,2020-12-20 14:29:03,2.1,500,34
2904,MU5641,,14:55:00,17:55:00,2020-12-21 14:45:45,2.1,500,33
2954,MU5641,,14:55:00,17:55:00,2020-12-22 14:05:31,2.1,500,32
3004,MU5641,,14:55:00,17:55:00,2020-12-24 13:56:30,2.1,500,30
3054,MU5641,,14:55:00,17:55:00,2020-12-25 14:31:16,2.1,500,29
3056,MU5641,,14:55:00,17:55:00,2020-12-26 23:48:54,2.1,500,28
3105,MU5641,,14:55:00,17:55:00,2020-12-27 14:00:10,2.1,500,27
3204,MU5641,,14:55:00,17:55:00,2020-12-28 13:51:01,2.6,600,26
3236,MU5641,,14:55:00,17:55:00,2020-12-29 13:50:17,2.1,500,25
3260,MU5641,,14:55:00,17:55:00,2020-12-30 14:08:41,2.6,600,24
3291,MU5641,,14:55:00,17:55:00,2020-12-31 13:59:35,2.2,520,23
3338,MU5641,,14:55:00,17:55:00,2021-01-01 01:58:13,1.9,450,22
3398,MU5641,,14:55:00,17:55:00,2021-01-01 14:22:42,2.6,600,22
3419,MU5641,,14:55:00,17:55:00,2021-01-02 14:40:46,2.6,600,21
3518,MU5641,,14:55:00,17:55:00,2021-01-04 14:06:38,1.5,350,19
3520,MU5641,,14:55:00,17:55:00,2021-01-05 14:30:11,1.5,350,18
3578,MU5641,,14:55:00,17:55:00,2021-01-06 13:52:29,1.4,330,17
3590,MU5641,,14:55:00,17:55:00,2021-01-07 14:24:51,1.5,350,16
3647,MU5641,,14:55:00,17:55:00,2021-01-08 14:18:53,1.5,350,15
3703,MU5641,,14:55:00,17:55:00,2021-01-09 14:16:50,1.5,350,14
3737,MU5641,,14:55:00,17:55:00,2021-01-10 13:44:48,1.4,330,13
3756,MU5641,,14:55:00,17:55:00,2021-01-11 14:33:12,1.4,330,12
3784,MU5641,,14:55:00,17:55:00,2021-01-12 14:10:35,1.4,330,11
3796,MU5641,,14:55:00,17:55:00,2021-01-13 13:52:59,1.2,280,10
3882,MU5641,,14:55:00,17:55:00,2021-01-14 13:42:26,1.2,280,9
3894,MU5641,,14:55:00,17:55:00,2021-01-15 13:56:39,2.6,600,8
3921,MU5641,,14:55:00,17:55:00,2021-01-16 13:51:38,2.6,600,7
3942,MU5641,,14:55:00,17:55:00,2021-01-17 13:45:13,2.6,600,6
4013,MU5641,,14:55:00,17:55:00,2021-01-18 13:46:36,2.6,600,5
4024,MU5641,,14:55:00,17:55:00,2021-01-19 13:54:20,2.4,550,4
4090,MU5641,,14:55:00,17:55:00,2021-01-20 14:27:46,2.4,550,3
4101,MU5641,,14:55:00,17:55:00,2021-01-21 14:27:34,2.6,600,2
4153,MU5641,,14:55:00,17:55:00,2021-01-22 13:39:19,3.9,900,1
4191,MU5641,,14:55:00,17:55:00,2021-01-23 14:04:04,2.5,580,0
2237,MU8444,FM9544,13:00:00,16:00:00,2020-12-09 14:42:35,2.2,520,45
2292,MU8444,FM9544,13:00:00,16:00:00,2020-12-10 14:27:41,2.1,480,44
2370,MU8444,FM9544,13:00:00,16:00:00,2020-12-11 14:04:06,2.1,480,43
2434,MU8444,FM9544,13:00:00,16:00:00,2020-12-12 15:34:42,2.6,600,42
2469,MU8444,FM9544,13:00:00,16:00:00,2020-12-13 16:47:39,2.1,500,41
2566,MU8444,FM9544,13:00:00,16:00:00,2020-12-14 20:57:51,2.1,500,40
2586,MU8444,FM9544,13:00:00,16:00:00,2020-12-15 16:14:36,2.1,500,39
2669,MU8444,FM9544,13:00:00,16:00:00,2020-12-16 15:22:35,3.5,820,38
2699,MU8444,FM9544,13:00:00,16:00:00,2020-12-17 15:04:59,2.1,500,37
2753,MU8444,FM9544,13:00:00,16:00:00,2020-12-19 14:11:16,2.1,500,35
2807,MU8444,FM9544,13:00:00,16:00:00,2020-12-20 14:29:03,2.1,500,34
2862,MU8444,FM9544,13:00:00,16:00:00,2020-12-21 14:45:45,2.1,500,33
2914,MU8444,FM9544,13:00:00,16:00:00,2020-12-22 14:05:31,2.1,500,32
2964,MU8444,FM9544,13:00:00,16:00:00,2020-12-24 13:56:30,2.1,500,30
3014,MU8444,FM9544,13:00:00,16:00:00,2020-12-25 14:31:16,2.1,500,29
3095,MU8444,FM9544,13:00:00,16:00:00,2020-12-26 23:48:54,2.1,500,28
3115,MU8444,FM9544,13:00:00,16:00:00,2020-12-27 14:00:10,2.1,500,27
3165,MU8444,FM9544,13:00:00,16:00:00,2020-12-28 13:51:01,2.6,600,26
3221,MU8444,FM9544,13:00:00,16:00:00,2020-12-29 13:50:17,2.1,500,25
3281,MU8444,FM9544,13:00:00,16:00:00,2020-12-30 14:08:41,2.6,600,24
3330,MU8444,FM9544,13:00:00,16:00:00,2020-12-31 13:59:35,2.6,600,23
3377,MU8444,FM9544,13:00:00,16:00:00,2021-01-01 01:58:13,2.1,500,22
3395,MU8444,FM9544,13:00:00,16:00:00,2021-01-01 14:22:42,3.1,730,22
3433,MU8444,FM9544,13:00:00,16:00:00,2021-01-02 14:40:46,2.6,600,21
3502,MU8444,FM9544,13:00:00,16:00:00,2021-01-04 14:06:38,1.7,400,19
3519,MU8444,FM9544,13:00:00,16:00:00,2021-01-05 14:30:11,2.9,670,18
3570,MU8444,FM9544,13:00:00,16:00:00,2021-01-06 13:52:29,1.7,400,17
3588,MU8444,FM9544,13:00:00,16:00:00,2021-01-07 14:24:51,1.7,400,16
3639,MU8444,FM9544,13:00:00,16:00:00,2021-01-08 14:18:53,1.5,350,15
3679,MU8444,FM9544,13:00:00,16:00:00,2021-01-09 14:16:50,1.5,350,14
3714,MU8444,FM9544,13:00:00,16:00:00,2021-01-10 13:44:48,1.0,240,13
3761,MU8444,FM9544,13:00:00,16:00:00,2021-01-11 14:33:12,2.9,670,12
3785,MU8444,FM9544,13:00:00,16:00:00,2021-01-12 14:10:35,2.9,680,11
3815,MU8444,FM9544,13:00:00,16:00:00,2021-01-13 13:52:59,1.0,240,10
3833,MU8444,FM9544,13:00:00,16:00:00,2021-01-14 13:42:26,1.0,240,9
3909,MU8444,FM9544,13:00:00,16:00:00,2021-01-15 13:56:39,2.6,600,8
3940,MU8444,FM9544,13:00:00,16:00:00,2021-01-16 13:51:38,3.5,820,7
3960,MU8444,FM9544,13:00:00,16:00:00,2021-01-17 13:45:13,2.6,600,6
3989,MU8444,FM9544,13:00:00,16:00:00,2021-01-18 13:46:36,2.6,600,5
4044,MU8444,FM9544,13:00:00,16:00:00,2021-01-19 13:54:20,2.6,600,4
4067,MU8444,FM9544,13:00:00,16:00:00,2021-01-20 14:27:46,2.6,600,3
4123,MU8444,FM9544,13:00:00,16:00:00,2021-01-21 14:27:34,2.6,600,2
4148,MU8444,FM9544,13:00:00,16:00:00,2021-01-22 13:39:19,4.5,1050,1
4169,MU8444,FM9544,13:00:00,16:00:00,2021-01-23 14:04:04,2.6,600,0
2246,TV6311,CA4513,10:20:00,13:05:00,2020-12-09 14:42:35,4.5,950,45
2301,TV6311,CA4513,10:20:00,13:05:00,2020-12-10 14:27:41,4.5,950,44
2379,TV6311,CA4513,10:20:00,13:05:00,2020-12-11 14:04:06,4.5,950,43
2443,TV6311,CA4513,10:20:00,13:05:00,2020-12-12 15:34:42,4.5,950,42
2460,TV6311,CA4513,10:20:00,13:05:00,2020-12-13 16:47:39,4.5,950,41
2517,TV6311,CA4513,10:20:00,13:05:00,2020-12-14 20:57:51,4.5,950,40
2639,TV6311,CA4513,10:20:00,13:05:00,2020-12-15 16:14:36,4.5,950,39
2659,TV6311,CA4513,10:20:00,13:05:00,2020-12-16 15:22:35,4.5,950,38
2691,TV6311,CA4513,10:20:00,13:05:00,2020-12-17 15:04:59,4.5,950,37
2748,TV6311,CA4513,10:20:00,13:05:00,2020-12-19 14:11:16,4.5,950,35
2801,TV6311,CA4513,10:20:00,13:05:00,2020-12-20 14:29:03,4.5,950,34
2856,TV6311,CA4513,10:20:00,13:05:00,2020-12-21 14:45:45,4.5,950,33
2908,TV6311,CA4513,10:20:00,13:05:00,2020-12-22 14:05:31,4.5,950,32
2958,TV6311,CA4513,10:20:00,13:05:00,2020-12-24 13:56:30,4.5,950,30
3008,TV6311,CA4513,10:20:00,13:05:00,2020-12-25 14:31:16,4.5,950,29
3101,TV6311,CA4513,10:20:00,13:05:00,2020-12-26 23:48:54,4.5,950,28
3109,TV6311,CA4513,10:20:00,13:05:00,2020-12-27 14:00:10,4.5,950,27
3159,TV6311,CA4513,10:20:00,13:05:00,2020-12-28 13:51:01,4.5,950,26
3214,TV6311,CA4513,10:20:00,13:05:00,2020-12-29 13:50:17,4.5,950,25
3285,TV6311,CA4513,10:20:00,13:05:00,2020-12-30 14:08:41,4.5,950,24
3336,TV6311,CA4513,10:20:00,13:05:00,2020-12-31 13:59:35,4.5,950,23
3383,TV6311,CA4513,10:20:00,13:05:00,2021-01-01 01:58:13,4.5,950,22
3427,TV6311,CA4513,10:20:00,13:05:00,2021-01-02 14:40:46,4.5,950,21
3496,TV6311,CA4513,10:20:00,13:05:00,2021-01-04 14:06:38,4.5,950,19
3566,TV6311,CA4513,10:20:00,13:05:00,2021-01-06 13:52:29,4.5,950,17
3584,TV6311,CA4513,10:20:00,13:05:00,2021-01-07 14:24:51,4.5,950,16
3642,TV6311,CA4513,10:20:00,13:05:00,2021-01-08 14:18:53,5.0,1060,15
3683,TV6311,CA4513,10:20:00,13:05:00,2021-01-09 14:16:50,4.5,950,14
3725,TV6311,CA4513,10:20:00,13:05:00,2021-01-10 13:44:48,4.5,950,13
3826,TV6311,CA4513,10:20:00,13:05:00,2021-01-13 13:52:59,4.5,950,10
3837,TV6311,CA4513,10:20:00,13:05:00,2021-01-14 13:42:26,4.5,950,9
4158,TV6311,CA4513,10:20:00,13:05:00,2021-01-23 14:04:04,2.8,600,0
2238,TV6319,CA4535,17:25:00,20:15:00,2020-12-09 14:42:35,4.5,950,45
2274,TV6319,CA4535,17:25:00,20:15:00,2020-12-10 14:27:41,4.5,950,44
2339,TV6319,CA4535,17:25:00,20:15:00,2020-12-11 14:04:06,4.5,950,43
2416,TV6319,CA4535,17:25:00,20:15:00,2020-12-12 15:34:42,4.5,950,42
2501,TV6319,CA4535,17:25:00,20:15:00,2020-12-13 16:47:39,4.5,950,41
2534,TV6319,CA4535,17:25:00,20:15:00,2020-12-14 20:57:51,4.5,950,40
2618,TV6319,CA4535,17:25:00,20:15:00,2020-12-15 16:14:36,4.5,950,39
2668,TV6319,CA4535,17:25:00,20:15:00,2020-12-16 15:22:35,4.5,950,38
2712,TV6319,CA4535,17:25:00,20:15:00,2020-12-17 15:04:59,4.5,950,37
2781,TV6319,CA4535,17:25:00,20:15:00,2020-12-19 14:11:16,4.5,950,35
2837,TV6319,CA4535,17:25:00,20:15:00,2020-12-20 14:29:03,4.5,950,34
2890,TV6319,CA4535,17:25:00,20:15:00,2020-12-21 14:45:45,4.5,950,33
2939,TV6319,CA4535,17:25:00,20:15:00,2020-12-22 14:05:31,4.5,950,32
2989,TV6319,CA4535,17:25:00,20:15:00,2020-12-24 13:56:30,4.5,950,30
3039,TV6319,CA4535,17:25:00,20:15:00,2020-12-25 14:31:16,4.5,950,29
3071,TV6319,CA4535,17:25:00,20:15:00,2020-12-26 23:48:54,4.5,950,28
3140,TV6319,CA4535,17:25:00,20:15:00,2020-12-27 14:00:10,4.5,950,27
3189,TV6319,CA4535,17:25:00,20:15:00,2020-12-28 13:51:01,4.5,950,26
3205,TV6319,CA4535,17:25:00,20:15:00,2020-12-29 13:50:17,4.5,950,25
3262,TV6319,CA4535,17:25:00,20:15:00,2020-12-30 14:08:41,4.5,950,24
3290,TV6319,CA4535,17:25:00,20:15:00,2020-12-31 13:59:35,4.5,950,23
3352,TV6319,CA4535,17:25:00,20:15:00,2021-01-01 01:58:13,4.5,950,22
3421,TV6319,CA4535,17:25:00,20:15:00,2021-01-02 14:40:46,4.5,950,21
3480,TV6319,CA4535,17:25:00,20:15:00,2021-01-04 14:06:38,4.5,950,19
3546,TV6319,CA4535,17:25:00,20:15:00,2021-01-06 13:52:29,4.5,950,17
3610,TV6319,CA4535,17:25:00,20:15:00,2021-01-07 14:24:51,4.5,950,16
3659,TV6319,CA4535,17:25:00,20:15:00,2021-01-08 14:18:53,5.0,1060,15
3693,TV6319,CA4535,17:25:00,20:15:00,2021-01-09 14:16:50,4.5,950,14
3715,TV6319,CA4535,17:25:00,20:15:00,2021-01-10 13:44:48,4.5,950,13
3816,TV6319,CA4535,17:25:00,20:15:00,2021-01-13 13:52:59,4.5,950,10
3881,TV6319,CA4535,17:25:00,20:15:00,2021-01-14 13:42:26,4.5,950,9
4167,TV6319,CA4535,17:25:00,20:15:00,2021-01-23 14:04:04,2.8,600,0
2252,TV6459,EU6667,16:40:00,19:25:00,2020-12-09 14:42:35,10.0,2330,45
2305,TV6459,EU6667,16:40:00,19:25:00,2020-12-10 14:27:41,10.0,2330,44
2383,TV6459,EU6667,16:40:00,19:25:00,2020-12-11 14:04:06,10.0,2330,43
2447,TV6459,EU6667,16:40:00,19:25:00,2020-12-12 15:34:42,10.0,2330,42
2454,TV6459,EU6667,16:40:00,19:25:00,2020-12-13 16:47:39,10.0,2330,41
2578,TV6459,EU6667,16:40:00,19:25:00,2020-12-14 20:57:51,10.0,2330,40
2635,TV6459,EU6667,16:40:00,19:25:00,2020-12-15 16:14:36,10.0,2330,39
2655,TV6459,EU6667,16:40:00,19:25:00,2020-12-16 15:22:35,10.0,2330,38
2688,TV6459,EU6667,16:40:00,19:25:00,2020-12-17 15:04:59,10.0,2330,37
2746,TV6459,EU6667,16:40:00,19:25:00,2020-12-19 14:11:16,10.0,2330,35
2799,TV6459,EU6667,16:40:00,19:25:00,2020-12-20 14:29:03,10.0,2330,34
2854,TV6459,EU6667,16:40:00,19:25:00,2020-12-21 14:45:45,10.0,2330,33
2907,TV6459,EU6667,16:40:00,19:25:00,2020-12-22 14:05:31,10.0,2330,32
2957,TV6459,EU6667,16:40:00,19:25:00,2020-12-24 13:56:30,10.0,2330,30
3007,TV6459,EU6667,16:40:00,19:25:00,2020-12-25 14:31:16,10.0,2330,29
3102,TV6459,EU6667,16:40:00,19:25:00,2020-12-26 23:48:54,10.0,2330,28
3108,TV6459,EU6667,16:40:00,19:25:00,2020-12-27 14:00:10,10.0,2330,27
3158,TV6459,EU6667,16:40:00,19:25:00,2020-12-28 13:51:01,10.0,2330,26
3212,TV6459,EU6667,16:40:00,19:25:00,2020-12-29 13:50:17,10.0,2330,25
3284,TV6459,EU6667,16:40:00,19:25:00,2020-12-30 14:08:41,10.0,2330,24
3289,TV6459,EU6667,16:40:00,19:25:00,2020-12-31 13:59:35,10.0,2330,23
3386,TV6459,EU6667,16:40:00,19:25:00,2021-01-01 01:58:13,10.0,2330,22
3426,TV6459,EU6667,16:40:00,19:25:00,2021-01-02 14:40:46,10.0,2330,21
3495,TV6459,EU6667,16:40:00,19:25:00,2021-01-04 14:06:38,10.0,2330,19
3565,TV6459,EU6667,16:40:00,19:25:00,2021-01-06 13:52:29,10.0,2330,17
3583,TV6459,EU6667,16:40:00,19:25:00,2021-01-07 14:24:51,10.0,2330,16
3643,TV6459,EU6667,16:40:00,19:25:00,2021-01-08 14:18:53,10.0,2330,15
3684,TV6459,EU6667,16:40:00,19:25:00,2021-01-09 14:16:50,10.0,2330,14
3728,TV6459,EU6667,16:40:00,19:25:00,2021-01-10 13:44:48,10.0,2330,13
3829,TV6459,EU6667,16:40:00,19:25:00,2021-01-13 13:52:59,10.0,2330,10
3836,TV6459,EU6667,16:40:00,19:25:00,2021-01-14 13:42:26,10.0,2330,9
3919,TV6459,EU6667,16:40:00,19:25:00,2021-01-15 13:56:39,10.0,2330,8
3973,TV6459,EU6667,16:40:00,19:25:00,2021-01-17 13:45:13,10.0,2330,6
4001,TV6459,EU6667,16:40:00,19:25:00,2021-01-18 13:46:36,10.0,2330,5
4046,TV6459,EU6667,16:40:00,19:25:00,2021-01-19 13:54:20,10.0,2330,4
4060,TV6459,EU6667,16:40:00,19:25:00,2021-01-20 14:27:46,10.0,2330,3
4109,TV6459,EU6667,16:40:00,19:25:00,2021-01-21 14:27:34,10.0,2330,2
4186,TV6459,EU6667,16:40:00,19:25:00,2021-01-23 14:04:04,10.0,2330,0
2316,ZH1948,CA1948,12:20:00,15:15:00,2020-12-10 14:27:41,3.0,700,44
2361,ZH1948,CA1948,12:20:00,15:15:00,2020-12-11 14:04:06,3.0,700,43
2394,ZH1948,CA1948,12:20:00,15:15:00,2020-12-12 15:34:42,2.4,550,42
2478,ZH1948,CA1948,12:20:00,15:15:00,2020-12-13 16:47:39,2.1,500,41
2557,ZH1948,CA1948,12:20:00,15:15:00,2020-12-14 20:57:51,2.1,500,40
2595,ZH1948,CA1948,12:20:00,15:15:00,2020-12-15 16:14:36,2.1,500,39
2705,ZH1948,CA1948,12:20:00,15:15:00,2020-12-17 15:04:59,2.1,500,37
2759,ZH1948,CA1948,12:20:00,15:15:00,2020-12-19 14:11:16,2.1,500,35
2813,ZH1948,CA1948,12:20:00,15:15:00,2020-12-20 14:29:03,2.1,500,34
2868,ZH1948,CA1948,12:20:00,15:15:00,2020-12-21 14:45:45,2.1,500,33
2920,ZH1948,CA1948,12:20:00,15:15:00,2020-12-22 14:05:31,2.1,500,32
2970,ZH1948,CA1948,12:20:00,15:15:00,2020-12-24 13:56:30,2.1,500,30
3020,ZH1948,CA1948,12:20:00,15:15:00,2020-12-25 14:31:16,1.7,400,29
3090,ZH1948,CA1948,12:20:00,15:15:00,2020-12-26 23:48:54,2.1,500,28
3121,ZH1948,CA1948,12:20:00,15:15:00,2020-12-27 14:00:10,2.1,500,27
3170,ZH1948,CA1948,12:20:00,15:15:00,2020-12-28 13:51:01,2.1,500,26
3242,ZH1948,CA1948,12:20:00,15:15:00,2020-12-30 14:08:41,2.6,600,24
3324,ZH1948,CA1948,12:20:00,15:10:00,2020-12-31 13:59:35,2.6,600,23
3371,ZH1948,CA1948,12:20:00,15:10:00,2021-01-01 01:58:13,2.6,600,22
3439,ZH1948,CA1948,12:20:00,15:10:00,2021-01-02 14:40:46,2.6,600,21
3508,ZH1948,CA1948,12:20:00,15:10:00,2021-01-04 14:06:38,2.6,600,19
3855,ZH1948,CA1948,12:20:00,15:10:00,2021-01-14 13:42:26,4.1,950,9
4199,ZH1948,CA1948,12:20:00,15:10:00,2021-01-23 14:04:04,2.6,600,0
2260,ZH1950,CA1950,21:05:00,23:50:00,2020-12-10 14:27:41,2.3,530,44
2325,ZH1950,CA1950,21:05:00,23:50:00,2020-12-11 14:04:06,2.3,530,43
2430,ZH1950,CA1950,21:05:00,23:50:00,2020-12-12 15:34:42,2.3,530,42
2515,ZH1950,CA1950,21:05:00,23:50:00,2020-12-13 16:47:39,2.3,530,41
2520,ZH1950,CA1950,21:05:00,23:50:00,2020-12-14 20:57:51,2.3,530,40
2632,ZH1950,CA1950,21:05:00,23:50:00,2020-12-15 16:14:36,2.3,530,39
2725,ZH1950,CA1950,21:05:00,23:50:00,2020-12-17 15:04:59,2.3,530,37
2794,ZH1950,CA1950,21:05:00,23:50:00,2020-12-19 14:11:16,2.3,530,35
2835,ZH1950,CA1950,21:05:00,23:50:00,2020-12-20 14:29:03,2.3,530,34
2902,ZH1950,CA1950,21:05:00,23:50:00,2020-12-21 14:45:45,2.3,530,33
2952,ZH1950,CA1950,21:05:00,23:50:00,2020-12-22 14:05:31,2.3,530,32
3002,ZH1950,CA1950,21:05:00,23:50:00,2020-12-24 13:56:30,2.3,530,30
3052,ZH1950,CA1950,21:05:00,23:50:00,2020-12-25 14:31:16,1.7,400,29
3058,ZH1950,CA1950,21:05:00,23:50:00,2020-12-26 23:48:54,2.3,530,28
3153,ZH1950,CA1950,21:05:00,23:50:00,2020-12-27 14:00:10,2.3,530,27
3202,ZH1950,CA1950,21:05:00,23:50:00,2020-12-28 13:51:01,2.3,530,26
3275,ZH1950,CA1950,21:05:00,23:50:00,2020-12-30 14:08:41,2.4,550,24
3293,ZH1950,CA1950,21:05:00,23:50:00,2020-12-31 13:59:35,2.4,550,23
3340,ZH1950,CA1950,21:05:00,23:50:00,2021-01-01 01:58:13,2.4,550,22
3417,ZH1950,CA1950,21:05:00,23:50:00,2021-01-02 14:40:46,2.4,550,21
3516,ZH1950,CA1950,21:05:00,23:50:00,2021-01-04 14:06:38,2.4,550,19
3868,ZH1950,CA1950,21:05:00,23:50:00,2021-01-14 13:42:26,4.1,950,9
2283,ZH4293,CA4293,13:30:00,16:20:00,2020-12-10 14:27:41,3.0,700,44
2349,ZH4293,CA4293,13:30:00,16:20:00,2020-12-11 14:04:06,3.0,700,43
2406,ZH4293,CA4293,13:25:00,16:20:00,2020-12-12 15:34:42,2.4,550,42
2491,ZH4293,CA4293,13:25:00,16:20:00,2020-12-13 16:47:39,2.1,500,41
2544,ZH4293,CA4293,13:25:00,16:20:00,2020-12-14 20:57:51,2.1,500,40
2608,ZH4293,CA4293,13:25:00,16:20:00,2020-12-15 16:14:36,2.1,500,39
2734,ZH4293,CA4293,13:25:00,16:20:00,2020-12-17 15:04:59,2.1,500,37
2771,ZH4293,CA4293,13:25:00,16:20:00,2020-12-19 14:11:16,2.1,500,35
2825,ZH4293,CA4293,13:25:00,16:20:00,2020-12-20 14:29:03,2.1,500,34
2880,ZH4293,CA4293,13:25:00,16:20:00,2020-12-21 14:45:45,2.1,500,33
2932,ZH4293,CA4293,13:25:00,16:20:00,2020-12-22 14:05:31,2.1,500,32
2982,ZH4293,CA4293,13:25:00,16:20:00,2020-12-24 13:56:30,2.1,500,30
3032,ZH4293,CA4293,13:25:00,16:20:00,2020-12-25 14:31:16,1.7,400,29
3078,ZH4293,CA4293,13:25:00,16:20:00,2020-12-26 23:48:54,2.1,500,28
3133,ZH4293,CA4293,13:25:00,16:20:00,2020-12-27 14:00:10,2.1,500,27
3182,ZH4293,CA4293,13:25:00,16:20:00,2020-12-28 13:51:01,2.1,500,26
3254,ZH4293,CA4293,13:25:00,16:20:00,2020-12-30 14:08:41,2.6,600,24
3312,ZH4293,CA4293,13:25:00,16:20:00,2020-12-31 13:59:35,2.6,600,23
3359,ZH4293,CA4293,13:25:00,16:20:00,2021-01-01 01:58:13,2.6,600,22
3451,ZH4293,CA4293,13:25:00,16:20:00,2021-01-02 14:40:46,2.6,600,21
3487,ZH4293,CA4293,13:25:00,16:20:00,2021-01-04 14:06:38,2.6,600,19
3843,ZH4293,CA4293,13:25:00,16:20:00,2021-01-14 13:42:26,4.1,950,9
2297,ZH4479,CA4479,16:15:00,20:45:00,2020-12-10 14:27:41,3.9,900,44
2375,ZH4479,CA4479,16:15:00,20:45:00,2020-12-11 14:04:06,3.9,900,43
2439,ZH4479,CA4479,16:15:00,20:45:00,2020-12-12 15:34:42,3.9,900,42
2464,ZH4479,CA4479,16:15:00,20:45:00,2020-12-13 16:47:39,3.9,900,41
2571,ZH4479,CA4479,16:15:00,20:45:00,2020-12-14 20:57:51,3.9,900,40
2643,ZH4479,CA4479,16:15:00,20:45:00,2020-12-15 16:14:36,3.9,900,39
2694,ZH4479,CA4479,16:15:00,20:45:00,2020-12-17 15:04:59,3.9,900,37
2750,ZH4479,CA4479,16:15:00,20:45:00,2020-12-19 14:11:16,3.9,900,35
2804,ZH4479,CA4479,16:15:00,20:45:00,2020-12-20 14:29:03,3.9,900,34
2859,ZH4479,CA4479,16:15:00,20:45:00,2020-12-21 14:45:45,3.9,900,33
2911,ZH4479,CA4479,16:15:00,20:45:00,2020-12-22 14:05:31,3.9,900,32
2961,ZH4479,CA4479,16:15:00,20:45:00,2020-12-24 13:56:30,3.9,900,30
3011,ZH4479,CA4479,16:15:00,20:45:00,2020-12-25 14:31:16,1.7,400,29
3098,ZH4479,CA4479,16:15:00,20:45:00,2020-12-26 23:48:54,3.7,860,28
3112,ZH4479,CA4479,16:15:00,20:45:00,2020-12-27 14:00:10,3.7,860,27
3162,ZH4479,CA4479,16:15:00,20:45:00,2020-12-28 13:51:01,3.7,860,26
3277,ZH4479,CA4479,16:15:00,20:45:00,2020-12-30 14:08:41,3.7,860,24
3333,ZH4479,CA4479,16:15:00,20:45:00,2020-12-31 13:59:35,3.7,860,23
3380,ZH4479,CA4479,16:15:00,20:45:00,2021-01-01 01:58:13,3.7,860,22
3430,ZH4479,CA4479,16:15:00,20:45:00,2021-01-02 14:40:46,3.7,860,21
3499,ZH4479,CA4479,16:15:00,20:45:00,2021-01-04 14:06:38,3.7,860,19
3840,ZH4479,CA4479,16:15:00,20:45:00,2021-01-14 13:42:26,4.1,950,9
4163,ZH4479,CA4479,16:15:00,20:45:00,2021-01-23 14:04:04,4.1,950,0
2265,ZH4503,CA4503,08:00:00,10:40:00,2020-12-10 14:27:41,1.9,450,44
2330,ZH4503,CA4503,08:00:00,10:40:00,2020-12-11 14:04:06,2.3,530,43
2425,ZH4503,CA4503,08:00:00,10:40:00,2020-12-12 15:34:42,2.3,530,42
2510,ZH4503,CA4503,08:00:00,10:40:00,2020-12-13 16:47:39,2.3,530,41
2525,ZH4503,CA4503,08:00:00,10:40:00,2020-12-14 20:57:51,2.3,530,40
2627,ZH4503,CA4503,08:00:00,10:40:00,2020-12-15 16:14:36,2.3,530,39
2721,ZH4503,CA4503,08:00:00,10:40:00,2020-12-17 15:04:59,2.3,530,37
2790,ZH4503,CA4503,08:00:00,10:40:00,2020-12-19 14:11:16,2.3,530,35
2846,ZH4503,CA4503,08:00:00,10:40:00,2020-12-20 14:29:03,2.3,530,34
2898,ZH4503,CA4503,08:00:00,10:40:00,2020-12-21 14:45:45,2.3,530,33
2948,ZH4503,CA4503,08:00:00,10:40:00,2020-12-22 14:05:31,2.3,530,32
2998,ZH4503,CA4503,08:00:00,10:40:00,2020-12-24 13:56:30,2.3,530,30
3048,ZH4503,CA4503,08:00:00,10:40:00,2020-12-25 14:31:16,1.7,400,29
3062,ZH4503,CA4503,08:00:00,10:40:00,2020-12-26 23:48:54,2.3,530,28
3149,ZH4503,CA4503,08:00:00,10:40:00,2020-12-27 14:00:10,2.3,530,27
3198,ZH4503,CA4503,08:00:00,10:40:00,2020-12-28 13:51:01,2.3,530,26
3271,ZH4503,CA4503,08:00:00,10:40:00,2020-12-30 14:08:41,2.4,550,24
3297,ZH4503,CA4503,08:00:00,10:40:00,2020-12-31 13:59:35,2.4,550,23
3344,ZH4503,CA4503,08:00:00,10:40:00,2021-01-01 01:58:13,2.4,550,22
3413,ZH4503,CA4503,08:00:00,10:40:00,2021-01-02 14:40:46,2.4,550,21
3471,ZH4503,CA4503,08:00:00,10:40:00,2021-01-04 14:06:38,2.4,550,19
3872,ZH4503,CA4503,08:00:00,10:40:00,2021-01-14 13:42:26,4.1,950,9
4195,ZH4503,CA4503,08:00:00,10:40:00,2021-01-23 14:04:04,2.4,550,0
2273,ZH4513,CA4513,10:20:00,13:05:00,2020-12-10 14:27:41,2.5,590,44
2338,ZH4513,CA4513,10:20:00,13:05:00,2020-12-11 14:04:06,2.5,590,43
2417,ZH4513,CA4513,10:20:00,13:05:00,2020-12-12 15:34:42,2.1,500,42
2502,ZH4513,CA4513,10:20:00,13:05:00,2020-12-13 16:47:39,2.1,500,41
2533,ZH4513,CA4513,10:20:00,13:05:00,2020-12-14 20:57:51,2.1,500,40
2619,ZH4513,CA4513,10:20:00,13:05:00,2020-12-15 16:14:36,2.1,500,39
2713,ZH4513,CA4513,10:20:00,13:05:00,2020-12-17 15:04:59,2.1,500,37
2782,ZH4513,CA4513,10:20:00,13:05:00,2020-12-19 14:11:16,2.1,500,35
2838,ZH4513,CA4513,10:20:00,13:05:00,2020-12-20 14:29:03,2.1,500,34
2891,ZH4513,CA4513,10:20:00,13:05:00,2020-12-21 14:45:45,2.1,500,33
2940,ZH4513,CA4513,10:20:00,13:05:00,2020-12-22 14:05:31,2.1,500,32
2990,ZH4513,CA4513,10:20:00,13:05:00,2020-12-24 13:56:30,2.1,500,30
3040,ZH4513,CA4513,10:20:00,13:05:00,2020-12-25 14:31:16,1.7,400,29
3070,ZH4513,CA4513,10:20:00,13:05:00,2020-12-26 23:48:54,2.1,500,28
3141,ZH4513,CA4513,10:20:00,13:05:00,2020-12-27 14:00:10,2.1,500,27
3190,ZH4513,CA4513,10:20:00,13:05:00,2020-12-28 13:51:01,2.1,500,26
3263,ZH4513,CA4513,10:20:00,13:05:00,2020-12-30 14:08:41,2.6,600,24
3305,ZH4513,CA4513,10:20:00,13:05:00,2020-12-31 13:59:35,2.6,600,23
3351,ZH4513,CA4513,10:20:00,13:05:00,2021-01-01 01:58:13,2.6,600,22
3422,ZH4513,CA4513,10:20:00,13:05:00,2021-01-02 14:40:46,2.6,600,21
3479,ZH4513,CA4513,10:20:00,13:05:00,2021-01-04 14:06:38,2.6,600,19
3880,ZH4513,CA4513,10:20:00,13:05:00,2021-01-14 13:42:26,4.1,950,9
4170,ZH4513,CA4513,10:20:00,13:05:00,2021-01-23 14:04:04,2.6,600,0
2312,ZH4535,CA4535,17:25:00,20:15:00,2020-12-10 14:27:41,3.9,900,44
2358,ZH4535,CA4535,17:25:00,20:15:00,2020-12-11 14:04:06,3.9,900,43
2398,ZH4535,CA4535,17:25:00,20:15:00,2020-12-12 15:34:42,2.6,600,42
2482,ZH4535,CA4535,17:25:00,20:15:00,2020-12-13 16:47:39,2.1,500,41
2553,ZH4535,CA4535,17:25:00,20:15:00,2020-12-14 20:57:51,2.1,500,40
2599,ZH4535,CA4535,17:25:00,20:15:00,2020-12-15 16:14:36,2.1,500,39
2709,ZH4535,CA4535,17:25:00,20:15:00,2020-12-17 15:04:59,2.1,500,37
2763,ZH4535,CA4535,17:25:00,20:15:00,2020-12-19 14:11:16,2.1,500,35
2817,ZH4535,CA4535,17:25:00,20:15:00,2020-12-20 14:29:03,2.1,500,34
2872,ZH4535,CA4535,17:25:00,20:15:00,2020-12-21 14:45:45,2.1,500,33
2924,ZH4535,CA4535,17:25:00,20:15:00,2020-12-22 14:05:31,2.1,500,32
2974,ZH4535,CA4535,17:25:00,20:15:00,2020-12-24 13:56:30,2.1,500,30
3024,ZH4535,CA4535,17:25:00,20:15:00,2020-12-25 14:31:16,1.7,400,29
3086,ZH4535,CA4535,17:25:00,20:15:00,2020-12-26 23:48:54,2.1,500,28
3125,ZH4535,CA4535,17:25:00,20:15:00,2020-12-27 14:00:10,2.1,500,27
3174,ZH4535,CA4535,17:25:00,20:15:00,2020-12-28 13:51:01,2.1,500,26
3246,ZH4535,CA4535,17:25:00,20:15:00,2020-12-30 14:08:41,2.6,600,24
3320,ZH4535,CA4535,17:25:00,20:15:00,2020-12-31 13:59:35,2.6,600,23
3367,ZH4535,CA4535,17:25:00,20:15:00,2021-01-01 01:58:13,2.6,600,22
3443,ZH4535,CA4535,17:25:00,20:15:00,2021-01-02 14:40:46,2.6,600,21
3512,ZH4535,CA4535,17:25:00,20:15:00,2021-01-04 14:06:38,2.6,600,19
3859,ZH4535,CA4535,17:25:00,20:15:00,2021-01-14 13:42:26,4.1,950,9
4190,ZH4535,CA4535,17:25:00,20:15:00,2021-01-23 14:04:04,2.6,600,0
2293,ZH4591,CA4591,19:20:00,22:10:00,2020-12-10 14:27:41,3.0,700,44
2371,ZH4591,CA4591,19:20:00,22:10:00,2020-12-11 14:04:06,3.0,700,43
2435,ZH4591,CA4591,19:20:00,22:10:00,2020-12-12 15:34:42,2.4,550,42
2468,ZH4591,CA4591,19:20:00,22:10:00,2020-12-13 16:47:39,2.1,500,41
2567,ZH4591,CA4591,19:20:00,22:10:00,2020-12-14 20:57:51,2.1,500,40
2585,ZH4591,CA4591,19:20:00,22:10:00,2020-12-15 16:14:36,2.1,500,39
2698,ZH4591,CA4591,19:20:00,22:10:00,2020-12-17 15:04:59,2.1,500,37
2752,ZH4591,CA4591,19:20:00,22:10:00,2020-12-19 14:11:16,2.1,500,35
2806,ZH4591,CA4591,19:20:00,22:10:00,2020-12-20 14:29:03,2.1,500,34
2861,ZH4591,CA4591,19:20:00,22:10:00,2020-12-21 14:45:45,2.1,500,33
2913,ZH4591,CA4591,19:20:00,22:10:00,2020-12-22 14:05:31,2.1,500,32
2963,ZH4591,CA4591,19:20:00,22:10:00,2020-12-24 13:56:30,2.1,500,30
3013,ZH4591,CA4591,19:20:00,22:10:00,2020-12-25 14:31:16,1.7,400,29
3096,ZH4591,CA4591,19:20:00,22:10:00,2020-12-26 23:48:54,2.1,500,28
3114,ZH4591,CA4591,19:20:00,22:10:00,2020-12-27 14:00:10,2.1,500,27
3164,ZH4591,CA4591,19:20:00,22:10:00,2020-12-28 13:51:01,2.1,500,26
3279,ZH4591,CA4591,19:20:00,22:10:00,2020-12-30 14:08:41,2.6,600,24
3331,ZH4591,CA4591,19:20:00,22:10:00,2020-12-31 13:59:35,2.6,600,23
3378,ZH4591,CA4591,19:20:00,22:10:00,2021-01-01 01:58:13,2.6,600,22
3432,ZH4591,CA4591,19:20:00,22:10:00,2021-01-02 14:40:46,2.6,600,21
3501,ZH4591,CA4591,19:20:00,22:10:00,2021-01-04 14:06:38,2.6,600,19
3842,ZH4591,CA4591,19:20:00,22:10:00,2021-01-14 13:42:26,4.1,950,9
4168,ZH4591,CA4591,19:20:00,22:10:00,2021-01-23 14:04:04,2.6,600,0
2239,ZH5006,HO1014,10:50:00,13:45:00,2020-12-09 14:42:35,10.0,2120,45
2294,ZH5006,HO1014,10:50:00,13:45:00,2020-12-10 14:27:41,3.1,660,44
2372,ZH5006,HO1014,10:50:00,13:45:00,2020-12-11 14:04:06,3.1,660,43
2436,ZH5006,HO1014,10:50:00,13:45:00,2020-12-12 15:34:42,3.1,660,42
2467,ZH5006,HO1014,10:50:00,13:45:00,2020-12-13 16:47:39,3.1,660,41
2568,ZH5006,HO1014,10:50:00,13:45:00,2020-12-14 20:57:51,3.1,660,40
2584,ZH5006,HO1014,10:50:00,13:45:00,2020-12-15 16:14:36,3.1,660,39
2667,ZH5006,HO1014,10:50:00,13:45:00,2020-12-16 15:22:35,10.0,2120,38
2697,ZH5006,HO1014,10:50:00,13:45:00,2020-12-17 15:04:59,3.1,660,37
