,flightno,actualflight,departtime,arrivetime,crawltime,discount,lowest_price,days_to_departure
3298,3U2236,HO1120,12:15:00,15:05:00,2019-07-04 14:17:35,5.3,1120,3
3343,3U2236,HO1120,12:15:00,15:05:00,2019-07-05 13:51:57,6.3,1330,2
3388,3U2236,HO1120,12:15:00,15:05:00,2019-07-06 13:54:25,6.3,1330,1
3433,3U2236,HO1120,12:15:00,15:05:00,2019-07-07 14:46:50,6.3,1330,0
3338,3U2238,HO1058,05:55:00,08:50:00,2019-07-04 14:17:35,4.8,1010,3
3361,3U2238,HO1058,05:55:00,08:50:00,2019-07-05 13:51:57,5.3,1120,2
3428,3U2238,HO1058,05:55:00,08:50:00,2019-07-06 13:54:25,6.3,1330,1
3461,3U2238,HO1058,05:55:00,08:50:00,2019-07-07 14:46:50,6.2,1320,0
3294,3U2240,HO1098,14:15:00,16:50:00,2019-07-04 14:17:35,5.3,1120,3
3362,3U2240,HO1098,14:15:00,16:50:00,2019-07-05 13:51:57,5.3,1120,2
3406,3U2240,HO1098,14:15:00,16:50:00,2019-07-06 13:54:25,6.3,1330,1
3451,3U2240,HO1098,14:15:00,16:50:00,2019-07-07 14:46:50,6.3,1330,0
1696,3U5011,MU5404,09:50:00,12:40:00,2019-05-23 13:23:01,10.0,2120,45
1714,3U5011,MU5404,09:50:00,12:40:00,2019-05-24 15:15:37,10.0,2120,44
1753,3U5011,MU5404,09:50:00,12:40:00,2019-05-25 15:08:39,10.0,2120,43
1791,3U5011,MU5404,09:50:00,12:40:00,2019-05-26 15:06:02,10.0,2120,42
1868,3U5011,MU5404,09:50:00,12:40:00,2019-05-27 14:31:27,10.0,2120,41
1907,3U5011,MU5404,09:50:00,12:40:00,2019-05-28 14:49:19,10.0,2120,40
1929,3U5011,MU5404,09:50:00,12:40:00,2019-05-29 13:34:09,10.0,2120,39
1947,3U5011,MU5404,09:50:00,12:40:00,2019-05-30 14:38:04,10.0,2120,38
2024,3U5011,MU5404,09:50:00,12:40:00,2019-05-31 14:02:18,10.0,2120,37
2043,3U5011,MU5404,09:50:00,12:40:00,2019-06-01 13:28:21,10.0,2120,36
2102,3U5011,MU5404,09:50:00,12:40:00,2019-06-02 14:47:31,10.0,2120,35
2141,3U5011,MU5404,09:50:00,12:40:00,2019-06-03 14:16:23,10.0,2120,34
2162,3U5011,MU5404,09:50:00,12:40:00,2019-06-04 13:53:23,10.0,2120,33
2219,3U5011,MU5404,09:50:00,12:40:00,2019-06-05 14:10:55,7.4,1570,32
2258,3U5011,MU5404,09:50:00,12:40:00,2019-06-06 14:37:18,7.4,1570,31
2277,3U5011,MU5404,09:50:00,12:40:00,2019-06-07 14:51:11,7.4,1570,30
2336,3U5011,MU5404,09:50:00,12:40:00,2019-06-08 14:47:41,7.4,1570,29
2375,3U5011,MU5404,09:50:00,12:40:00,2019-06-09 14:24:46,7.4,1570,28
2396,3U5011,MU5404,09:50:00,12:40:00,2019-06-10 14:15:32,7.4,1570,27
2453,3U5011,MU5404,09:50:00,12:40:00,2019-06-11 14:09:41,7.4,1570,26
2454,3U5011,MU5404,09:50:00,12:40:00,2019-06-12 14:44:22,7.4,1570,25
2537,3U5011,MU5404,09:50:00,12:40:00,2019-06-13 15:12:24,7.4,1570,24
2579,3U5011,MU5404,09:50:00,12:40:00,2019-06-14 13:28:30,7.4,1570,23
2611,3U5011,MU5404,09:50:00,12:40:00,2019-06-17 23:50:33,6.4,1360,20
2663,3U5011,MU5404,09:50:00,12:40:00,2019-06-18 14:49:36,6.4,1360,19
2664,3U5011,MU5404,09:50:00,12:40:00,2019-06-19 14:30:00,6.4,1360,18
2747,3U5011,MU5404,09:50:00,12:40:00,2019-06-20 13:42:56,6.4,1360,17
2789,3U5011,MU5404,09:50:00,12:40:00,2019-06-21 14:01:15,5.4,1140,16
2812,3U5011,MU5404,09:50:00,12:40:00,2019-06-22 14:14:21,5.4,1140,15
2873,3U5011,MU5404,09:50:00,12:40:00,2019-06-23 14:44:00,5.4,1140,14
2874,3U5011,MU5404,09:50:00,12:40:00,2019-06-24 14:19:46,5.4,1140,13
2957,3U5011,MU5404,09:50:00,12:40:00,2019-06-25 14:48:33,5.4,1140,12
2999,3U5011,MU5404,09:50:00,12:40:00,2019-06-26 14:50:51,5.4,1140,11
3023,3U5011,MU5404,09:50:00,12:40:00,2019-06-27 13:49:49,5.4,1140,10
3083,3U5011,MU5404,09:50:00,12:40:00,2019-06-28 14:59:24,5.4,1140,9
3084,3U5011,MU5404,09:50:00,12:40:00,2019-06-29 14:50:36,5.4,1140,8
3167,3U5011,MU5404,09:50:00,12:40:00,2019-06-30 14:53:25,5.4,1140,7
3209,3U5011,MU5404,09:50:00,12:40:00,2019-07-01 14:39:01,5.4,1140,6
3232,3U5011,MU5404,09:50:00,12:40:00,2019-07-02 14:34:02,5.4,1140,5
3293,3U5011,MU5404,09:50:00,12:40:00,2019-07-03 13:48:38,5.4,1140,4
3337,3U5011,MU5404,09:50:00,12:40:00,2019-07-04 14:17:35,5.4,1140,3
3339,3U5011,MU5404,09:50:00,12:40:00,2019-07-05 13:51:57,8.4,1780,2
3427,3U5011,MU5404,09:50:00,12:40:00,2019-07-06 13:54:25,8.4,1780,1
3460,3U5011,MU5404,09:50:00,12:40:00,2019-07-07 14:46:50,8.4,1780,0
1684,3U5013,MU5406,09:00:00,11:45:00,2019-05-23 13:23:01,10.0,2120,45
1725,3U5013,MU5406,09:00:00,11:45:00,2019-05-24 15:15:37,10.0,2120,44
1764,3U5013,MU5406,09:00:00,11:45:00,2019-05-25 15:08:39,10.0,2120,43
1819,3U5013,MU5406,09:00:00,11:45:00,2019-05-26 15:06:02,10.0,2120,42
1857,3U5013,MU5406,09:00:00,11:45:00,2019-05-27 14:31:27,10.0,2120,41
1896,3U5013,MU5406,09:00:00,11:45:00,2019-05-28 14:49:19,10.0,2120,40
1938,3U5013,MU5406,09:00:00,11:45:00,2019-05-29 13:34:09,10.0,2120,39
1975,3U5013,MU5406,09:00:00,11:45:00,2019-05-30 14:38:04,10.0,2120,38
2013,3U5013,MU5406,09:00:00,11:45:00,2019-05-31 14:02:18,10.0,2120,37
2054,3U5013,MU5406,09:00:00,11:45:00,2019-06-01 13:28:21,10.0,2120,36
2091,3U5013,MU5406,09:00:00,11:45:00,2019-06-02 14:47:31,10.0,2120,35
2130,3U5013,MU5406,09:00:00,11:45:00,2019-06-03 14:16:23,10.0,2120,34
2172,3U5013,MU5406,09:00:00,11:45:00,2019-06-04 13:53:23,10.0,2120,33
2208,3U5013,MU5406,09:00:00,11:45:00,2019-06-05 14:10:55,7.4,1570,32
2247,3U5013,MU5406,09:00:00,11:45:00,2019-06-06 14:37:18,7.4,1570,31
2288,3U5013,MU5406,09:00:00,11:45:00,2019-06-07 14:51:11,7.4,1570,30
2325,3U5013,MU5406,09:00:00,11:45:00,2019-06-08 14:47:41,7.4,1570,29
2364,3U5013,MU5406,09:00:00,11:45:00,2019-06-09 14:24:46,7.4,1570,28
2406,3U5013,MU5406,09:00:00,11:45:00,2019-06-10 14:15:32,7.4,1570,27
2442,3U5013,MU5406,09:00:00,11:45:00,2019-06-11 14:09:41,7.4,1570,26
2484,3U5013,MU5406,09:00:00,11:45:00,2019-06-12 14:44:22,7.4,1570,25
2525,3U5013,MU5406,09:00:00,11:45:00,2019-06-13 15:12:24,7.4,1570,24
2567,3U5013,MU5406,09:00:00,11:45:00,2019-06-14 13:28:30,7.4,1570,23
2614,3U5013,MU5406,09:00:00,11:45:00,2019-06-17 23:50:33,5.4,1140,20
2651,3U5013,MU5406,09:00:00,11:45:00,2019-06-18 14:49:36,5.4,1140,19
2694,3U5013,MU5406,09:00:00,11:45:00,2019-06-19 14:30:00,5.4,1140,18
2735,3U5013,MU5406,09:00:00,11:45:00,2019-06-20 13:42:56,5.4,1140,17
2777,3U5013,MU5406,09:00:00,11:45:00,2019-06-21 14:01:15,5.4,1140,16
2822,3U5013,MU5406,09:00:00,11:45:00,2019-06-22 14:14:21,5.4,1140,15
2861,3U5013,MU5406,09:00:00,11:45:00,2019-06-23 14:44:00,5.4,1140,14
2904,3U5013,MU5406,09:00:00,11:45:00,2019-06-24 14:19:46,5.4,1140,13
2945,3U5013,MU5406,09:00:00,11:45:00,2019-06-25 14:48:33,5.4,1140,12
2987,3U5013,MU5406,09:00:00,11:45:00,2019-06-26 14:50:51,5.4,1140,11
3033,3U5013,MU5406,09:00:00,11:45:00,2019-06-27 13:49:49,5.4,1140,10
3072,3U5013,MU5406,09:00:00,11:45:00,2019-06-28 14:59:24,5.4,1140,9
3114,3U5013,MU5406,09:00:00,11:45:00,2019-06-29 14:50:36,5.4,1140,8
3155,3U5013,MU5406,09:00:00,11:45:00,2019-06-30 14:53:25,5.4,1140,7
3197,3U5013,MU5406,09:00:00,11:45:00,2019-07-01 14:39:01,5.4,1140,6
3242,3U5013,MU5406,09:00:00,11:45:00,2019-07-02 14:34:02,5.4,1140,5
3282,3U5013,MU5406,09:00:00,11:45:00,2019-07-03 13:48:38,5.4,1140,4
3325,3U5013,MU5406,09:00:00,11:45:00,2019-07-04 14:17:35,5.4,1140,3
3372,3U5013,MU5406,09:00:00,11:45:00,2019-07-05 13:51:57,8.4,1780,2
3415,3U5013,MU5406,09:00:00,11:45:00,2019-07-06 13:54:25,8.4,1780,1
3469,3U5013,MU5406,09:00:00,11:45:00,2019-07-07 14:46:50,8.4,1780,0
1694,3U5015,MU5408,12:35:00,15:10:00,2019-05-23 13:23:01,10.0,2120,45
1729,3U5015,MU5408,12:35:00,15:10:00,2019-05-24 15:15:37,10.0,2120,44
1768,3U5015,MU5408,12:35:00,15:10:00,2019-05-25 15:08:39,10.0,2120,43
1815,3U5015,MU5408,12:35:00,15:10:00,2019-05-26 15:06:02,10.0,2120,42
1853,3U5015,MU5408,12:35:00,15:10:00,2019-05-27 14:31:27,10.0,2120,41
1892,3U5015,MU5408,12:35:00,15:10:00,2019-05-28 14:49:19,10.0,2120,40
1934,3U5015,MU5408,12:35:00,15:10:00,2019-05-29 13:34:09,10.0,2120,39
1971,3U5015,MU5408,12:35:00,15:10:00,2019-05-30 14:38:04,10.0,2120,38
2009,3U5015,MU5408,12:35:00,15:10:00,2019-05-31 14:02:18,10.0,2120,37
2050,3U5015,MU5408,12:35:00,15:10:00,2019-06-01 13:28:21,10.0,2120,36
2087,3U5015,MU5408,12:35:00,15:10:00,2019-06-02 14:47:31,10.0,2120,35
2126,3U5015,MU5408,12:35:00,15:10:00,2019-06-03 14:16:23,10.0,2120,34
2168,3U5015,MU5408,12:35:00,15:10:00,2019-06-04 13:53:23,10.0,2120,33
2205,3U5015,MU5408,12:35:00,15:10:00,2019-06-05 14:10:55,8.4,1780,32
2243,3U5015,MU5408,12:35:00,15:10:00,2019-06-06 14:37:18,8.4,1780,31
2284,3U5015,MU5408,12:35:00,15:10:00,2019-06-07 14:51:11,8.4,1780,30
2321,3U5015,MU5408,12:35:00,15:10:00,2019-06-08 14:47:41,8.4,1780,29
2360,3U5015,MU5408,12:35:00,15:10:00,2019-06-09 14:24:46,8.4,1780,28
2402,3U5015,MU5408,12:35:00,15:10:00,2019-06-10 14:15:32,8.4,1780,27
2438,3U5015,MU5408,12:35:00,15:10:00,2019-06-11 14:09:41,8.4,1780,26
2480,3U5015,MU5408,12:35:00,15:10:00,2019-06-12 14:44:22,8.4,1780,25
2521,3U5015,MU5408,12:35:00,15:10:00,2019-06-13 15:12:24,8.4,1780,24
2563,3U5015,MU5408,12:35:00,15:10:00,2019-06-14 13:28:30,8.4,1780,23
2609,3U5015,MU5408,12:35:00,15:10:00,2019-06-17 23:50:33,6.4,1360,20
2647,3U5015,MU5408,12:35:00,15:10:00,2019-06-18 14:49:36,6.4,1360,19
2690,3U5015,MU5408,12:35:00,15:10:00,2019-06-19 14:30:00,6.4,1360,18
2731,3U5015,MU5408,12:35:00,15:10:00,2019-06-20 13:42:56,6.4,1360,17
2773,3U5015,MU5408,12:35:00,15:10:00,2019-06-21 14:01:15,5.4,1140,16
2818,3U5015,MU5408,12:35:00,15:10:00,2019-06-22 14:14:21,5.4,1140,15
2857,3U5015,MU5408,12:35:00,15:10:00,2019-06-23 14:44:00,5.4,1140,14
2900,3U5015,MU5408,12:35:00,15:10:00,2019-06-24 14:19:46,5.4,1140,13
2941,3U5015,MU5408,12:35:00,15:10:00,2019-06-25 14:48:33,5.4,1140,12
2983,3U5015,MU5408,12:35:00,15:10:00,2019-06-26 14:50:51,5.4,1140,11
3029,3U5015,MU5408,12:35:00,15:10:00,2019-06-27 13:49:49,5.4,1140,10
3068,3U5015,MU5408,12:35:00,15:10:00,2019-06-28 14:59:24,5.4,1140,9
3110,3U5015,MU5408,12:35:00,15:10:00,2019-06-29 14:50:36,5.4,1140,8
3151,3U5015,MU5408,12:35:00,15:10:00,2019-06-30 14:53:25,5.4,1140,7
3193,3U5015,MU5408,12:35:00,15:10:00,2019-07-01 14:39:01,5.4,1140,6
3238,3U5015,MU5408,12:35:00,15:10:00,2019-07-02 14:34:02,6.4,1360,5
3278,3U5015,MU5408,12:35:00,15:10:00,2019-07-03 13:48:38,6.4,1360,4
3321,3U5015,MU5408,12:35:00,15:10:00,2019-07-04 14:17:35,6.4,1360,3
3368,3U5015,MU5408,12:35:00,15:10:00,2019-07-05 13:51:57,8.4,1780,2
3411,3U5015,MU5408,12:35:00,15:10:00,2019-07-06 13:54:25,8.4,1780,1
3465,3U5015,MU5408,12:35:00,15:10:00,2019-07-07 14:46:50,8.4,1780,0
1676,3U5017,MU5410,14:10:00,16:55:00,2019-05-23 13:23:01,10.0,2120,45
1736,3U5017,MU5410,14:10:00,16:55:00,2019-05-24 15:15:37,10.0,2120,44
1776,3U5017,MU5410,14:10:00,16:55:00,2019-05-25 15:08:39,10.0,2120,43
1807,3U5017,MU5410,14:10:00,16:55:00,2019-05-26 15:06:02,10.0,2120,42
1846,3U5017,MU5410,14:10:00,16:55:00,2019-05-27 14:31:27,10.0,2120,41
1885,3U5017,MU5410,14:10:00,16:55:00,2019-05-28 14:49:19,10.0,2120,40
1924,3U5017,MU5410,14:10:00,16:55:00,2019-05-29 13:34:09,10.0,2120,39
1963,3U5017,MU5410,14:10:00,16:55:00,2019-05-30 14:38:04,10.0,2120,38
2002,3U5017,MU5410,14:10:00,16:55:00,2019-05-31 14:02:18,10.0,2120,37
2041,3U5017,MU5410,14:10:00,16:55:00,2019-06-01 13:28:21,10.0,2120,36
2080,3U5017,MU5410,14:10:00,16:55:00,2019-06-02 14:47:31,10.0,2120,35
2119,3U5017,MU5410,14:10:00,16:55:00,2019-06-03 14:16:23,10.0,2120,34
2158,3U5017,MU5410,14:10:00,16:55:00,2019-06-04 13:53:23,10.0,2120,33
2197,3U5017,MU5410,14:10:00,16:55:00,2019-06-05 14:10:55,8.4,1780,32
2236,3U5017,MU5410,14:10:00,16:55:00,2019-06-06 14:37:18,8.4,1780,31
2275,3U5017,MU5410,14:10:00,16:55:00,2019-06-07 14:51:11,8.4,1780,30
2314,3U5017,MU5410,14:10:00,16:55:00,2019-06-08 14:47:41,8.4,1780,29
2353,3U5017,MU5410,14:10:00,16:55:00,2019-06-09 14:24:46,8.4,1780,28
2392,3U5017,MU5410,14:10:00,16:55:00,2019-06-10 14:15:32,8.4,1780,27
2430,3U5017,MU5410,14:10:00,16:55:00,2019-06-11 14:09:41,8.4,1780,26
2470,3U5017,MU5410,14:10:00,16:55:00,2019-06-12 14:44:22,8.4,1780,25
2512,3U5017,MU5410,14:10:00,16:55:00,2019-06-13 15:12:24,8.4,1780,24
2554,3U5017,MU5410,14:10:00,16:55:00,2019-06-14 13:28:30,8.4,1780,23
2597,3U5017,MU5410,14:10:00,16:55:00,2019-06-17 23:50:33,6.4,1360,20
2637,3U5017,MU5410,14:10:00,16:55:00,2019-06-18 14:49:36,6.4,1360,19
2680,3U5017,MU5410,14:10:00,16:55:00,2019-06-19 14:30:00,6.4,1360,18
2722,3U5017,MU5410,14:10:00,16:55:00,2019-06-20 13:42:56,6.4,1360,17
2764,3U5017,MU5410,14:10:00,16:55:00,2019-06-21 14:01:15,6.4,1360,16
2806,3U5017,MU5410,14:10:00,16:55:00,2019-06-22 14:14:21,6.4,1360,15
2848,3U5017,MU5410,14:10:00,16:55:00,2019-06-23 14:44:00,6.4,1360,14
2890,3U5017,MU5410,14:10:00,16:55:00,2019-06-24 14:19:46,6.4,1360,13
2932,3U5017,MU5410,14:10:00,16:55:00,2019-06-25 14:48:33,6.4,1360,12
2974,3U5017,MU5410,14:10:00,16:55:00,2019-06-26 14:50:51,6.4,1360,11
3016,3U5017,MU5410,14:10:00,16:55:00,2019-06-27 13:49:49,6.4,1360,10
3058,3U5017,MU5410,14:10:00,16:55:00,2019-06-28 14:59:24,5.4,1140,9
3100,3U5017,MU5410,14:10:00,16:55:00,2019-06-29 14:50:36,5.4,1140,8
3142,3U5017,MU5410,14:10:00,16:55:00,2019-06-30 14:53:25,5.4,1140,7
3184,3U5017,MU5410,14:10:00,16:55:00,2019-07-01 14:39:01,5.4,1140,6
3226,3U5017,MU5410,14:10:00,16:55:00,2019-07-02 14:34:02,6.4,1360,5
3268,3U5017,MU5410,14:10:00,16:55:00,2019-07-03 13:48:38,6.4,1360,4
3311,3U5017,MU5410,14:10:00,16:55:00,2019-07-04 14:17:35,7.4,1570,3
3356,3U5017,MU5410,14:10:00,16:55:00,2019-07-05 13:51:57,8.4,1780,2
3401,3U5017,MU5410,14:10:00,16:55:00,2019-07-06 13:54:25,8.4,1780,1
3446,3U5017,MU5410,14:10:00,16:55:00,2019-07-07 14:46:50,8.4,1780,0
1674,3U5019,MU5412,15:35:00,18:10:00,2019-05-23 13:23:01,10.0,2120,45
1741,3U5019,MU5412,15:35:00,18:10:00,2019-05-24 15:15:37,10.0,2120,44
1778,3U5019,MU5412,15:35:00,18:10:00,2019-05-25 15:08:39,10.0,2120,43
1805,3U5019,MU5412,15:35:00,18:10:00,2019-05-26 15:06:02,10.0,2120,42
1844,3U5019,MU5412,15:35:00,18:10:00,2019-05-27 14:31:27,10.0,2120,41
1883,3U5019,MU5412,15:35:00,18:10:00,2019-05-28 14:49:19,10.0,2120,40
1922,3U5019,MU5412,15:35:00,18:10:00,2019-05-29 13:34:09,10.0,2120,39
1961,3U5019,MU5412,15:35:00,18:10:00,2019-05-30 14:38:04,10.0,2120,38
2000,3U5019,MU5412,15:35:00,18:10:00,2019-05-31 14:02:18,10.0,2120,37
2039,3U5019,MU5412,15:35:00,18:10:00,2019-06-01 13:28:21,10.0,2120,36
2078,3U5019,MU5412,15:35:00,18:10:00,2019-06-02 14:47:31,10.0,2120,35
2117,3U5019,MU5412,15:35:00,18:10:00,2019-06-03 14:16:23,10.0,2120,34
2156,3U5019,MU5412,15:35:00,18:10:00,2019-06-04 13:53:23,10.0,2120,33
2195,3U5019,MU5412,15:35:00,18:10:00,2019-06-05 14:10:55,10.0,2120,32
2234,3U5019,MU5412,15:35:00,18:10:00,2019-06-06 14:37:18,10.0,2120,31
2273,3U5019,MU5412,15:35:00,18:10:00,2019-06-07 14:51:11,10.0,2120,30
2312,3U5019,MU5412,15:35:00,18:10:00,2019-06-08 14:47:41,10.0,2120,29
2351,3U5019,MU5412,15:35:00,18:10:00,2019-06-09 14:24:46,10.0,2120,28
2390,3U5019,MU5412,15:35:00,18:10:00,2019-06-10 14:15:32,10.0,2120,27
2428,3U5019,MU5412,15:35:00,18:10:00,2019-06-11 14:09:41,10.0,2120,26
2468,3U5019,MU5412,15:35:00,18:10:00,2019-06-12 14:44:22,10.0,2120,25
2510,3U5019,MU5412,15:35:00,18:10:00,2019-06-13 15:12:24,8.4,1780,24
2552,3U5019,MU5412,15:35:00,18:10:00,2019-06-14 13:28:30,8.4,1780,23
2595,3U5019,MU5412,15:35:00,18:10:00,2019-06-17 23:50:33,7.4,1570,20
2622,3U5019,MU5412,15:35:00,18:10:00,2019-06-18 14:49:36,7.4,1570,19
2678,3U5019,MU5412,15:35:00,18:10:00,2019-06-19 14:30:00,7.4,1570,18
2720,3U5019,MU5412,15:35:00,18:10:00,2019-06-20 13:42:56,7.4,1570,17
2762,3U5019,MU5412,15:35:00,18:10:00,2019-06-21 14:01:15,6.4,1360,16
2804,3U5019,MU5412,15:35:00,18:10:00,2019-06-22 14:14:21,6.4,1360,15
2846,3U5019,MU5412,15:35:00,18:10:00,2019-06-23 14:44:00,6.4,1360,14
2888,3U5019,MU5412,15:35:00,18:10:00,2019-06-24 14:19:46,6.4,1360,13
2930,3U5019,MU5412,15:35:00,18:10:00,2019-06-25 14:48:33,6.4,1360,12
2972,3U5019,MU5412,15:35:00,18:10:00,2019-06-26 14:50:51,6.4,1360,11
3014,3U5019,MU5412,15:35:00,18:10:00,2019-06-27 13:49:49,6.4,1360,10
3056,3U5019,MU5412,15:35:00,18:10:00,2019-06-28 14:59:24,6.4,1360,9
3098,3U5019,MU5412,15:35:00,18:10:00,2019-06-29 14:50:36,5.4,1140,8
3140,3U5019,MU5412,15:35:00,18:10:00,2019-06-30 14:53:25,5.4,1140,7
3182,3U5019,MU5412,15:35:00,18:10:00,2019-07-01 14:39:01,5.4,1140,6
3224,3U5019,MU5412,15:35:00,18:10:00,2019-07-02 14:34:02,5.4,1140,5
3266,3U5019,MU5412,15:35:00,18:10:00,2019-07-03 13:48:38,6.4,1360,4
3309,3U5019,MU5412,15:35:00,18:10:00,2019-07-04 14:17:35,6.4,1360,3
3354,3U5019,MU5412,15:35:00,18:10:00,2019-07-05 13:51:57,8.4,1780,2
3399,3U5019,MU5412,15:35:00,18:10:00,2019-07-06 13:54:25,8.4,1780,1
3444,3U5019,MU5412,15:35:00,18:10:00,2019-07-07 14:46:50,8.4,1780,0
1688,3U5021,MU2220,08:10:00,10:55:00,2019-05-23 13:23:01,10.0,2120,45
1721,3U5021,MU2220,08:10:00,10:55:00,2019-05-24 15:15:37,10.0,2120,44
1760,3U5021,MU2220,08:10:00,10:55:00,2019-05-25 15:08:39,10.0,2120,43
1823,3U5021,MU2220,08:10:00,10:55:00,2019-05-26 15:06:02,10.0,2120,42
1861,3U5021,MU2220,08:10:00,10:55:00,2019-05-27 14:31:27,10.0,2120,41
1900,3U5021,MU2220,08:10:00,10:55:00,2019-05-28 14:49:19,10.0,2120,40
1942,3U5021,MU2220,08:10:00,10:55:00,2019-05-29 13:34:09,10.0,2120,39
1979,3U5021,MU2220,08:10:00,10:55:00,2019-05-30 14:38:04,6.4,1360,38
2017,3U5021,MU2220,08:10:00,10:55:00,2019-05-31 14:02:18,6.4,1360,37
2058,3U5021,MU2220,08:10:00,10:55:00,2019-06-01 13:28:21,6.4,1360,36
2095,3U5021,MU2220,08:10:00,10:55:00,2019-06-02 14:47:31,6.4,1360,35
2134,3U5021,MU2220,08:10:00,10:55:00,2019-06-03 14:16:23,6.4,1360,34
2176,3U5021,MU2220,08:10:00,10:55:00,2019-06-04 13:53:23,6.4,1360,33
2212,3U5021,MU2220,08:10:00,10:55:00,2019-06-05 14:10:55,6.4,1360,32
2251,3U5021,MU2220,08:10:00,10:55:00,2019-06-06 14:37:18,6.4,1360,31
2292,3U5021,MU2220,08:10:00,10:55:00,2019-06-07 14:51:11,6.4,1360,30
2329,3U5021,MU2220,08:10:00,10:55:00,2019-06-08 14:47:41,6.4,1360,29
2368,3U5021,MU2220,08:10:00,10:55:00,2019-06-09 14:24:46,6.4,1360,28
2410,3U5021,MU2220,08:10:00,10:55:00,2019-06-10 14:15:32,6.4,1360,27
2446,3U5021,MU2220,08:10:00,10:55:00,2019-06-11 14:09:41,6.4,1360,26
2489,3U5021,MU2220,08:10:00,10:55:00,2019-06-12 14:44:22,6.4,1360,25
2530,3U5021,MU2220,08:10:00,10:55:00,2019-06-13 15:12:24,6.4,1360,24
2572,3U5021,MU2220,08:10:00,10:55:00,2019-06-14 13:28:30,6.4,1360,23
2619,3U5021,MU2220,08:10:00,10:55:00,2019-06-17 23:50:33,6.4,1360,20
2656,3U5021,MU2220,08:10:00,10:55:00,2019-06-18 14:49:36,6.4,1360,19
2699,3U5021,MU2220,08:10:00,10:55:00,2019-06-19 14:30:00,6.4,1360,18
2740,3U5021,MU2220,08:10:00,10:55:00,2019-06-20 13:42:56,6.4,1360,17
2782,3U5021,MU2220,08:10:00,10:55:00,2019-06-21 14:01:15,4.2,897,16
2827,3U5021,MU2220,08:10:00,10:55:00,2019-06-22 14:14:21,4.3,903,15
2866,3U5021,MU2220,08:10:00,10:55:00,2019-06-23 14:44:00,6.4,1360,14
2909,3U5021,MU2220,08:10:00,10:55:00,2019-06-24 14:19:46,6.4,1360,13
2950,3U5021,MU2220,08:10:00,10:55:00,2019-06-25 14:48:33,6.4,1360,12
2992,3U5021,MU2220,08:10:00,10:55:00,2019-06-26 14:50:51,6.4,1360,11
3038,3U5021,MU2220,08:10:00,10:55:00,2019-06-27 13:49:49,6.4,1360,10
3076,3U5021,MU2220,08:10:00,10:55:00,2019-06-28 14:59:24,6.4,1360,9
3119,3U5021,MU2220,08:10:00,10:55:00,2019-06-29 14:50:36,6.4,1360,8
3160,3U5021,MU2220,08:10:00,10:55:00,2019-06-30 14:53:25,6.4,1360,7
3202,3U5021,MU2220,08:10:00,10:55:00,2019-07-01 14:39:01,6.4,1360,6
3247,3U5021,MU2220,08:10:00,10:55:00,2019-07-02 14:34:02,6.4,1360,5
3286,3U5021,MU2220,08:10:00,10:55:00,2019-07-03 13:48:38,6.4,1360,4
3330,3U5021,MU2220,08:10:00,10:55:00,2019-07-04 14:17:35,6.4,1360,3
3377,3U5021,MU2220,08:10:00,10:55:00,2019-07-05 13:51:57,8.4,1780,2
3420,3U5021,MU2220,08:10:00,10:55:00,2019-07-06 13:54:25,8.4,1780,1
3454,3U5021,MU2220,08:10:00,10:55:00,2019-07-07 14:46:50,8.4,1780,0
1693,9C8888,,13:20:00,16:00:00,2019-05-23 13:23:01,8.2,1440,45
1716,9C8888,,13:20:00,16:00:00,2019-05-24 15:15:37,8.2,1440,44
1755,9C8888,,13:20:00,16:00:00,2019-05-25 15:08:39,8.2,1440,43
1828,9C8888,,13:20:00,16:00:00,2019-05-26 15:06:02,8.2,1440,42
1866,9C8888,,13:20:00,16:00:00,2019-05-27 14:31:27,8.2,1440,41
1905,9C8888,,13:20:00,16:00:00,2019-05-28 14:49:19,8.2,1440,40
1908,9C8888,,13:20:00,16:00:00,2019-05-29 13:34:09,8.9,1560,39
1984,9C8888,,13:20:00,16:00:00,2019-05-30 14:38:04,8.2,1440,38
2022,9C8888,,13:20:00,16:00:00,2019-05-31 14:02:18,8.2,1440,37
2063,9C8888,,13:20:00,16:00:00,2019-06-01 13:28:21,8.2,1440,36
2100,9C8888,,13:20:00,16:00:00,2019-06-02 14:47:31,8.2,1440,35
2139,9C8888,,13:20:00,16:00:00,2019-06-03 14:16:23,8.2,1440,34
2142,9C8888,,13:20:00,16:00:00,2019-06-04 13:53:23,8.2,1440,33
2217,9C8888,,13:20:00,16:00:00,2019-06-05 14:10:55,8.2,1440,32
2256,9C8888,,13:20:00,16:00:00,2019-06-06 14:37:18,8.2,1440,31
2297,9C8888,,13:20:00,16:00:00,2019-06-07 14:51:11,8.8,1540,30
2334,9C8888,,13:20:00,16:00:00,2019-06-08 14:47:41,8.8,1540,29
2373,9C8888,,13:20:00,16:00:00,2019-06-09 14:24:46,8.8,1540,28
2376,9C8888,,13:20:00,16:00:00,2019-06-10 14:15:32,8.8,1540,27
2451,9C8888,,13:20:00,16:00:00,2019-06-11 14:09:41,8.8,1540,26
2494,9C8888,,13:20:00,16:00:00,2019-06-12 14:44:22,8.8,1540,25
2535,9C8888,,13:20:00,16:00:00,2019-06-13 15:12:24,9.5,1680,24
2577,9C8888,,13:20:00,16:00:00,2019-06-14 13:28:30,8.9,1570,23
2602,9C8888,,13:20:00,16:00:00,2019-06-17 23:50:33,8.9,1570,20
2661,9C8888,,13:20:00,16:00:00,2019-06-18 14:49:36,8.9,1570,19
2704,9C8888,,13:20:00,16:00:00,2019-06-19 14:30:00,8.9,1570,18
2745,9C8888,,13:20:00,16:00:00,2019-06-20 13:42:56,8.4,1470,17
2787,9C8888,,13:20:00,16:00:00,2019-06-21 14:01:15,8.4,1470,16
2790,9C8888,,13:20:00,16:00:00,2019-06-22 14:14:21,8.4,1470,15
2871,9C8888,,13:20:00,16:00:00,2019-06-23 14:44:00,8.4,1470,14
2914,9C8888,,13:20:00,16:00:00,2019-06-24 14:19:46,8.4,1470,13
2955,9C8888,,13:20:00,16:00:00,2019-06-25 14:48:33,8.4,1470,12
2997,9C8888,,13:20:00,16:00:00,2019-06-26 14:50:51,8.4,1470,11
3020,9C8888,,13:20:00,16:00:00,2019-06-27 13:49:49,7.7,1360,10
3081,9C8888,,13:20:00,16:00:00,2019-06-28 14:59:24,7.7,1360,9
3124,9C8888,,13:20:00,16:00:00,2019-06-29 14:50:36,7.7,1360,8
3165,9C8888,,13:20:00,16:00:00,2019-06-30 14:53:25,7.7,1360,7
3207,9C8888,,13:20:00,16:00:00,2019-07-01 14:39:01,7.7,1360,6
3210,9C8888,,13:20:00,16:00:00,2019-07-02 14:34:02,7.2,1260,5
3291,9C8888,,13:20:00,16:00:00,2019-07-03 13:48:38,6.5,1150,4
3335,9C8888,,13:20:00,16:00:00,2019-07-04 14:17:35,6.1,1070,3
3382,9C8888,,13:20:00,16:00:00,2019-07-05 13:51:57,6.5,1150,2
3425,9C8888,,13:20:00,16:00:00,2019-07-06 13:54:25,7.2,1260,1
3458,9C8888,,13:20:00,16:00:00,2019-07-07 14:46:50,6.6,1170,0
2473,CA3222,HO1058,05:55:00,08:50:00,2019-06-12 14:44:22,10.0,2120,25
2515,CA3222,HO1058,05:55:00,08:50:00,2019-06-13 15:12:24,6.4,1360,24
2557,CA3222,HO1058,05:55:00,08:50:00,2019-06-14 13:28:30,6.4,1360,23
2601,CA3222,HO1058,05:55:00,08:50:00,2019-06-17 23:50:33,6.4,1360,20
2640,CA3222,HO1058,05:55:00,08:50:00,2019-06-18 14:49:36,6.4,1360,19
2683,CA3222,HO1058,05:55:00,08:50:00,2019-06-19 14:30:00,6.4,1360,18
2725,CA3222,HO1058,05:55:00,08:50:00,2019-06-20 13:42:56,6.4,1360,17
2767,CA3222,HO1058,05:55:00,08:50:00,2019-06-21 14:01:15,6.4,1360,16
2809,CA3222,HO1058,05:55:00,08:50:00,2019-06-22 14:14:21,6.4,1360,15
2851,CA3222,HO1058,05:55:00,08:50:00,2019-06-23 14:44:00,6.4,1360,14
2893,CA3222,HO1058,05:55:00,08:50:00,2019-06-24 14:19:46,6.4,1360,13
2935,CA3222,HO1058,05:55:00,08:50:00,2019-06-25 14:48:33,6.4,1360,12
2977,CA3222,HO1058,05:55:00,08:50:00,2019-06-26 14:50:51,6.4,1360,11
3019,CA3222,HO1058,05:55:00,08:50:00,2019-06-27 13:49:49,6.4,1360,10
3061,CA3222,HO1058,05:55:00,08:50:00,2019-06-28 14:59:24,6.4,1360,9
3103,CA3222,HO1058,05:55:00,08:50:00,2019-06-29 14:50:36,6.4,1360,8
3145,CA3222,HO1058,05:55:00,08:50:00,2019-06-30 14:53:25,6.4,1360,7
3187,CA3222,HO1058,05:55:00,08:50:00,2019-07-01 14:39:01,6.4,1360,6
3229,CA3222,HO1058,05:55:00,08:50:00,2019-07-02 14:34:02,6.4,1360,5
3271,CA3222,HO1058,05:55:00,08:50:00,2019-07-03 13:48:38,6.4,1360,4
3314,CA3222,HO1058,05:55:00,08:50:00,2019-07-04 14:17:35,7.4,1570,3
3359,CA3222,HO1058,05:55:00,08:50:00,2019-07-05 13:51:57,7.4,1570,2
3404,CA3222,HO1058,05:55:00,08:50:00,2019-07-06 13:54:25,6.4,1360,1
3449,CA3222,HO1058,05:55:00,08:50:00,2019-07-07 14:46:50,6.4,1360,0
1689,CA3294,HO1120,12:15:00,15:05:00,2019-05-23 13:23:01,9.4,1990,45
1720,CA3294,HO1120,12:15:00,15:05:00,2019-05-24 15:15:37,9.4,1990,44
1759,CA3294,HO1120,12:15:00,15:05:00,2019-05-25 15:08:39,9.4,1990,43
1824,CA3294,HO1120,12:15:00,15:05:00,2019-05-26 15:06:02,9.4,1990,42
1862,CA3294,HO1120,12:15:00,15:05:00,2019-05-27 14:31:27,9.4,1990,41
1901,CA3294,HO1120,12:15:00,15:05:00,2019-05-28 14:49:19,9.4,1990,40
1943,CA3294,HO1120,12:15:00,15:05:00,2019-05-29 13:34:09,9.4,1990,39
1980,CA3294,HO1120,12:15:00,15:05:00,2019-05-30 14:38:04,9.4,1990,38
2018,CA3294,HO1120,12:15:00,15:05:00,2019-05-31 14:02:18,9.4,1990,37
2059,CA3294,HO1120,12:15:00,15:05:00,2019-06-01 13:28:21,9.4,1990,36
2096,CA3294,HO1120,12:15:00,15:05:00,2019-06-02 14:47:31,9.4,1990,35
2135,CA3294,HO1120,12:15:00,15:05:00,2019-06-03 14:16:23,9.4,1990,34
2177,CA3294,HO1120,12:15:00,15:05:00,2019-06-04 13:53:23,9.4,1990,33
2213,CA3294,HO1120,12:15:00,15:05:00,2019-06-05 14:10:55,9.4,1990,32
2252,CA3294,HO1120,12:15:00,15:05:00,2019-06-06 14:37:18,7.4,1570,31
2293,CA3294,HO1120,12:15:00,15:05:00,2019-06-07 14:51:11,7.4,1570,30
2330,CA3294,HO1120,12:15:00,15:05:00,2019-06-08 14:47:41,7.4,1570,29
2369,CA3294,HO1120,12:15:00,15:05:00,2019-06-09 14:24:46,7.4,1570,28
2411,CA3294,HO1120,12:15:00,15:05:00,2019-06-10 14:15:32,7.4,1570,27
2447,CA3294,HO1120,12:15:00,15:05:00,2019-06-11 14:09:41,7.4,1570,26
2490,CA3294,HO1120,12:15:00,15:05:00,2019-06-12 14:44:22,7.4,1570,25
2531,CA3294,HO1120,12:15:00,15:05:00,2019-06-13 15:12:24,7.4,1570,24
2573,CA3294,HO1120,12:15:00,15:05:00,2019-06-14 13:28:30,7.4,1570,23
2620,CA3294,HO1120,12:15:00,15:05:00,2019-06-17 23:50:33,6.4,1360,20
2657,CA3294,HO1120,12:15:00,15:05:00,2019-06-18 14:49:36,6.4,1360,19
2700,CA3294,HO1120,12:15:00,15:05:00,2019-06-19 14:30:00,6.4,1360,18
2741,CA3294,HO1120,12:15:00,15:05:00,2019-06-20 13:42:56,6.4,1360,17
2783,CA3294,HO1120,12:15:00,15:05:00,2019-06-21 14:01:15,6.4,1360,16
2828,CA3294,HO1120,12:15:00,15:05:00,2019-06-22 14:14:21,6.4,1360,15
2867,CA3294,HO1120,12:15:00,15:05:00,2019-06-23 14:44:00,6.4,1360,14
2910,CA3294,HO1120,12:15:00,15:05:00,2019-06-24 14:19:46,6.4,1360,13
2951,CA3294,HO1120,12:15:00,15:05:00,2019-06-25 14:48:33,6.4,1360,12
2993,CA3294,HO1120,12:15:00,15:05:00,2019-06-26 14:50:51,6.4,1360,11
3039,CA3294,HO1120,12:15:00,15:05:00,2019-06-27 13:49:49,6.4,1360,10
3077,CA3294,HO1120,12:15:00,15:05:00,2019-06-28 14:59:24,6.4,1360,9
3120,CA3294,HO1120,12:15:00,15:05:00,2019-06-29 14:50:36,6.4,1360,8
3161,CA3294,HO1120,12:15:00,15:05:00,2019-06-30 14:53:25,6.4,1360,7
3203,CA3294,HO1120,12:15:00,15:05:00,2019-07-01 14:39:01,6.4,1360,6
3248,CA3294,HO1120,12:15:00,15:05:00,2019-07-02 14:34:02,6.4,1360,5
3287,CA3294,HO1120,12:15:00,15:05:00,2019-07-03 13:48:38,6.4,1360,4
3331,CA3294,HO1120,12:15:00,15:05:00,2019-07-04 14:17:35,6.4,1360,3
3378,CA3294,HO1120,12:15:00,15:05:00,2019-07-05 13:51:57,6.4,1360,2
3421,CA3294,HO1120,12:15:00,15:05:00,2019-07-06 13:54:25,6.4,1360,1
3429,CA3294,HO1120,12:15:00,15:05:00,2019-07-07 14:46:50,6.4,1360,0
1675,CA3953,TV9865,10:25:00,13:10:00,2019-05-23 13:23:01,10.0,2120,45
1740,CA3953,TV9865,10:25:00,13:10:00,2019-05-24 15:15:37,10.0,2120,44
1777,CA3953,TV9865,10:25:00,13:10:00,2019-05-25 15:08:39,10.0,2120,43
1806,CA3953,TV9865,10:25:00,13:10:00,2019-05-26 15:06:02,10.0,2120,42
1845,CA3953,TV9865,10:25:00,13:10:00,2019-05-27 14:31:27,10.0,2120,41
1884,CA3953,TV9865,10:25:00,13:10:00,2019-05-28 14:49:19,10.0,2120,40
1923,CA3953,TV9865,10:25:00,13:10:00,2019-05-29 13:34:09,7.4,1570,39
1962,CA3953,TV9865,10:25:00,13:10:00,2019-05-30 14:38:04,7.4,1570,38
2001,CA3953,TV9865,10:25:00,13:10:00,2019-05-31 14:02:18,7.4,1570,37
2040,CA3953,TV9865,10:25:00,13:10:00,2019-06-01 13:28:21,7.4,1570,36
2079,CA3953,TV9865,10:25:00,13:10:00,2019-06-02 14:47:31,7.4,1570,35
2118,CA3953,TV9865,10:25:00,13:10:00,2019-06-03 14:16:23,7.4,1570,34
2157,CA3953,TV9865,10:25:00,13:10:00,2019-06-04 13:53:23,7.4,1570,33
2196,CA3953,TV9865,10:25:00,13:10:00,2019-06-05 14:10:55,7.4,1570,32
2235,CA3953,TV9865,10:25:00,13:10:00,2019-06-06 14:37:18,7.4,1570,31
2274,CA3953,TV9865,10:25:00,13:10:00,2019-06-07 14:51:11,7.4,1570,30
2313,CA3953,TV9865,10:25:00,13:10:00,2019-06-08 14:47:41,7.4,1570,29
2352,CA3953,TV9865,10:25:00,13:10:00,2019-06-09 14:24:46,7.4,1570,28
2391,CA3953,TV9865,10:25:00,13:10:00,2019-06-10 14:15:32,7.4,1570,27
2429,CA3953,TV9865,10:25:00,13:10:00,2019-06-11 14:09:41,7.4,1570,26
2469,CA3953,TV9865,10:25:00,13:10:00,2019-06-12 14:44:22,7.4,1570,25
2511,CA3953,TV9865,10:25:00,13:10:00,2019-06-13 15:12:24,7.4,1570,24
2553,CA3953,TV9865,10:25:00,13:10:00,2019-06-14 13:28:30,7.4,1570,23
2596,CA3953,TV9865,10:25:00,13:10:00,2019-06-17 23:50:33,7.4,1570,20
2636,CA3953,TV9865,10:25:00,13:10:00,2019-06-18 14:49:36,7.4,1570,19
2679,CA3953,TV9865,10:25:00,13:10:00,2019-06-19 14:30:00,7.4,1570,18
2721,CA3953,TV9865,10:25:00,13:10:00,2019-06-20 13:42:56,7.4,1570,17
2763,CA3953,TV9865,10:25:00,13:10:00,2019-06-21 14:01:15,7.4,1570,16
2805,CA3953,TV9865,10:25:00,13:10:00,2019-06-22 14:14:21,7.4,1570,15
2847,CA3953,TV9865,10:25:00,13:10:00,2019-06-23 14:44:00,7.4,1570,14
2889,CA3953,TV9865,10:25:00,13:10:00,2019-06-24 14:19:46,6.4,1360,13
2931,CA3953,TV9865,10:25:00,13:10:00,2019-06-25 14:48:33,6.4,1360,12
2973,CA3953,TV9865,10:25:00,13:10:00,2019-06-26 14:50:51,6.4,1360,11
3015,CA3953,TV9865,10:25:00,13:10:00,2019-06-27 13:49:49,6.4,1360,10
3057,CA3953,TV9865,10:25:00,13:10:00,2019-06-28 14:59:24,6.4,1360,9
3099,CA3953,TV9865,10:25:00,13:10:00,2019-06-29 14:50:36,6.4,1360,8
3141,CA3953,TV9865,10:25:00,13:10:00,2019-06-30 14:53:25,6.4,1360,7
3183,CA3953,TV9865,10:25:00,13:10:00,2019-07-01 14:39:01,6.4,1360,6
3225,CA3953,TV9865,10:25:00,13:10:00,2019-07-02 14:34:02,6.4,1360,5
3267,CA3953,TV9865,10:25:00,13:10:00,2019-07-03 13:48:38,5.4,1140,4
3310,CA3953,TV9865,10:25:00,13:10:00,2019-07-04 14:17:35,6.4,1360,3
3355,CA3953,TV9865,10:25:00,13:10:00,2019-07-05 13:51:57,6.4,1360,2
3400,CA3953,TV9865,10:25:00,13:10:00,2019-07-06 13:54:25,7.4,1570,1
3445,CA3953,TV9865,10:25:00,13:10:00,2019-07-07 14:46:50,6.4,1360,0
1704,CA3965,TV9881,12:40:00,15:30:00,2019-05-23 13:23:01,10.0,2120,45
1750,CA3965,TV9881,12:40:00,15:30:00,2019-05-24 15:15:37,10.0,2120,44
1785,CA3965,TV9881,12:40:00,15:30:00,2019-05-25 15:08:39,10.0,2120,43
1797,CA3965,TV9881,12:40:00,15:30:00,2019-05-26 15:06:02,10.0,2120,42
1836,CA3965,TV9881,12:40:00,15:30:00,2019-05-27 14:31:27,10.0,2120,41
1875,CA3965,TV9881,12:40:00,15:30:00,2019-05-28 14:49:19,10.0,2120,40
1914,CA3965,TV9881,12:40:00,15:30:00,2019-05-29 13:34:09,7.4,1570,39
1953,CA3965,TV9881,12:40:00,15:30:00,2019-05-30 14:38:04,7.4,1570,38
1992,CA3965,TV9881,12:40:00,15:30:00,2019-05-31 14:02:18,7.4,1570,37
2031,CA3965,TV9881,12:40:00,15:30:00,2019-06-01 13:28:21,7.4,1570,36
2070,CA3965,TV9881,12:40:00,15:30:00,2019-06-02 14:47:31,7.4,1570,35
2109,CA3965,TV9881,12:40:00,15:30:00,2019-06-03 14:16:23,7.4,1570,34
2148,CA3965,TV9881,12:40:00,15:30:00,2019-06-04 13:53:23,7.4,1570,33
2187,CA3965,TV9881,12:40:00,15:30:00,2019-06-05 14:10:55,7.4,1570,32
2226,CA3965,TV9881,12:40:00,15:30:00,2019-06-06 14:37:18,7.4,1570,31
2265,CA3965,TV9881,12:40:00,15:30:00,2019-06-07 14:51:11,7.4,1570,30
2304,CA3965,TV9881,12:40:00,15:30:00,2019-06-08 14:47:41,7.4,1570,29
2343,CA3965,TV9881,12:40:00,15:30:00,2019-06-09 14:24:46,7.4,1570,28
2382,CA3965,TV9881,12:40:00,15:30:00,2019-06-10 14:15:32,7.4,1570,27
2415,CA3965,TV9881,12:40:00,15:30:00,2019-06-11 14:09:41,7.4,1570,26
2460,CA3965,TV9881,12:40:00,15:30:00,2019-06-12 14:44:22,7.4,1570,25
2502,CA3965,TV9881,12:40:00,15:30:00,2019-06-13 15:12:24,7.4,1570,24
2544,CA3965,TV9881,12:40:00,15:30:00,2019-06-14 13:28:30,7.4,1570,23
2586,CA3965,TV9881,12:40:00,15:30:00,2019-06-17 23:50:33,7.4,1570,20
2628,CA3965,TV9881,12:40:00,15:30:00,2019-06-18 14:49:36,7.4,1570,19
2670,CA3965,TV9881,12:40:00,15:30:00,2019-06-19 14:30:00,7.4,1570,18
2712,CA3965,TV9881,12:40:00,15:30:00,2019-06-20 13:42:56,7.4,1570,17
2754,CA3965,TV9881,12:40:00,15:30:00,2019-06-21 14:01:15,7.4,1570,16
2796,CA3965,TV9881,12:40:00,15:30:00,2019-06-22 14:14:21,7.4,1570,15
2838,CA3965,TV9881,12:40:00,15:30:00,2019-06-23 14:44:00,7.4,1570,14
2880,CA3965,TV9881,12:40:00,15:30:00,2019-06-24 14:19:46,7.4,1570,13
2922,CA3965,TV9881,12:40:00,15:30:00,2019-06-25 14:48:33,7.4,1570,12
2964,CA3965,TV9881,12:40:00,15:30:00,2019-06-26 14:50:51,7.4,1570,11
3006,CA3965,TV9881,12:40:00,15:30:00,2019-06-27 13:49:49,7.4,1570,10
3048,CA3965,TV9881,12:40:00,15:30:00,2019-06-28 14:59:24,7.4,1570,9
3090,CA3965,TV9881,12:40:00,15:30:00,2019-06-29 14:50:36,7.4,1570,8
3132,CA3965,TV9881,12:40:00,15:30:00,2019-06-30 14:53:25,6.4,1360,7
3174,CA3965,TV9881,12:40:00,15:30:00,2019-07-01 14:39:01,6.4,1360,6
3216,CA3965,TV9881,12:40:00,15:30:00,2019-07-02 14:34:02,6.4,1360,5
3258,CA3965,TV9881,12:40:00,15:30:00,2019-07-03 13:48:38,5.4,1140,4
3301,CA3965,TV9881,12:40:00,15:30:00,2019-07-04 14:17:35,6.4,1360,3
3346,CA3965,TV9881,12:40:00,15:30:00,2019-07-05 13:51:57,6.4,1360,2
3391,CA3965,TV9881,12:40:00,15:30:00,2019-07-06 13:54:25,7.4,1570,1
3436,CA3965,TV9881,12:40:00,15:30:00,2019-07-07 14:46:50,6.4,1360,0
1681,CA4501,,16:45:00,19:30:00,2019-05-23 13:23:01,9.7,2060,45
1733,CA4501,,16:45:00,19:30:00,2019-05-24 15:15:37,9.7,2060,44
1770,CA4501,,16:45:00,19:30:00,2019-05-25 15:08:39,9.7,2060,43
1813,CA4501,,16:45:00,19:30:00,2019-05-26 15:06:02,9.7,2060,42
1851,CA4501,,16:45:00,19:30:00,2019-05-27 14:31:27,9.7,2060,41
1890,CA4501,,16:45:00,19:30:00,2019-05-28 14:49:19,9.7,2060,40
1932,CA4501,,16:45:00,19:30:00,2019-05-29 13:34:09,9.7,2060,39
1969,CA4501,,16:45:00,19:30:00,2019-05-30 14:38:04,9.7,2060,38
2007,CA4501,,16:45:00,19:30:00,2019-05-31 14:02:18,9.7,2060,37
2048,CA4501,,16:45:00,19:30:00,2019-06-01 13:28:21,9.7,2060,36
2085,CA4501,,16:45:00,19:30:00,2019-06-02 14:47:31,9.7,2060,35
2124,CA4501,,16:45:00,19:30:00,2019-06-03 14:16:23,9.7,2060,34
2166,CA4501,,16:45:00,19:30:00,2019-06-04 13:53:23,9.7,2060,33
2203,CA4501,,16:45:00,19:30:00,2019-06-05 14:10:55,9.7,2060,32
2241,CA4501,,16:45:00,19:30:00,2019-06-06 14:37:18,7.3,1540,31
2282,CA4501,,16:45:00,19:30:00,2019-06-07 14:51:11,7.0,1480,30
2319,CA4501,,16:45:00,19:30:00,2019-06-08 14:47:41,7.0,1480,29
2358,CA4501,,16:45:00,19:30:00,2019-06-09 14:24:46,7.0,1480,28
2400,CA4501,,16:45:00,19:30:00,2019-06-10 14:15:32,7.0,1480,27
2436,CA4501,,16:45:00,19:30:00,2019-06-11 14:09:41,7.0,1480,26
2478,CA4501,,16:45:00,19:30:00,2019-06-12 14:44:22,7.0,1480,25
2519,CA4501,,16:45:00,19:30:00,2019-06-13 15:12:24,7.0,1480,24
2561,CA4501,,16:45:00,19:30:00,2019-06-14 13:28:30,7.0,1480,23
2607,CA4501,,16:45:00,19:30:00,2019-06-17 23:50:33,6.0,1280,20
2645,CA4501,,16:45:00,19:30:00,2019-06-18 14:49:36,6.0,1280,19
2688,CA4501,,16:45:00,19:30:00,2019-06-19 14:30:00,6.0,1280,18
2729,CA4501,,16:45:00,19:30:00,2019-06-20 13:42:56,6.0,1280,17
2771,CA4501,,16:45:00,19:30:00,2019-06-21 14:01:15,6.0,1280,16
2816,CA4501,,16:45:00,19:30:00,2019-06-22 14:14:21,6.0,1280,15
2855,CA4501,,16:45:00,19:30:00,2019-06-23 14:44:00,6.0,1280,14
2898,CA4501,,16:45:00,19:30:00,2019-06-24 14:19:46,6.4,1360,13
2939,CA4501,,16:45:00,19:30:00,2019-06-25 14:48:33,6.4,1360,12
2981,CA4501,,16:45:00,19:30:00,2019-06-26 14:50:51,6.4,1360,11
3027,CA4501,,16:45:00,19:30:00,2019-06-27 13:49:49,6.4,1360,10
3066,CA4501,,16:45:00,19:30:00,2019-06-28 14:59:24,6.4,1360,9
3108,CA4501,,16:45:00,19:30:00,2019-06-29 14:50:36,6.4,1360,8
3149,CA4501,,16:45:00,19:30:00,2019-06-30 14:53:25,6.4,1360,7
3191,CA4501,,16:45:00,19:30:00,2019-07-01 14:39:01,5.4,1140,6
3236,CA4501,,16:45:00,19:30:00,2019-07-02 14:34:02,5.4,1140,5
3276,CA4501,,16:45:00,19:30:00,2019-07-03 13:48:38,5.4,1140,4
3319,CA4501,,16:45:00,19:30:00,2019-07-04 14:17:35,6.4,1360,3
3366,CA4501,,16:45:00,19:30:00,2019-07-05 13:51:57,6.4,1360,2
3410,CA4501,,16:45:00,19:30:00,2019-07-06 13:54:25,7.4,1570,1
3463,CA4501,,16:45:00,19:30:00,2019-07-07 14:46:50,7.4,1570,0
3481,CA4501,,16:45:00,19:30:00,2019-07-08 14:56:10,8.3,1760,0
1690,CA4515,,08:10:00,10:45:00,2019-05-23 13:23:01,9.7,2060,45
1719,CA4515,,08:10:00,10:45:00,2019-05-24 15:15:37,9.7,2060,44
1758,CA4515,,08:10:00,10:45:00,2019-05-25 15:08:39,9.7,2060,43
1825,CA4515,,08:10:00,10:45:00,2019-05-26 15:06:02,9.7,2060,42
1863,CA4515,,08:10:00,10:45:00,2019-05-27 14:31:27,9.7,2060,41
1902,CA4515,,08:10:00,10:45:00,2019-05-28 14:49:19,9.7,2060,40
1944,CA4515,,08:10:00,10:45:00,2019-05-29 13:34:09,9.7,2060,39
1981,CA4515,,08:10:00,10:45:00,2019-05-30 14:38:04,6.2,1320,38
2019,CA4515,,08:10:00,10:45:00,2019-05-31 14:02:18,6.2,1320,37
2060,CA4515,,08:10:00,10:45:00,2019-06-01 13:28:21,6.0,1280,36
2097,CA4515,,08:10:00,10:45:00,2019-06-02 14:47:31,6.0,1280,35
2136,CA4515,,08:10:00,10:45:00,2019-06-03 14:16:23,6.0,1280,34
2178,CA4515,,08:10:00,10:45:00,2019-06-04 13:53:23,6.0,1280,33
2214,CA4515,,08:10:00,10:45:00,2019-06-05 14:10:55,7.0,1480,32
2253,CA4515,,08:10:00,10:45:00,2019-06-06 14:37:18,7.0,1480,31
2294,CA4515,,08:10:00,10:45:00,2019-06-07 14:51:11,7.0,1480,30
2331,CA4515,,08:10:00,10:45:00,2019-06-08 14:47:41,7.0,1480,29
2370,CA4515,,08:10:00,10:45:00,2019-06-09 14:24:46,7.0,1480,28
2412,CA4515,,08:10:00,10:45:00,2019-06-10 14:15:32,7.0,1480,27
2448,CA4515,,08:10:00,10:45:00,2019-06-11 14:09:41,7.0,1480,26
2491,CA4515,,08:10:00,10:45:00,2019-06-12 14:44:22,6.0,1280,25
2532,CA4515,,08:10:00,10:45:00,2019-06-13 15:12:24,6.0,1280,24
2574,CA4515,,08:10:00,10:45:00,2019-06-14 13:28:30,6.0,1280,23
2621,CA4515,,08:10:00,10:45:00,2019-06-17 23:50:33,5.0,1070,20
2658,CA4515,,08:10:00,10:45:00,2019-06-18 14:49:36,5.0,1070,19
2701,CA4515,,08:10:00,10:45:00,2019-06-19 14:30:00,5.0,1070,18
2742,CA4515,,08:10:00,10:45:00,2019-06-20 13:42:56,5.0,1070,17
2784,CA4515,,08:10:00,10:45:00,2019-06-21 14:01:15,4.7,1000,16
2829,CA4515,,08:10:00,10:45:00,2019-06-22 14:14:21,4.7,1000,15
2868,CA4515,,08:10:00,10:45:00,2019-06-23 14:44:00,4.7,1000,14
2911,CA4515,,08:10:00,10:45:00,2019-06-24 14:19:46,4.7,1000,13
2952,CA4515,,08:10:00,10:45:00,2019-06-25 14:48:33,5.4,1140,12
2994,CA4515,,08:10:00,10:45:00,2019-06-26 14:50:51,5.4,1140,11
3040,CA4515,,08:10:00,10:45:00,2019-06-27 13:49:49,4.7,1000,10
3078,CA4515,,08:10:00,10:45:00,2019-06-28 14:59:24,5.4,1140,9
3121,CA4515,,08:10:00,10:45:00,2019-06-29 14:50:36,6.4,1360,8
3162,CA4515,,08:10:00,10:45:00,2019-06-30 14:53:25,5.4,1140,7
3204,CA4515,,08:10:00,10:45:00,2019-07-01 14:39:01,5.4,1140,6
3249,CA4515,,08:10:00,10:45:00,2019-07-02 14:34:02,5.4,1140,5
3288,CA4515,,08:10:00,10:45:00,2019-07-03 13:48:38,5.4,1140,4
3332,CA4515,,08:10:00,10:45:00,2019-07-04 14:17:35,5.4,1140,3
3379,CA4515,,08:10:00,10:45:00,2019-07-05 13:51:57,7.4,1570,2
3422,CA4515,,08:10:00,10:45:00,2019-07-06 13:54:25,8.3,1760,1
3455,CA4515,,08:10:00,10:45:00,2019-07-07 14:46:50,8.3,1760,0
1682,CZ8244,,17:45:00,20:20:00,2019-05-23 13:23:01,7.4,1300,45
1732,CZ8244,,17:45:00,20:20:00,2019-05-24 15:15:37,7.4,1300,44
1769,CZ8244,,17:45:00,20:20:00,2019-05-25 15:08:39,7.4,1300,43
1814,CZ8244,,17:45:00,20:20:00,2019-05-26 15:06:02,7.4,1300,42
1852,CZ8244,,17:45:00,20:20:00,2019-05-27 14:31:27,7.4,1300,41
1891,CZ8244,,17:45:00,20:20:00,2019-05-28 14:49:19,7.4,1300,40
1933,CZ8244,,17:45:00,20:20:00,2019-05-29 13:34:09,7.4,1300,39
1970,CZ8244,,17:45:00,20:20:00,2019-05-30 14:38:04,7.4,1300,38
2008,CZ8244,,17:45:00,20:20:00,2019-05-31 14:02:18,7.4,1300,37
2049,CZ8244,,17:45:00,20:20:00,2019-06-01 13:28:21,7.4,1310,36
2086,CZ8244,,17:45:00,20:20:00,2019-06-02 14:47:31,7.4,1310,35
2125,CZ8244,,17:45:00,20:20:00,2019-06-03 14:16:23,7.4,1310,34
2167,CZ8244,,17:45:00,20:20:00,2019-06-04 13:53:23,7.4,1310,33
2204,CZ8244,,17:45:00,20:20:00,2019-06-05 14:10:55,8.4,1480,32
2242,CZ8244,,17:45:00,20:20:00,2019-06-06 14:37:18,8.4,1480,31
2283,CZ8244,,17:45:00,20:20:00,2019-06-07 14:51:11,8.4,1480,30
2320,CZ8244,,17:45:00,20:20:00,2019-06-08 14:47:41,8.4,1480,29
2359,CZ8244,,17:45:00,20:20:00,2019-06-09 14:24:46,8.4,1480,28
2401,CZ8244,,17:45:00,20:20:00,2019-06-10 14:15:32,8.4,1480,27
2437,CZ8244,,17:45:00,20:20:00,2019-06-11 14:09:41,8.4,1480,26
2479,CZ8244,,17:45:00,20:20:00,2019-06-12 14:44:22,8.4,1480,25
2520,CZ8244,,17:45:00,20:20:00,2019-06-13 15:12:24,8.4,1480,24
2562,CZ8244,,17:45:00,20:20:00,2019-06-14 13:28:30,8.4,1480,23
2608,CZ8244,,17:45:00,20:20:00,2019-06-17 23:50:33,8.6,1520,20
2646,CZ8244,,17:45:00,20:20:00,2019-06-18 14:49:36,8.6,1520,19
2689,CZ8244,,17:45:00,20:20:00,2019-06-19 14:30:00,8.6,1520,18
2730,CZ8244,,17:45:00,20:20:00,2019-06-20 13:42:56,8.6,1520,17
2772,CZ8244,,17:45:00,20:20:00,2019-06-21 14:01:15,8.6,1520,16
2817,CZ8244,,17:45:00,20:20:00,2019-06-22 14:14:21,8.4,1480,15
2856,CZ8244,,17:45:00,20:20:00,2019-06-23 14:44:00,8.4,1480,14
2899,CZ8244,,17:45:00,20:20:00,2019-06-24 14:19:46,7.4,1310,13
2940,CZ8244,,17:45:00,20:20:00,2019-06-25 14:48:33,7.4,1310,12
2982,CZ8244,,17:45:00,20:20:00,2019-06-26 14:50:51,7.4,1310,11
3028,CZ8244,,17:45:00,20:20:00,2019-06-27 13:49:49,7.4,1310,10
3067,CZ8244,,17:45:00,20:20:00,2019-06-28 14:59:24,7.4,1310,9
3109,CZ8244,,17:45:00,20:20:00,2019-06-29 14:50:36,7.4,1310,8
3150,CZ8244,,17:45:00,20:20:00,2019-06-30 14:53:25,7.4,1310,7
3192,CZ8244,,17:45:00,20:20:00,2019-07-01 14:39:01,5.9,1040,6
3237,CZ8244,,17:45:00,20:20:00,2019-07-02 14:34:02,6.5,1140,5
3277,CZ8244,,17:45:00,20:20:00,2019-07-03 13:48:38,6.5,1140,4
3320,CZ8244,,17:45:00,20:20:00,2019-07-04 14:17:35,6.5,1140,3
3367,CZ8244,,17:45:00,20:20:00,2019-07-05 13:51:57,9.7,1710,2
3384,CZ8244,,17:45:00,20:20:00,2019-07-06 13:54:25,9.7,1710,1
3464,CZ8244,,17:45:00,20:20:00,2019-07-07 14:46:50,9.7,1710,0
3476,CZ8244,,17:45:00,20:20:00,2019-07-08 14:56:10,9.7,1710,0
1712,CZ9154,MU5408,12:35:00,15:10:00,2019-05-23 13:23:01,10.0,2120,45
1742,CZ9154,MU5408,12:35:00,15:10:00,2019-05-24 15:15:37,10.0,2120,44
1779,CZ9154,MU5408,12:35:00,15:10:00,2019-05-25 15:08:39,10.0,2120,43
1804,CZ9154,MU5408,12:35:00,15:10:00,2019-05-26 15:06:02,10.0,2120,42
1843,CZ9154,MU5408,12:35:00,15:10:00,2019-05-27 14:31:27,10.0,2120,41
1882,CZ9154,MU5408,12:35:00,15:10:00,2019-05-28 14:49:19,10.0,2120,40
1921,CZ9154,MU5408,12:35:00,15:10:00,2019-05-29 13:34:09,10.0,2120,39
1960,CZ9154,MU5408,12:35:00,15:10:00,2019-05-30 14:38:04,10.0,2120,38
1999,CZ9154,MU5408,12:35:00,15:10:00,2019-05-31 14:02:18,10.0,2120,37
2038,CZ9154,MU5408,12:35:00,15:10:00,2019-06-01 13:28:21,10.0,2120,36
2077,CZ9154,MU5408,12:35:00,15:10:00,2019-06-02 14:47:31,10.0,2120,35
2116,CZ9154,MU5408,12:35:00,15:10:00,2019-06-03 14:16:23,10.0,2120,34
2155,CZ9154,MU5408,12:35:00,15:10:00,2019-06-04 13:53:23,10.0,2120,33
2194,CZ9154,MU5408,12:35:00,15:10:00,2019-06-05 14:10:55,8.4,1780,32
2233,CZ9154,MU5408,12:35:00,15:10:00,2019-06-06 14:37:18,8.4,1780,31
2272,CZ9154,MU5408,12:35:00,15:10:00,2019-06-07 14:51:11,8.4,1780,30
2311,CZ9154,MU5408,12:35:00,15:10:00,2019-06-08 14:47:41,8.4,1780,29
2350,CZ9154,MU5408,12:35:00,15:10:00,2019-06-09 14:24:46,8.4,1780,28
2389,CZ9154,MU5408,12:35:00,15:10:00,2019-06-10 14:15:32,8.4,1780,27
2427,CZ9154,MU5408,12:35:00,15:10:00,2019-06-11 14:09:41,8.4,1780,26
2467,CZ9154,MU5408,12:35:00,15:10:00,2019-06-12 14:44:22,8.4,1780,25
2509,CZ9154,MU5408,12:35:00,15:10:00,2019-06-13 15:12:24,8.4,1780,24
2551,CZ9154,MU5408,12:35:00,15:10:00,2019-06-14 13:28:30,8.4,1780,23
2594,CZ9154,MU5408,12:35:00,15:10:00,2019-06-17 23:50:33,6.4,1360,20
2635,CZ9154,MU5408,12:35:00,15:10:00,2019-06-18 14:49:36,6.4,1360,19
2677,CZ9154,MU5408,12:35:00,15:10:00,2019-06-19 14:30:00,6.4,1360,18
2719,CZ9154,MU5408,12:35:00,15:10:00,2019-06-20 13:42:56,6.4,1360,17
2761,CZ9154,MU5408,12:35:00,15:10:00,2019-06-21 14:01:15,5.4,1140,16
2803,CZ9154,MU5408,12:35:00,15:10:00,2019-06-22 14:14:21,5.4,1140,15
2845,CZ9154,MU5408,12:35:00,15:10:00,2019-06-23 14:44:00,5.4,1140,14
2887,CZ9154,MU5408,12:35:00,15:10:00,2019-06-24 14:19:46,5.4,1140,13
2929,CZ9154,MU5408,12:35:00,15:10:00,2019-06-25 14:48:33,5.4,1140,12
2971,CZ9154,MU5408,12:35:00,15:10:00,2019-06-26 14:50:51,5.4,1140,11
3013,CZ9154,MU5408,12:35:00,15:10:00,2019-06-27 13:49:49,5.4,1140,10
3055,CZ9154,MU5408,12:35:00,15:10:00,2019-06-28 14:59:24,5.4,1140,9
3097,CZ9154,MU5408,12:35:00,15:10:00,2019-06-29 14:50:36,5.4,1140,8
3139,CZ9154,MU5408,12:35:00,15:10:00,2019-06-30 14:53:25,5.4,1140,7
3181,CZ9154,MU5408,12:35:00,15:10:00,2019-07-01 14:39:01,5.4,1140,6
3223,CZ9154,MU5408,12:35:00,15:10:00,2019-07-02 14:34:02,6.4,1360,5
3265,CZ9154,MU5408,12:35:00,15:10:00,2019-07-03 13:48:38,6.4,1360,4
3308,CZ9154,MU5408,12:35:00,15:10:00,2019-07-04 14:17:35,6.4,1360,3
3353,CZ9154,MU5408,12:35:00,15:10:00,2019-07-05 13:51:57,8.4,1780,2
3398,CZ9154,MU5408,12:35:00,15:10:00,2019-07-06 13:54:25,8.4,1780,1
3443,CZ9154,MU5408,12:35:00,15:10:00,2019-07-07 14:46:50,8.4,1780,0
1680,CZ9155,MU5410,14:10:00,16:55:00,2019-05-23 13:23:01,10.0,2120,45
1734,CZ9155,MU5410,14:10:00,16:55:00,2019-05-24 15:15:37,10.0,2120,44
1771,CZ9155,MU5410,14:10:00,16:55:00,2019-05-25 15:08:39,10.0,2120,43
1812,CZ9155,MU5410,14:10:00,16:55:00,2019-05-26 15:06:02,10.0,2120,42
1850,CZ9155,MU5410,14:10:00,16:55:00,2019-05-27 14:31:27,10.0,2120,41
1889,CZ9155,MU5410,14:10:00,16:55:00,2019-05-28 14:49:19,10.0,2120,40
1931,CZ9155,MU5410,14:10:00,16:55:00,2019-05-29 13:34:09,10.0,2120,39
1968,CZ9155,MU5410,14:10:00,16:55:00,2019-05-30 14:38:04,10.0,2120,38
2006,CZ9155,MU5410,14:10:00,16:55:00,2019-05-31 14:02:18,10.0,2120,37
2047,CZ9155,MU5410,14:10:00,16:55:00,2019-06-01 13:28:21,10.0,2120,36
2084,CZ9155,MU5410,14:10:00,16:55:00,2019-06-02 14:47:31,10.0,2120,35
2123,CZ9155,MU5410,14:10:00,16:55:00,2019-06-03 14:16:23,10.0,2120,34
2165,CZ9155,MU5410,14:10:00,16:55:00,2019-06-04 13:53:23,10.0,2120,33
2202,CZ9155,MU5410,14:10:00,16:55:00,2019-06-05 14:10:55,8.4,1780,32
2240,CZ9155,MU5410,14:10:00,16:55:00,2019-06-06 14:37:18,8.4,1780,31
2281,CZ9155,MU5410,14:10:00,16:55:00,2019-06-07 14:51:11,8.4,1780,30
2318,CZ9155,MU5410,14:10:00,16:55:00,2019-06-08 14:47:41,8.4,1780,29
2357,CZ9155,MU5410,14:10:00,16:55:00,2019-06-09 14:24:46,8.4,1780,28
2399,CZ9155,MU5410,14:10:00,16:55:00,2019-06-10 14:15:32,8.4,1780,27
2435,CZ9155,MU5410,14:10:00,16:55:00,2019-06-11 14:09:41,8.4,1780,26
2477,CZ9155,MU5410,14:10:00,16:55:00,2019-06-12 14:44:22,8.4,1780,25
2518,CZ9155,MU5410,14:10:00,16:55:00,2019-06-13 15:12:24,8.4,1780,24
2560,CZ9155,MU5410,14:10:00,16:55:00,2019-06-14 13:28:30,8.4,1780,23
2606,CZ9155,MU5410,14:10:00,16:55:00,2019-06-17 23:50:33,6.4,1360,20
2644,CZ9155,MU5410,14:10:00,16:55:00,2019-06-18 14:49:36,6.4,1360,19
2687,CZ9155,MU5410,14:10:00,16:55:00,2019-06-19 14:30:00,6.4,1360,18
2728,CZ9155,MU5410,14:10:00,16:55:00,2019-06-20 13:42:56,6.4,1360,17
2770,CZ9155,MU5410,14:10:00,16:55:00,2019-06-21 14:01:15,6.4,1360,16
2815,CZ9155,MU5410,14:10:00,16:55:00,2019-06-22 14:14:21,6.4,1360,15
2854,CZ9155,MU5410,14:10:00,16:55:00,2019-06-23 14:44:00,6.4,1360,14
2897,CZ9155,MU5410,14:10:00,16:55:00,2019-06-24 14:19:46,6.4,1360,13
2938,CZ9155,MU5410,14:10:00,16:55:00,2019-06-25 14:48:33,6.4,1360,12
2980,CZ9155,MU5410,14:10:00,16:55:00,2019-06-26 14:50:51,6.4,1360,11
3026,CZ9155,MU5410,14:10:00,16:55:00,2019-06-27 13:49:49,5.4,1140,10
3065,CZ9155,MU5410,14:10:00,16:55:00,2019-06-28 14:59:24,5.4,1140,9
3107,CZ9155,MU5410,14:10:00,16:55:00,2019-06-29 14:50:36,5.4,1140,8
3148,CZ9155,MU5410,14:10:00,16:55:00,2019-06-30 14:53:25,5.4,1140,7
3190,CZ9155,MU5410,14:10:00,16:55:00,2019-07-01 14:39:01,5.4,1140,6
3235,CZ9155,MU5410,14:10:00,16:55:00,2019-07-02 14:34:02,6.4,1360,5
3275,CZ9155,MU5410,14:10:00,16:55:00,2019-07-03 13:48:38,6.4,1360,4
3318,CZ9155,MU5410,14:10:00,16:55:00,2019-07-04 14:17:35,7.4,1570,3
3365,CZ9155,MU5410,14:10:00,16:55:00,2019-07-05 13:51:57,8.4,1780,2
3409,CZ9155,MU5410,14:10:00,16:55:00,2019-07-06 13:54:25,8.4,1780,1
3462,CZ9155,MU5410,14:10:00,16:55:00,2019-07-07 14:46:50,8.4,1780,0
1709,CZ9156,MU5412,15:35:00,18:10:00,2019-05-23 13:23:01,10.0,2120,45
1745,CZ9156,MU5412,15:35:00,18:10:00,2019-05-24 15:15:37,10.0,2120,44
1782,CZ9156,MU5412,15:35:00,18:10:00,2019-05-25 15:08:39,10.0,2120,43
1801,CZ9156,MU5412,15:35:00,18:10:00,2019-05-26 15:06:02,10.0,2120,42
1840,CZ9156,MU5412,15:35:00,18:10:00,2019-05-27 14:31:27,10.0,2120,41
1879,CZ9156,MU5412,15:35:00,18:10:00,2019-05-28 14:49:19,10.0,2120,40
1918,CZ9156,MU5412,15:35:00,18:10:00,2019-05-29 13:34:09,10.0,2120,39
1957,CZ9156,MU5412,15:35:00,18:10:00,2019-05-30 14:38:04,10.0,2120,38
1996,CZ9156,MU5412,15:35:00,18:10:00,2019-05-31 14:02:18,10.0,2120,37
2035,CZ9156,MU5412,15:35:00,18:10:00,2019-06-01 13:28:21,10.0,2120,36
2074,CZ9156,MU5412,15:35:00,18:10:00,2019-06-02 14:47:31,10.0,2120,35
2113,CZ9156,MU5412,15:35:00,18:10:00,2019-06-03 14:16:23,10.0,2120,34
2152,CZ9156,MU5412,15:35:00,18:10:00,2019-06-04 13:53:23,10.0,2120,33
2191,CZ9156,MU5412,15:35:00,18:10:00,2019-06-05 14:10:55,9.9,2100,32
2230,CZ9156,MU5412,15:35:00,18:10:00,2019-06-06 14:37:18,9.9,2100,31
2269,CZ9156,MU5412,15:35:00,18:10:00,2019-06-07 14:51:11,9.9,2100,30
2308,CZ9156,MU5412,15:35:00,18:10:00,2019-06-08 14:47:41,9.9,2100,29
2347,CZ9156,MU5412,15:35:00,18:10:00,2019-06-09 14:24:46,9.9,2100,28
2386,CZ9156,MU5412,15:35:00,18:10:00,2019-06-10 14:15:32,9.9,2100,27
2424,CZ9156,MU5412,15:35:00,18:10:00,2019-06-11 14:09:41,9.9,2100,26
2464,CZ9156,MU5412,15:35:00,18:10:00,2019-06-12 14:44:22,9.9,2100,25
2506,CZ9156,MU5412,15:35:00,18:10:00,2019-06-13 15:12:24,8.4,1780,24
2548,CZ9156,MU5412,15:35:00,18:10:00,2019-06-14 13:28:30,8.4,1780,23
2591,CZ9156,MU5412,15:35:00,18:10:00,2019-06-17 23:50:33,7.4,1570,20
2632,CZ9156,MU5412,15:35:00,18:10:00,2019-06-18 14:49:36,7.4,1570,19
2674,CZ9156,MU5412,15:35:00,18:10:00,2019-06-19 14:30:00,7.4,1570,18
2716,CZ9156,MU5412,15:35:00,18:10:00,2019-06-20 13:42:56,7.4,1570,17
2758,CZ9156,MU5412,15:35:00,18:10:00,2019-06-21 14:01:15,6.4,1360,16
2800,CZ9156,MU5412,15:35:00,18:10:00,2019-06-22 14:14:21,6.4,1360,15
2842,CZ9156,MU5412,15:35:00,18:10:00,2019-06-23 14:44:00,6.4,1360,14
2884,CZ9156,MU5412,15:35:00,18:10:00,2019-06-24 14:19:46,6.4,1360,13
2926,CZ9156,MU5412,15:35:00,18:10:00,2019-06-25 14:48:33,6.4,1360,12
2968,CZ9156,MU5412,15:35:00,18:10:00,2019-06-26 14:50:51,6.4,1360,11
3010,CZ9156,MU5412,15:35:00,18:10:00,2019-06-27 13:49:49,6.4,1360,10
3052,CZ9156,MU5412,15:35:00,18:10:00,2019-06-28 14:59:24,6.4,1360,9
3094,CZ9156,MU5412,15:35:00,18:10:00,2019-06-29 14:50:36,5.4,1140,8
3136,CZ9156,MU5412,15:35:00,18:10:00,2019-06-30 14:53:25,5.4,1140,7
3178,CZ9156,MU5412,15:35:00,18:10:00,2019-07-01 14:39:01,5.4,1140,6
3220,CZ9156,MU5412,15:35:00,18:10:00,2019-07-02 14:34:02,5.4,1140,5
3262,CZ9156,MU5412,15:35:00,18:10:00,2019-07-03 13:48:38,6.4,1360,4
3305,CZ9156,MU5412,15:35:00,18:10:00,2019-07-04 14:17:35,6.4,1360,3
3350,CZ9156,MU5412,15:35:00,18:10:00,2019-07-05 13:51:57,8.4,1780,2
3395,CZ9156,MU5412,15:35:00,18:10:00,2019-07-06 13:54:25,8.4,1780,1
3440,CZ9156,MU5412,15:35:00,18:10:00,2019-07-07 14:46:50,8.4,1780,0
1701,CZ9157,MU5404,09:50:00,12:40:00,2019-05-23 13:23:01,10.0,2120,45
1739,CZ9157,MU5404,09:50:00,12:40:00,2019-05-24 15:15:37,10.0,2120,44
1788,CZ9157,MU5404,09:50:00,12:40:00,2019-05-25 15:08:39,10.0,2120,43
1794,CZ9157,MU5404,09:50:00,12:40:00,2019-05-26 15:06:02,10.0,2120,42
1833,CZ9157,MU5404,09:50:00,12:40:00,2019-05-27 14:31:27,10.0,2120,41
1872,CZ9157,MU5404,09:50:00,12:40:00,2019-05-28 14:49:19,10.0,2120,40
1911,CZ9157,MU5404,09:50:00,12:40:00,2019-05-29 13:34:09,10.0,2120,39
1950,CZ9157,MU5404,09:50:00,12:40:00,2019-05-30 14:38:04,10.0,2120,38
1989,CZ9157,MU5404,09:50:00,12:40:00,2019-05-31 14:02:18,10.0,2120,37
2028,CZ9157,MU5404,09:50:00,12:40:00,2019-06-01 13:28:21,10.0,2120,36
2067,CZ9157,MU5404,09:50:00,12:40:00,2019-06-02 14:47:31,10.0,2120,35
2106,CZ9157,MU5404,09:50:00,12:40:00,2019-06-03 14:16:23,10.0,2120,34
2145,CZ9157,MU5404,09:50:00,12:40:00,2019-06-04 13:53:23,10.0,2120,33
2184,CZ9157,MU5404,09:50:00,12:40:00,2019-06-05 14:10:55,7.4,1570,32
2223,CZ9157,MU5404,09:50:00,12:40:00,2019-06-06 14:37:18,7.4,1570,31
2262,CZ9157,MU5404,09:50:00,12:40:00,2019-06-07 14:51:11,7.4,1570,30
2301,CZ9157,MU5404,09:50:00,12:40:00,2019-06-08 14:47:41,7.4,1570,29
2340,CZ9157,MU5404,09:50:00,12:40:00,2019-06-09 14:24:46,7.4,1570,28
2379,CZ9157,MU5404,09:50:00,12:40:00,2019-06-10 14:15:32,7.4,1570,27
2418,CZ9157,MU5404,09:50:00,12:40:00,2019-06-11 14:09:41,7.4,1570,26
2457,CZ9157,MU5404,09:50:00,12:40:00,2019-06-12 14:44:22,7.4,1570,25
2499,CZ9157,MU5404,09:50:00,12:40:00,2019-06-13 15:12:24,7.4,1570,24
2541,CZ9157,MU5404,09:50:00,12:40:00,2019-06-14 13:28:30,7.4,1570,23
2583,CZ9157,MU5404,09:50:00,12:40:00,2019-06-17 23:50:33,6.4,1360,20
2625,CZ9157,MU5404,09:50:00,12:40:00,2019-06-18 14:49:36,6.4,1360,19
2667,CZ9157,MU5404,09:50:00,12:40:00,2019-06-19 14:30:00,6.4,1360,18
2709,CZ9157,MU5404,09:50:00,12:40:00,2019-06-20 13:42:56,6.4,1360,17
2751,CZ9157,MU5404,09:50:00,12:40:00,2019-06-21 14:01:15,5.4,1140,16
2793,CZ9157,MU5404,09:50:00,12:40:00,2019-06-22 14:14:21,5.4,1140,15
2835,CZ9157,MU5404,09:50:00,12:40:00,2019-06-23 14:44:00,5.4,1140,14
2877,CZ9157,MU5404,09:50:00,12:40:00,2019-06-24 14:19:46,5.4,1140,13
2919,CZ9157,MU5404,09:50:00,12:40:00,2019-06-25 14:48:33,5.4,1140,12
2961,CZ9157,MU5404,09:50:00,12:40:00,2019-06-26 14:50:51,5.4,1140,11
3003,CZ9157,MU5404,09:50:00,12:40:00,2019-06-27 13:49:49,5.4,1140,10
3045,CZ9157,MU5404,09:50:00,12:40:00,2019-06-28 14:59:24,5.4,1140,9
3087,CZ9157,MU5404,09:50:00,12:40:00,2019-06-29 14:50:36,5.4,1140,8
3129,CZ9157,MU5404,09:50:00,12:40:00,2019-06-30 14:53:25,5.4,1140,7
3171,CZ9157,MU5404,09:50:00,12:40:00,2019-07-01 14:39:01,5.4,1140,6
3213,CZ9157,MU5404,09:50:00,12:40:00,2019-07-02 14:34:02,5.4,1140,5
3255,CZ9157,MU5404,09:50:00,12:40:00,2019-07-03 13:48:38,5.4,1140,4
3297,CZ9157,MU5404,09:50:00,12:40:00,2019-07-04 14:17:35,5.4,1140,3
3342,CZ9157,MU5404,09:50:00,12:40:00,2019-07-05 13:51:57,8.4,1780,2
3387,CZ9157,MU5404,09:50:00,12:40:00,2019-07-06 13:54:25,8.4,1780,1
3432,CZ9157,MU5404,09:50:00,12:40:00,2019-07-07 14:46:50,8.4,1780,0
1679,FM9404,,19:40:00,22:30:00,2019-05-23 13:23:01,10.0,2120,45
1735,FM9404,,19:40:00,22:30:00,2019-05-24 15:15:37,10.0,2120,44
1772,FM9404,,19:40:00,22:30:00,2019-05-25 15:08:39,10.0,2120,43
1811,FM9404,,19:40:00,22:30:00,2019-05-26 15:06:02,10.0,2120,42
1830,FM9404,,19:40:00,22:30:00,2019-05-27 14:31:27,10.0,2120,41
1888,FM9404,,19:40:00,22:30:00,2019-05-28 14:49:19,10.0,2120,40
1930,FM9404,,19:40:00,22:30:00,2019-05-29 13:34:09,10.0,2120,39
1967,FM9404,,19:40:00,22:30:00,2019-05-30 14:38:04,10.0,2120,38
2005,FM9404,,19:40:00,22:30:00,2019-05-31 14:02:18,10.0,2120,37
2046,FM9404,,19:40:00,22:30:00,2019-06-01 13:28:21,10.0,2120,36
2083,FM9404,,19:40:00,22:30:00,2019-06-02 14:47:31,10.0,2120,35
2122,FM9404,,19:40:00,22:30:00,2019-06-03 14:16:23,10.0,2120,34
2164,FM9404,,19:40:00,22:30:00,2019-06-04 13:53:23,10.0,2120,33
2201,FM9404,,19:40:00,22:30:00,2019-06-05 14:10:55,7.4,1570,32
2239,FM9404,,19:40:00,22:30:00,2019-06-06 14:37:18,7.4,1570,31
2280,FM9404,,19:40:00,22:30:00,2019-06-07 14:51:11,7.4,1570,30
2317,FM9404,,19:40:00,22:30:00,2019-06-08 14:47:41,7.4,1570,29
2356,FM9404,,19:40:00,22:30:00,2019-06-09 14:24:46,7.4,1570,28
2398,FM9404,,19:40:00,22:30:00,2019-06-10 14:15:32,7.4,1570,27
2434,FM9404,,19:40:00,22:30:00,2019-06-11 14:09:41,7.4,1570,26
2475,FM9404,,19:40:00,22:30:00,2019-06-12 14:44:22,7.4,1570,25
2496,FM9404,,19:40:00,22:30:00,2019-06-13 15:12:24,7.4,1570,24
2558,FM9404,,19:40:00,22:30:00,2019-06-14 13:28:30,7.4,1570,23
2604,FM9404,,19:40:00,22:30:00,2019-06-17 23:50:33,6.4,1360,20
2642,FM9404,,19:40:00,22:30:00,2019-06-18 14:49:36,6.4,1360,19
2685,FM9404,,19:40:00,22:30:00,2019-06-19 14:30:00,6.4,1360,18
2706,FM9404,,19:40:00,22:30:00,2019-06-20 13:42:56,6.4,1360,17
2768,FM9404,,19:40:00,22:30:00,2019-06-21 14:01:15,6.4,1360,16
2813,FM9404,,19:40:00,22:30:00,2019-06-22 14:14:21,6.4,1360,15
2832,FM9404,,19:40:00,22:30:00,2019-06-23 14:44:00,6.4,1360,14
2895,FM9404,,19:40:00,22:30:00,2019-06-24 14:19:46,6.4,1360,13
2916,FM9404,,19:40:00,22:30:00,2019-06-25 14:48:33,6.4,1360,12
2978,FM9404,,19:40:00,22:30:00,2019-06-26 14:50:51,6.4,1360,11
3024,FM9404,,19:40:00,22:30:00,2019-06-27 13:49:49,5.4,1140,10
3063,FM9404,,19:40:00,22:30:00,2019-06-28 14:59:24,5.4,1140,9
3105,FM9404,,19:40:00,22:30:00,2019-06-29 14:50:36,5.4,1140,8
3126,FM9404,,19:40:00,22:30:00,2019-06-30 14:53:25,5.4,1140,7
3188,FM9404,,19:40:00,22:30:00,2019-07-01 14:39:01,5.4,1140,6
3233,FM9404,,19:40:00,22:30:00,2019-07-02 14:34:02,5.4,1140,5
3273,FM9404,,19:40:00,22:30:00,2019-07-03 13:48:38,5.4,1140,4
3316,FM9404,,19:40:00,22:30:00,2019-07-04 14:17:35,5.4,1140,3
3363,FM9404,,19:40:00,22:30:00,2019-07-05 13:51:57,8.4,1780,2
3407,FM9404,,19:40:00,22:30:00,2019-07-06 13:54:25,8.4,1780,1
3452,FM9404,,19:40:00,22:30:00,2019-07-07 14:46:50,8.4,1780,0
3474,FM9404,,19:40:00,22:30:00,2019-07-08 14:56:10,8.4,1780,0
1678,FM9550,,20:45:00,23:40:00,2019-05-23 13:23:01,9.9,2100,45
1748,FM9550,,20:45:00,23:40:00,2019-05-24 15:15:37,9.9,2100,44
1773,FM9550,,20:45:00,23:40:00,2019-05-25 15:08:39,9.9,2100,43
1810,FM9550,,20:45:00,23:40:00,2019-05-26 15:06:02,9.9,2100,42
1849,FM9550,,20:45:00,23:40:00,2019-05-27 14:31:27,9.9,2100,41
1887,FM9550,,20:45:00,23:40:00,2019-05-28 14:49:19,9.9,2100,40
1928,FM9550,,20:45:00,23:40:00,2019-05-29 13:34:09,9.9,2100,39
1966,FM9550,,20:45:00,23:40:00,2019-05-30 14:38:04,9.9,2100,38
2004,FM9550,,20:45:00,23:40:00,2019-05-31 14:02:18,9.9,2100,37
2045,FM9550,,20:45:00,23:40:00,2019-06-01 13:28:21,9.9,2100,36
2064,FM9550,,20:45:00,23:40:00,2019-06-02 14:47:31,9.9,2100,35
2121,FM9550,,20:45:00,23:40:00,2019-06-03 14:16:23,9.9,2100,34
2163,FM9550,,20:45:00,23:40:00,2019-06-04 13:53:23,9.9,2100,33
2200,FM9550,,20:45:00,23:40:00,2019-06-05 14:10:55,6.4,1360,32
2238,FM9550,,20:45:00,23:40:00,2019-06-06 14:37:18,6.4,1360,31
2279,FM9550,,20:45:00,23:40:00,2019-06-07 14:51:11,6.4,1360,30
2298,FM9550,,20:45:00,23:40:00,2019-06-08 14:47:41,6.4,1360,29
2355,FM9550,,20:45:00,23:40:00,2019-06-09 14:24:46,6.4,1360,28
2397,FM9550,,20:45:00,23:40:00,2019-06-10 14:15:32,6.4,1360,27
2433,FM9550,,20:45:00,23:40:00,2019-06-11 14:09:41,6.4,1360,26
2474,FM9550,,20:45:00,23:40:00,2019-06-12 14:44:22,6.4,1360,25
2516,FM9550,,20:45:00,23:40:00,2019-06-13 15:12:24,6.4,1360,24
2538,FM9550,,20:45:00,23:40:00,2019-06-14 13:28:30,6.4,1360,23
2603,FM9550,,20:45:00,23:40:00,2019-06-17 23:50:33,5.4,1140,20
2641,FM9550,,20:45:00,23:40:00,2019-06-18 14:49:36,5.4,1140,19
2684,FM9550,,20:45:00,23:40:00,2019-06-19 14:30:00,5.4,1140,18
2726,FM9550,,20:45:00,23:40:00,2019-06-20 13:42:56,5.4,1140,17
2748,FM9550,,20:45:00,23:40:00,2019-06-21 14:01:15,5.4,1140,16
2811,FM9550,,20:45:00,23:40:00,2019-06-22 14:14:21,5.4,1140,15
2852,FM9550,,20:45:00,23:40:00,2019-06-23 14:44:00,5.4,1140,14
2894,FM9550,,20:45:00,23:40:00,2019-06-24 14:19:46,5.4,1140,13
2936,FM9550,,20:45:00,23:40:00,2019-06-25 14:48:33,5.4,1140,12
2958,FM9550,,20:45:00,23:40:00,2019-06-26 14:50:51,5.4,1140,11
3021,FM9550,,20:45:00,23:40:00,2019-06-27 13:49:49,3.9,819,10
3062,FM9550,,20:45:00,23:40:00,2019-06-28 14:59:24,5.4,1140,9
3104,FM9550,,20:45:00,23:40:00,2019-06-29 14:50:36,5.4,1140,8
3146,FM9550,,20:45:00,23:40:00,2019-06-30 14:53:25,5.4,1140,7
3168,FM9550,,20:45:00,23:40:00,2019-07-01 14:39:01,5.4,1140,6
3231,FM9550,,20:45:00,23:40:00,2019-07-02 14:34:02,7.4,1570,5
3272,FM9550,,20:45:00,23:40:00,2019-07-03 13:48:38,7.4,1570,4
3315,FM9550,,20:45:00,23:40:00,2019-07-04 14:17:35,7.4,1570,3
3360,FM9550,,20:45:00,23:40:00,2019-07-05 13:51:57,7.9,1680,2
3405,FM9550,,20:45:00,23:40:00,2019-07-06 13:54:25,8.4,1780,1
3450,FM9550,,20:45:00,23:40:00,2019-07-07 14:46:50,8.4,1780,0
3480,FM9550,,20:45:00,23:40:00,2019-07-08 14:56:10,8.4,1780,0
2476,HO1058,,05:55:00,08:50:00,2019-06-12 14:44:22,10.0,2120,25
2517,HO1058,,05:55:00,08:50:00,2019-06-13 15:12:24,4.8,1026,24
2559,HO1058,,05:55:00,08:50:00,2019-06-14 13:28:30,5.0,1060,23
2605,HO1058,,05:55:00,08:50:00,2019-06-17 23:50:33,5.0,1060,20
2643,HO1058,,05:55:00,08:50:00,2019-06-18 14:49:36,5.0,1060,19
2686,HO1058,,05:55:00,08:50:00,2019-06-19 14:30:00,5.0,1060,18
2727,HO1058,,05:55:00,08:50:00,2019-06-20 13:42:56,5.0,1060,17
2769,HO1058,,05:55:00,08:50:00,2019-06-21 14:01:15,5.0,1060,16
2814,HO1058,,05:55:00,08:50:00,2019-06-22 14:14:21,5.0,1060,15
2853,HO1058,,05:55:00,08:50:00,2019-06-23 14:44:00,5.0,1060,14
2896,HO1058,,05:55:00,08:50:00,2019-06-24 14:19:46,5.0,1060,13
2937,HO1058,,05:55:00,08:50:00,2019-06-25 14:48:33,5.0,1060,12
2979,HO1058,,05:55:00,08:50:00,2019-06-26 14:50:51,5.0,1060,11
3025,HO1058,,05:55:00,08:50:00,2019-06-27 13:49:49,5.0,1060,10
3064,HO1058,,05:55:00,08:50:00,2019-06-28 14:59:24,5.0,1060,9
3106,HO1058,,05:55:00,08:50:00,2019-06-29 14:50:36,5.0,1060,8
3147,HO1058,,05:55:00,08:50:00,2019-06-30 14:53:25,5.0,1060,7
3189,HO1058,,05:55:00,08:50:00,2019-07-01 14:39:01,5.0,1060,6
3234,HO1058,,05:55:00,08:50:00,2019-07-02 14:34:02,5.0,1060,5
3274,HO1058,,05:55:00,08:50:00,2019-07-03 13:48:38,5.0,1060,4
3317,HO1058,,05:55:00,08:50:00,2019-07-04 14:17:35,4.6,985,3
3364,HO1058,,05:55:00,08:50:00,2019-07-05 13:51:57,5.0,1060,2
3408,HO1058,,05:55:00,08:50:00,2019-07-06 13:54:25,6.0,1280,1
3453,HO1058,,05:55:00,08:50:00,2019-07-07 14:46:50,5.1,1091,0
1707,HO1098,,14:15:00,16:50:00,2019-05-23 13:23:01,8.9,1880,45
1731,HO1098,,14:15:00,16:50:00,2019-05-24 15:15:37,8.9,1880,44
1775,HO1098,,14:15:00,16:50:00,2019-05-25 15:08:39,8.9,1880,43
1808,HO1098,,14:15:00,16:50:00,2019-05-26 15:06:02,8.9,1880,42
1847,HO1098,,14:15:00,16:50:00,2019-05-27 14:31:27,8.9,1880,41
1886,HO1098,,14:15:00,16:50:00,2019-05-28 14:49:19,8.9,1880,40
1925,HO1098,,14:15:00,16:50:00,2019-05-29 13:34:09,8.9,1880,39
1964,HO1098,,14:15:00,16:50:00,2019-05-30 14:38:04,8.9,1880,38
2003,HO1098,,14:15:00,16:50:00,2019-05-31 14:02:18,8.9,1880,37
2042,HO1098,,14:15:00,16:50:00,2019-06-01 13:28:21,8.9,1880,36
2081,HO1098,,14:15:00,16:50:00,2019-06-02 14:47:31,9.1,1930,35
2120,HO1098,,14:15:00,16:50:00,2019-06-03 14:16:23,8.9,1880,34
2159,HO1098,,14:15:00,16:50:00,2019-06-04 13:53:23,9.1,1930,33
2198,HO1098,,14:15:00,16:50:00,2019-06-05 14:10:55,8.9,1880,32
2237,HO1098,,14:15:00,16:50:00,2019-06-06 14:37:18,6.8,1450,31
2276,HO1098,,14:15:00,16:50:00,2019-06-07 14:51:11,6.8,1450,30
2315,HO1098,,14:15:00,16:50:00,2019-06-08 14:47:41,6.8,1450,29
2354,HO1098,,14:15:00,16:50:00,2019-06-09 14:24:46,6.8,1450,28
2393,HO1098,,14:15:00,16:50:00,2019-06-10 14:15:32,6.8,1450,27
2431,HO1098,,14:15:00,16:50:00,2019-06-11 14:09:41,6.8,1450,26
2471,HO1098,,14:15:00,16:50:00,2019-06-12 14:44:22,6.8,1450,25
2513,HO1098,,14:15:00,16:50:00,2019-06-13 15:12:24,6.8,1450,24
2555,HO1098,,14:15:00,16:50:00,2019-06-14 13:28:30,7.0,1490,23
2598,HO1098,,14:15:00,16:50:00,2019-06-17 23:50:33,6.0,1280,20
2638,HO1098,,14:15:00,16:50:00,2019-06-18 14:49:36,6.0,1280,19
2681,HO1098,,14:15:00,16:50:00,2019-06-19 14:30:00,6.0,1280,18
2723,HO1098,,14:15:00,16:50:00,2019-06-20 13:42:56,6.0,1280,17
2765,HO1098,,14:15:00,16:50:00,2019-06-21 14:01:15,6.2,1320,16
2807,HO1098,,14:15:00,16:50:00,2019-06-22 14:14:21,6.2,1320,15
2849,HO1098,,14:15:00,16:50:00,2019-06-23 14:44:00,6.2,1320,14
2891,HO1098,,14:15:00,16:50:00,2019-06-24 14:19:46,6.2,1320,13
2933,HO1098,,14:15:00,16:50:00,2019-06-25 14:48:33,6.0,1280,12
2975,HO1098,,14:15:00,16:50:00,2019-06-26 14:50:51,6.0,1280,11
3017,HO1098,,14:15:00,16:50:00,2019-06-27 13:49:49,6.0,1280,10
3059,HO1098,,14:15:00,16:50:00,2019-06-28 14:59:24,6.0,1280,9
3101,HO1098,,14:15:00,16:50:00,2019-06-29 14:50:36,6.0,1280,8
3143,HO1098,,14:15:00,16:50:00,2019-06-30 14:53:25,6.0,1280,7
3185,HO1098,,14:15:00,16:50:00,2019-07-01 14:39:01,6.0,1280,6
3227,HO1098,,14:15:00,16:50:00,2019-07-02 14:34:02,6.0,1280,5
3269,HO1098,,14:15:00,16:50:00,2019-07-03 13:48:38,5.0,1060,4
3312,HO1098,,14:15:00,16:50:00,2019-07-04 14:17:35,5.0,1060,3
3357,HO1098,,14:15:00,16:50:00,2019-07-05 13:51:57,5.0,1060,2
3402,HO1098,,14:15:00,16:50:00,2019-07-06 13:54:25,6.0,1280,1
3447,HO1098,,14:15:00,16:50:00,2019-07-07 14:46:50,6.0,1280,0
1700,HO1120,,12:15:00,15:05:00,2019-05-23 13:23:01,8.9,1880,45
1738,HO1120,,12:15:00,15:05:00,2019-05-24 15:15:37,8.9,1880,44
1789,HO1120,,12:15:00,15:05:00,2019-05-25 15:08:39,8.9,1880,43
1793,HO1120,,12:15:00,15:05:00,2019-05-26 15:06:02,8.9,1880,42
1832,HO1120,,12:15:00,15:05:00,2019-05-27 14:31:27,8.9,1880,41
1871,HO1120,,12:15:00,15:05:00,2019-05-28 14:49:19,8.9,1880,40
1910,HO1120,,12:15:00,15:05:00,2019-05-29 13:34:09,8.9,1880,39
1949,HO1120,,12:15:00,15:05:00,2019-05-30 14:38:04,8.9,1880,38
1988,HO1120,,12:15:00,15:05:00,2019-05-31 14:02:18,8.9,1880,37
2027,HO1120,,12:15:00,15:05:00,2019-06-01 13:28:21,8.9,1880,36
2066,HO1120,,12:15:00,15:05:00,2019-06-02 14:47:31,9.1,1930,35
2105,HO1120,,12:15:00,15:05:00,2019-06-03 14:16:23,8.9,1880,34
2144,HO1120,,12:15:00,15:05:00,2019-06-04 13:53:23,9.1,1930,33
2183,HO1120,,12:15:00,15:05:00,2019-06-05 14:10:55,8.9,1880,32
2222,HO1120,,12:15:00,15:05:00,2019-06-06 14:37:18,6.8,1450,31
2261,HO1120,,12:15:00,15:05:00,2019-06-07 14:51:11,6.8,1450,30
2300,HO1120,,12:15:00,15:05:00,2019-06-08 14:47:41,6.8,1450,29
2339,HO1120,,12:15:00,15:05:00,2019-06-09 14:24:46,6.8,1450,28
2378,HO1120,,12:15:00,15:05:00,2019-06-10 14:15:32,6.8,1450,27
2417,HO1120,,12:15:00,15:05:00,2019-06-11 14:09:41,6.8,1450,26
2456,HO1120,,12:15:00,15:05:00,2019-06-12 14:44:22,6.8,1450,25
2498,HO1120,,12:15:00,15:05:00,2019-06-13 15:12:24,6.8,1450,24
2540,HO1120,,12:15:00,15:05:00,2019-06-14 13:28:30,7.0,1490,23
2582,HO1120,,12:15:00,15:05:00,2019-06-17 23:50:33,6.0,1280,20
2624,HO1120,,12:15:00,15:05:00,2019-06-18 14:49:36,6.0,1280,19
2666,HO1120,,12:15:00,15:05:00,2019-06-19 14:30:00,6.0,1280,18
2708,HO1120,,12:15:00,15:05:00,2019-06-20 13:42:56,6.0,1280,17
2750,HO1120,,12:15:00,15:05:00,2019-06-21 14:01:15,6.2,1320,16
2792,HO1120,,12:15:00,15:05:00,2019-06-22 14:14:21,6.2,1320,15
2834,HO1120,,12:15:00,15:05:00,2019-06-23 14:44:00,6.2,1320,14
2876,HO1120,,12:15:00,15:05:00,2019-06-24 14:19:46,6.2,1320,13
2918,HO1120,,12:15:00,15:05:00,2019-06-25 14:48:33,6.0,1280,12
2960,HO1120,,12:15:00,15:05:00,2019-06-26 14:50:51,6.0,1280,11
3002,HO1120,,12:15:00,15:05:00,2019-06-27 13:49:49,6.0,1280,10
3044,HO1120,,12:15:00,15:05:00,2019-06-28 14:59:24,6.0,1280,9
3086,HO1120,,12:15:00,15:05:00,2019-06-29 14:50:36,6.0,1280,8
3128,HO1120,,12:15:00,15:05:00,2019-06-30 14:53:25,6.0,1280,7
3170,HO1120,,12:15:00,15:05:00,2019-07-01 14:39:01,6.0,1280,6
3212,HO1120,,12:15:00,15:05:00,2019-07-02 14:34:02,6.0,1280,5
3254,HO1120,,12:15:00,15:05:00,2019-07-03 13:48:38,6.0,1280,4
3296,HO1120,,12:15:00,15:05:00,2019-07-04 14:17:35,5.0,1060,3
3341,HO1120,,12:15:00,15:05:00,2019-07-05 13:51:57,6.0,1280,2
3386,HO1120,,12:15:00,15:05:00,2019-07-06 13:54:25,6.0,1280,1
3431,HO1120,,12:15:00,15:05:00,2019-07-07 14:46:50,6.0,1280,0
1685,HO3688,MU5412,15:35:00,18:10:00,2019-05-23 13:23:01,10.0,2120,45
1724,HO3688,MU5412,15:35:00,18:10:00,2019-05-24 15:15:37,10.0,2120,44
1763,HO3688,MU5412,15:35:00,18:10:00,2019-05-25 15:08:39,10.0,2120,43
1820,HO3688,MU5412,15:35:00,18:10:00,2019-05-26 15:06:02,10.0,2120,42
1858,HO3688,MU5412,15:35:00,18:10:00,2019-05-27 14:31:27,10.0,2120,41
1897,HO3688,MU5412,15:35:00,18:10:00,2019-05-28 14:49:19,10.0,2120,40
1939,HO3688,MU5412,15:35:00,18:10:00,2019-05-29 13:34:09,10.0,2120,39
1976,HO3688,MU5412,15:35:00,18:10:00,2019-05-30 14:38:04,10.0,2120,38
2014,HO3688,MU5412,15:35:00,18:10:00,2019-05-31 14:02:18,10.0,2120,37
2055,HO3688,MU5412,15:35:00,18:10:00,2019-06-01 13:28:21,10.0,2120,36
2092,HO3688,MU5412,15:35:00,18:10:00,2019-06-02 14:47:31,10.0,2120,35
2131,HO3688,MU5412,15:35:00,18:10:00,2019-06-03 14:16:23,10.0,2120,34
2173,HO3688,MU5412,15:35:00,18:10:00,2019-06-04 13:53:23,10.0,2120,33
2209,HO3688,MU5412,15:35:00,18:10:00,2019-06-05 14:10:55,9.9,2100,32
2248,HO3688,MU5412,15:35:00,18:10:00,2019-06-06 14:37:18,9.9,2100,31
2289,HO3688,MU5412,15:35:00,18:10:00,2019-06-07 14:51:11,9.9,2100,30
2326,HO3688,MU5412,15:35:00,18:10:00,2019-06-08 14:47:41,9.9,2100,29
2365,HO3688,MU5412,15:35:00,18:10:00,2019-06-09 14:24:46,9.9,2100,28
2407,HO3688,MU5412,15:35:00,18:10:00,2019-06-10 14:15:32,9.9,2100,27
2443,HO3688,MU5412,15:35:00,18:10:00,2019-06-11 14:09:41,9.9,2100,26
2486,HO3688,MU5412,15:35:00,18:10:00,2019-06-12 14:44:22,9.9,2100,25
2527,HO3688,MU5412,15:35:00,18:10:00,2019-06-13 15:12:24,8.3,1765,24
2569,HO3688,MU5412,15:35:00,18:10:00,2019-06-14 13:28:30,8.3,1765,23
2616,HO3688,MU5412,15:35:00,18:10:00,2019-06-17 23:50:33,7.4,1560,20
2653,HO3688,MU5412,15:35:00,18:10:00,2019-06-18 14:49:36,7.4,1560,19
2696,HO3688,MU5412,15:35:00,18:10:00,2019-06-19 14:30:00,7.4,1560,18
2737,HO3688,MU5412,15:35:00,18:10:00,2019-06-20 13:42:56,7.4,1560,17
2779,HO3688,MU5412,15:35:00,18:10:00,2019-06-21 14:01:15,6.4,1350,16
2824,HO3688,MU5412,15:35:00,18:10:00,2019-06-22 14:14:21,6.4,1350,15
2863,HO3688,MU5412,15:35:00,18:10:00,2019-06-23 14:44:00,6.4,1350,14
2906,HO3688,MU5412,15:35:00,18:10:00,2019-06-24 14:19:46,6.4,1350,13
2947,HO3688,MU5412,15:35:00,18:10:00,2019-06-25 14:48:33,6.4,1350,12
2989,HO3688,MU5412,15:35:00,18:10:00,2019-06-26 14:50:51,6.4,1350,11
3035,HO3688,MU5412,15:35:00,18:10:00,2019-06-27 13:49:49,6.4,1350,10
3073,HO3688,MU5412,15:35:00,18:10:00,2019-06-28 14:59:24,6.4,1350,9
3116,HO3688,MU5412,15:35:00,18:10:00,2019-06-29 14:50:36,6.3,1340,8
3157,HO3688,MU5412,15:35:00,18:10:00,2019-06-30 14:53:25,6.3,1340,7
3199,HO3688,MU5412,15:35:00,18:10:00,2019-07-01 14:39:01,6.3,1340,6
3244,HO3688,MU5412,15:35:00,18:10:00,2019-07-02 14:34:02,6.3,1340,5
3283,HO3688,MU5412,15:35:00,18:10:00,2019-07-03 13:48:38,6.4,1350,4
3327,HO3688,MU5412,15:35:00,18:10:00,2019-07-04 14:17:35,6.4,1350,3
3374,HO3688,MU5412,15:35:00,18:10:00,2019-07-05 13:51:57,8.3,1765,2
3417,HO3688,MU5412,15:35:00,18:10:00,2019-07-06 13:54:25,8.3,1765,1
3471,HO3688,MU5412,15:35:00,18:10:00,2019-07-07 14:46:50,8.3,1765,0
1703,HO3910,CA4501,16:45:00,19:30:00,2019-05-23 13:23:01,9.8,2080,45
1713,HO3910,CA4501,16:45:00,19:30:00,2019-05-24 15:15:37,9.8,2080,44
1786,HO3910,CA4501,16:45:00,19:30:00,2019-05-25 15:08:39,9.8,2080,43
1796,HO3910,CA4501,16:45:00,19:30:00,2019-05-26 15:06:02,9.8,2080,42
1835,HO3910,CA4501,16:45:00,19:30:00,2019-05-27 14:31:27,9.8,2080,41
1874,HO3910,CA4501,16:45:00,19:30:00,2019-05-28 14:49:19,9.8,2080,40
1913,HO3910,CA4501,16:45:00,19:30:00,2019-05-29 13:34:09,9.8,2080,39
1952,HO3910,CA4501,16:45:00,19:30:00,2019-05-30 14:38:04,9.8,2080,38
1991,HO3910,CA4501,16:45:00,19:30:00,2019-05-31 14:02:18,9.8,2080,37
2030,HO3910,CA4501,16:45:00,19:30:00,2019-06-01 13:28:21,9.8,2080,36
2069,HO3910,CA4501,16:45:00,19:30:00,2019-06-02 14:47:31,9.8,2080,35
2108,HO3910,CA4501,16:45:00,19:30:00,2019-06-03 14:16:23,9.8,2080,34
2147,HO3910,CA4501,16:45:00,19:30:00,2019-06-04 13:53:23,9.8,2080,33
2186,HO3910,CA4501,16:45:00,19:30:00,2019-06-05 14:10:55,9.8,2080,32
2225,HO3910,CA4501,16:45:00,19:30:00,2019-06-06 14:37:18,7.1,1510,31
2264,HO3910,CA4501,16:45:00,19:30:00,2019-06-07 14:51:11,7.1,1510,30
2303,HO3910,CA4501,16:45:00,19:30:00,2019-06-08 14:47:41,7.1,1510,29
2342,HO3910,CA4501,16:45:00,19:30:00,2019-06-09 14:24:46,7.1,1510,28
2381,HO3910,CA4501,16:45:00,19:30:00,2019-06-10 14:15:32,7.1,1510,27
2420,HO3910,CA4501,16:45:00,19:30:00,2019-06-11 14:09:41,7.1,1510,26
2459,HO3910,CA4501,16:45:00,19:30:00,2019-06-12 14:44:22,7.1,1510,25
2501,HO3910,CA4501,16:45:00,19:30:00,2019-06-13 15:12:24,7.1,1510,24
2543,HO3910,CA4501,16:45:00,19:30:00,2019-06-14 13:28:30,7.3,1540,23
2585,HO3910,CA4501,16:45:00,19:30:00,2019-06-17 23:50:33,6.3,1330,20
2627,HO3910,CA4501,16:45:00,19:30:00,2019-06-18 14:49:36,6.3,1330,19
2669,HO3910,CA4501,16:45:00,19:30:00,2019-06-19 14:30:00,6.3,1330,18
2711,HO3910,CA4501,16:45:00,19:30:00,2019-06-20 13:42:56,6.3,1330,17
2753,HO3910,CA4501,16:45:00,19:30:00,2019-06-21 14:01:15,6.3,1340,16
2795,HO3910,CA4501,16:45:00,19:30:00,2019-06-22 14:14:21,6.3,1340,15
2837,HO3910,CA4501,16:45:00,19:30:00,2019-06-23 14:44:00,6.3,1340,14
2879,HO3910,CA4501,16:45:00,19:30:00,2019-06-24 14:19:46,6.3,1340,13
2921,HO3910,CA4501,16:45:00,19:30:00,2019-06-25 14:48:33,6.3,1340,12
2963,HO3910,CA4501,16:45:00,19:30:00,2019-06-26 14:50:51,6.3,1340,11
3005,HO3910,CA4501,16:45:00,19:30:00,2019-06-27 13:49:49,6.3,1340,10
3047,HO3910,CA4501,16:45:00,19:30:00,2019-06-28 14:59:24,6.3,1340,9
3089,HO3910,CA4501,16:45:00,19:30:00,2019-06-29 14:50:36,6.3,1340,8
3131,HO3910,CA4501,16:45:00,19:30:00,2019-06-30 14:53:25,6.3,1340,7
3173,HO3910,CA4501,16:45:00,19:30:00,2019-07-01 14:39:01,5.4,1140,6
3215,HO3910,CA4501,16:45:00,19:30:00,2019-07-02 14:34:02,5.2,1110,5
3257,HO3910,CA4501,16:45:00,19:30:00,2019-07-03 13:48:38,5.2,1110,4
3300,HO3910,CA4501,16:45:00,19:30:00,2019-07-04 14:17:35,6.3,1330,3
3345,HO3910,CA4501,16:45:00,19:30:00,2019-07-05 13:51:57,6.3,1330,2
3390,HO3910,CA4501,16:45:00,19:30:00,2019-07-06 13:54:25,7.3,1540,1
3435,HO3910,CA4501,16:45:00,19:30:00,2019-07-07 14:46:50,7.3,1540,0
3475,HO3910,CA4501,16:45:00,19:30:00,2019-07-08 14:56:10,8.3,1750,0
1695,MU2220,,08:10:00,10:55:00,2019-05-23 13:23:01,9.9,2100,45
1715,MU2220,,08:10:00,10:55:00,2019-05-24 15:15:37,9.9,2100,44
1754,MU2220,,08:10:00,10:55:00,2019-05-25 15:08:39,9.9,2100,43
1829,MU2220,,08:10:00,10:55:00,2019-05-26 15:06:02,9.9,2100,42
1867,MU2220,,08:10:00,10:55:00,2019-05-27 14:31:27,9.9,2100,41
1906,MU2220,,08:10:00,10:55:00,2019-05-28 14:49:19,9.9,2100,40
1926,MU2220,,08:10:00,10:55:00,2019-05-29 13:34:09,9.9,2100,39
1985,MU2220,,08:10:00,10:55:00,2019-05-30 14:38:04,6.4,1360,38
2023,MU2220,,08:10:00,10:55:00,2019-05-31 14:02:18,6.4,1360,37
2025,MU2220,,08:10:00,10:55:00,2019-06-01 13:28:21,6.4,1360,36
2101,MU2220,,08:10:00,10:55:00,2019-06-02 14:47:31,6.4,1360,35
2140,MU2220,,08:10:00,10:55:00,2019-06-03 14:16:23,6.4,1360,34
2160,MU2220,,08:10:00,10:55:00,2019-06-04 13:53:23,6.4,1360,33
2218,MU2220,,08:10:00,10:55:00,2019-06-05 14:10:55,6.4,1360,32
2257,MU2220,,08:10:00,10:55:00,2019-06-06 14:37:18,6.4,1360,31
2259,MU2220,,08:10:00,10:55:00,2019-06-07 14:51:11,6.4,1360,30
2335,MU2220,,08:10:00,10:55:00,2019-06-08 14:47:41,6.4,1360,29
2374,MU2220,,08:10:00,10:55:00,2019-06-09 14:24:46,6.4,1360,28
2394,MU2220,,08:10:00,10:55:00,2019-06-10 14:15:32,6.4,1360,27
2452,MU2220,,08:10:00,10:55:00,2019-06-11 14:09:41,6.4,1360,26
2495,MU2220,,08:10:00,10:55:00,2019-06-12 14:44:22,6.4,1360,25
2536,MU2220,,08:10:00,10:55:00,2019-06-13 15:12:24,6.4,1360,24
2578,MU2220,,08:10:00,10:55:00,2019-06-14 13:28:30,6.4,1360,23
2589,MU2220,,08:10:00,10:55:00,2019-06-17 23:50:33,5.4,1140,20
2662,MU2220,,08:10:00,10:55:00,2019-06-18 14:49:36,5.4,1140,19
2705,MU2220,,08:10:00,10:55:00,2019-06-19 14:30:00,5.4,1140,18
2746,MU2220,,08:10:00,10:55:00,2019-06-20 13:42:56,5.4,1140,17
2788,MU2220,,08:10:00,10:55:00,2019-06-21 14:01:15,4.3,905,16
2810,MU2220,,08:10:00,10:55:00,2019-06-22 14:14:21,4.3,910,15
2872,MU2220,,08:10:00,10:55:00,2019-06-23 14:44:00,6.4,1360,14
2915,MU2220,,08:10:00,10:55:00,2019-06-24 14:19:46,4.3,915,13
2956,MU2220,,08:10:00,10:55:00,2019-06-25 14:48:33,5.4,1140,12
2998,MU2220,,08:10:00,10:55:00,2019-06-26 14:50:51,5.4,1140,11
3022,MU2220,,08:10:00,10:55:00,2019-06-27 13:49:49,5.4,1140,10
3082,MU2220,,08:10:00,10:55:00,2019-06-28 14:59:24,5.4,1140,9
3125,MU2220,,08:10:00,10:55:00,2019-06-29 14:50:36,5.4,1140,8
3166,MU2220,,08:10:00,10:55:00,2019-06-30 14:53:25,5.4,1140,7
3208,MU2220,,08:10:00,10:55:00,2019-07-01 14:39:01,5.4,1140,6
3230,MU2220,,08:10:00,10:55:00,2019-07-02 14:34:02,5.4,1140,5
3292,MU2220,,08:10:00,10:55:00,2019-07-03 13:48:38,5.4,1140,4
3336,MU2220,,08:10:00,10:55:00,2019-07-04 14:17:35,5.4,1140,3
3383,MU2220,,08:10:00,10:55:00,2019-07-05 13:51:57,8.4,1780,2
3426,MU2220,,08:10:00,10:55:00,2019-07-06 13:54:25,8.4,1780,1
3459,MU2220,,08:10:00,10:55:00,2019-07-07 14:46:50,8.4,1780,0
1677,MU4730,HO1120,12:15:00,15:05:00,2019-05-23 13:23:01,9.5,2010,45
1730,MU4730,HO1120,12:15:00,15:05:00,2019-05-24 15:15:37,9.5,2010,44
1774,MU4730,HO1120,12:15:00,15:05:00,2019-05-25 15:08:39,9.5,2010,43
1809,MU4730,HO1120,12:15:00,15:05:00,2019-05-26 15:06:02,9.5,2010,42
1848,MU4730,HO1120,12:15:00,15:05:00,2019-05-27 14:31:27,9.5,2010,41
1869,MU4730,HO1120,12:15:00,15:05:00,2019-05-28 14:49:19,9.5,2010,40
1927,MU4730,HO1120,12:15:00,15:05:00,2019-05-29 13:34:09,9.5,2010,39
1965,MU4730,HO1120,12:15:00,15:05:00,2019-05-30 14:38:04,9.5,2010,38
1986,MU4730,HO1120,12:15:00,15:05:00,2019-05-31 14:02:18,9.5,2010,37
2044,MU4730,HO1120,12:15:00,15:05:00,2019-06-01 13:28:21,9.5,2010,36
2082,MU4730,HO1120,12:15:00,15:05:00,2019-06-02 14:47:31,9.5,2010,35
2103,MU4730,HO1120,12:15:00,15:05:00,2019-06-03 14:16:23,9.1,1930,34
2161,MU4730,HO1120,12:15:00,15:05:00,2019-06-04 13:53:23,9.1,1930,33
2199,MU4730,HO1120,12:15:00,15:05:00,2019-06-05 14:10:55,9.1,1930,32
2220,MU4730,HO1120,12:15:00,15:05:00,2019-06-06 14:37:18,7.9,1670,31
2278,MU4730,HO1120,12:15:00,15:05:00,2019-06-07 14:51:11,7.9,1670,30
2316,MU4730,HO1120,12:15:00,15:05:00,2019-06-08 14:47:41,7.9,1670,29
2337,MU4730,HO1120,12:15:00,15:05:00,2019-06-09 14:24:46,7.9,1670,28
2395,MU4730,HO1120,12:15:00,15:05:00,2019-06-10 14:15:32,7.9,1670,27
2432,MU4730,HO1120,12:15:00,15:05:00,2019-06-11 14:09:41,7.9,1670,26
2472,MU4730,HO1120,12:15:00,15:05:00,2019-06-12 14:44:22,7.9,1670,25
2514,MU4730,HO1120,12:15:00,15:05:00,2019-06-13 15:12:24,7.9,1670,24
2556,MU4730,HO1120,12:15:00,15:05:00,2019-06-14 13:28:30,7.9,1670,23
2599,MU4730,HO1120,12:15:00,15:05:00,2019-06-17 23:50:33,6.3,1340,20
2639,MU4730,HO1120,12:15:00,15:05:00,2019-06-18 14:49:36,6.3,1340,19
2682,MU4730,HO1120,12:15:00,15:05:00,2019-06-19 14:30:00,6.3,1340,18
2724,MU4730,HO1120,12:15:00,15:05:00,2019-06-20 13:42:56,6.3,1340,17
2766,MU4730,HO1120,12:15:00,15:05:00,2019-06-21 14:01:15,6.3,1340,16
2808,MU4730,HO1120,12:15:00,15:05:00,2019-06-22 14:14:21,6.3,1340,15
2850,MU4730,HO1120,12:15:00,15:05:00,2019-06-23 14:44:00,6.3,1340,14
2892,MU4730,HO1120,12:15:00,15:05:00,2019-06-24 14:19:46,6.3,1340,13
2934,MU4730,HO1120,12:15:00,15:05:00,2019-06-25 14:48:33,6.3,1340,12
2976,MU4730,HO1120,12:15:00,15:05:00,2019-06-26 14:50:51,6.3,1340,11
3018,MU4730,HO1120,12:15:00,15:05:00,2019-06-27 13:49:49,6.3,1340,10
3060,MU4730,HO1120,12:15:00,15:05:00,2019-06-28 14:59:24,6.3,1340,9
3102,MU4730,HO1120,12:15:00,15:05:00,2019-06-29 14:50:36,6.3,1340,8
3144,MU4730,HO1120,12:15:00,15:05:00,2019-06-30 14:53:25,6.3,1340,7
3186,MU4730,HO1120,12:15:00,15:05:00,2019-07-01 14:39:01,6.3,1340,6
3228,MU4730,HO1120,12:15:00,15:05:00,2019-07-02 14:34:02,6.3,1340,5
3270,MU4730,HO1120,12:15:00,15:05:00,2019-07-03 13:48:38,6.3,1340,4
3313,MU4730,HO1120,12:15:00,15:05:00,2019-07-04 14:17:35,9.2,1960,3
3358,MU4730,HO1120,12:15:00,15:05:00,2019-07-05 13:51:57,6.3,1340,2
3403,MU4730,HO1120,12:15:00,15:05:00,2019-07-06 13:54:25,6.3,1340,1
3448,MU4730,HO1120,12:15:00,15:05:00,2019-07-07 14:46:50,6.3,1340,0
1706,MU4732,HO1098,14:15:00,16:50:00,2019-05-23 13:23:01,9.5,2010,45
1747,MU4732,HO1098,14:15:00,16:50:00,2019-05-24 15:15:37,9.5,2010,44
1783,MU4732,HO1098,14:15:00,16:50:00,2019-05-25 15:08:39,9.5,2010,43
1799,MU4732,HO1098,14:15:00,16:50:00,2019-05-26 15:06:02,9.5,2010,42
1838,MU4732,HO1098,14:15:00,16:50:00,2019-05-27 14:31:27,9.5,2010,41
1877,MU4732,HO1098,14:15:00,16:50:00,2019-05-28 14:49:19,9.5,2010,40
1916,MU4732,HO1098,14:15:00,16:50:00,2019-05-29 13:34:09,9.5,2010,39
1955,MU4732,HO1098,14:15:00,16:50:00,2019-05-30 14:38:04,9.5,2010,38
1994,MU4732,HO1098,14:15:00,16:50:00,2019-05-31 14:02:18,9.5,2010,37
2033,MU4732,HO1098,14:15:00,16:50:00,2019-06-01 13:28:21,9.5,2010,36
2072,MU4732,HO1098,14:15:00,16:50:00,2019-06-02 14:47:31,9.5,2010,35
2111,MU4732,HO1098,14:15:00,16:50:00,2019-06-03 14:16:23,9.1,1930,34
2150,MU4732,HO1098,14:15:00,16:50:00,2019-06-04 13:53:23,9.1,1930,33
2189,MU4732,HO1098,14:15:00,16:50:00,2019-06-05 14:10:55,9.1,1930,32
2228,MU4732,HO1098,14:15:00,16:50:00,2019-06-06 14:37:18,7.9,1670,31
2267,MU4732,HO1098,14:15:00,16:50:00,2019-06-07 14:51:11,7.9,1670,30
2306,MU4732,HO1098,14:15:00,16:50:00,2019-06-08 14:47:41,7.9,1670,29
2345,MU4732,HO1098,14:15:00,16:50:00,2019-06-09 14:24:46,7.9,1670,28
2384,MU4732,HO1098,14:15:00,16:50:00,2019-06-10 14:15:32,7.9,1670,27
2422,MU4732,HO1098,14:15:00,16:50:00,2019-06-11 14:09:41,7.9,1670,26
2462,MU4732,HO1098,14:15:00,16:50:00,2019-06-12 14:44:22,7.9,1670,25
2504,MU4732,HO1098,14:15:00,16:50:00,2019-06-13 15:12:24,7.9,1670,24
2546,MU4732,HO1098,14:15:00,16:50:00,2019-06-14 13:28:30,7.9,1670,23
2588,MU4732,HO1098,14:15:00,16:50:00,2019-06-17 23:50:33,6.3,1340,20
2630,MU4732,HO1098,14:15:00,16:50:00,2019-06-18 14:49:36,6.3,1340,19
2672,MU4732,HO1098,14:15:00,16:50:00,2019-06-19 14:30:00,6.3,1340,18
2714,MU4732,HO1098,14:15:00,16:50:00,2019-06-20 13:42:56,6.3,1340,17
2756,MU4732,HO1098,14:15:00,16:50:00,2019-06-21 14:01:15,6.3,1340,16
2798,MU4732,HO1098,14:15:00,16:50:00,2019-06-22 14:14:21,6.3,1340,15
2840,MU4732,HO1098,14:15:00,16:50:00,2019-06-23 14:44:00,6.3,1340,14
2882,MU4732,HO1098,14:15:00,16:50:00,2019-06-24 14:19:46,6.3,1340,13
2924,MU4732,HO1098,14:15:00,16:50:00,2019-06-25 14:48:33,6.3,1340,12
2966,MU4732,HO1098,14:15:00,16:50:00,2019-06-26 14:50:51,6.3,1340,11
3008,MU4732,HO1098,14:15:00,16:50:00,2019-06-27 13:49:49,6.3,1340,10
3050,MU4732,HO1098,14:15:00,16:50:00,2019-06-28 14:59:24,6.3,1340,9
3092,MU4732,HO1098,14:15:00,16:50:00,2019-06-29 14:50:36,6.3,1340,8
3134,MU4732,HO1098,14:15:00,16:50:00,2019-06-30 14:53:25,6.3,1340,7
3176,MU4732,HO1098,14:15:00,16:50:00,2019-07-01 14:39:01,6.3,1340,6
3218,MU4732,HO1098,14:15:00,16:50:00,2019-07-02 14:34:02,6.3,1340,5
3260,MU4732,HO1098,14:15:00,16:50:00,2019-07-03 13:48:38,9.2,1960,4
3303,MU4732,HO1098,14:15:00,16:50:00,2019-07-04 14:17:35,9.2,1960,3
3348,MU4732,HO1098,14:15:00,16:50:00,2019-07-05 13:51:57,9.2,1960,2
3393,MU4732,HO1098,14:15:00,16:50:00,2019-07-06 13:54:25,6.3,1340,1
3438,MU4732,HO1098,14:15:00,16:50:00,2019-07-07 14:46:50,6.3,1340,0
2485,MU4734,HO1058,05:55:00,08:50:00,2019-06-12 14:44:22,10.0,2120,25
2526,MU4734,HO1058,05:55:00,08:50:00,2019-06-13 15:12:24,5.4,1140,24
2568,MU4734,HO1058,05:55:00,08:50:00,2019-06-14 13:28:30,5.4,1140,23
2615,MU4734,HO1058,05:55:00,08:50:00,2019-06-17 23:50:33,5.4,1140,20
2652,MU4734,HO1058,05:55:00,08:50:00,2019-06-18 14:49:36,5.4,1140,19
2695,MU4734,HO1058,05:55:00,08:50:00,2019-06-19 14:30:00,5.4,1140,18
2736,MU4734,HO1058,05:55:00,08:50:00,2019-06-20 13:42:56,5.4,1140,17
2778,MU4734,HO1058,05:55:00,08:50:00,2019-06-21 14:01:15,5.4,1140,16
2823,MU4734,HO1058,05:55:00,08:50:00,2019-06-22 14:14:21,5.4,1140,15
2862,MU4734,HO1058,05:55:00,08:50:00,2019-06-23 14:44:00,5.4,1140,14
2905,MU4734,HO1058,05:55:00,08:50:00,2019-06-24 14:19:46,5.4,1140,13
2946,MU4734,HO1058,05:55:00,08:50:00,2019-06-25 14:48:33,5.4,1140,12
2988,MU4734,HO1058,05:55:00,08:50:00,2019-06-26 14:50:51,5.4,1140,11
3034,MU4734,HO1058,05:55:00,08:50:00,2019-06-27 13:49:49,5.4,1140,10
3042,MU4734,HO1058,05:55:00,08:50:00,2019-06-28 14:59:24,8.8,1860,9
3115,MU4734,HO1058,05:55:00,08:50:00,2019-06-29 14:50:36,8.8,1860,8
3156,MU4734,HO1058,05:55:00,08:50:00,2019-06-30 14:53:25,8.8,1860,7
3198,MU4734,HO1058,05:55:00,08:50:00,2019-07-01 14:39:01,8.8,1860,6
3243,MU4734,HO1058,05:55:00,08:50:00,2019-07-02 14:34:02,8.8,1860,5
3252,MU4734,HO1058,05:55:00,08:50:00,2019-07-03 13:48:38,8.8,1860,4
3326,MU4734,HO1058,05:55:00,08:50:00,2019-07-04 14:17:35,4.8,1020,3
3373,MU4734,HO1058,05:55:00,08:50:00,2019-07-05 13:51:57,8.8,1860,2
3416,MU4734,HO1058,05:55:00,08:50:00,2019-07-06 13:54:25,6.3,1340,1
3470,MU4734,HO1058,05:55:00,08:50:00,2019-07-07 14:46:50,8.8,1860,0
1702,MU5404,,09:50:00,12:40:00,2019-05-23 13:23:01,10.0,2120,45
1751,MU5404,,09:50:00,12:40:00,2019-05-24 15:15:37,10.0,2120,44
1787,MU5404,,09:50:00,12:40:00,2019-05-25 15:08:39,10.0,2120,43
1795,MU5404,,09:50:00,12:40:00,2019-05-26 15:06:02,10.0,2120,42
1834,MU5404,,09:50:00,12:40:00,2019-05-27 14:31:27,10.0,2120,41
1873,MU5404,,09:50:00,12:40:00,2019-05-28 14:49:19,10.0,2120,40
1912,MU5404,,09:50:00,12:40:00,2019-05-29 13:34:09,10.0,2120,39
1951,MU5404,,09:50:00,12:40:00,2019-05-30 14:38:04,10.0,2120,38
1990,MU5404,,09:50:00,12:40:00,2019-05-31 14:02:18,10.0,2120,37
2029,MU5404,,09:50:00,12:40:00,2019-06-01 13:28:21,10.0,2120,36
2068,MU5404,,09:50:00,12:40:00,2019-06-02 14:47:31,10.0,2120,35
2107,MU5404,,09:50:00,12:40:00,2019-06-03 14:16:23,10.0,2120,34
2146,MU5404,,09:50:00,12:40:00,2019-06-04 13:53:23,10.0,2120,33
2185,MU5404,,09:50:00,12:40:00,2019-06-05 14:10:55,7.4,1570,32
2224,MU5404,,09:50:00,12:40:00,2019-06-06 14:37:18,7.4,1570,31
2263,MU5404,,09:50:00,12:40:00,2019-06-07 14:51:11,7.4,1570,30
2302,MU5404,,09:50:00,12:40:00,2019-06-08 14:47:41,7.4,1570,29
2341,MU5404,,09:50:00,12:40:00,2019-06-09 14:24:46,7.4,1570,28
2380,MU5404,,09:50:00,12:40:00,2019-06-10 14:15:32,7.4,1570,27
2419,MU5404,,09:50:00,12:40:00,2019-06-11 14:09:41,7.4,1570,26
2458,MU5404,,09:50:00,12:40:00,2019-06-12 14:44:22,7.4,1570,25
2500,MU5404,,09:50:00,12:40:00,2019-06-13 15:12:24,7.4,1570,24
2542,MU5404,,09:50:00,12:40:00,2019-06-14 13:28:30,7.4,1570,23
2584,MU5404,,09:50:00,12:40:00,2019-06-17 23:50:33,6.4,1360,20
2626,MU5404,,09:50:00,12:40:00,2019-06-18 14:49:36,6.4,1360,19
2668,MU5404,,09:50:00,12:40:00,2019-06-19 14:30:00,6.4,1360,18
2710,MU5404,,09:50:00,12:40:00,2019-06-20 13:42:56,6.4,1360,17
2752,MU5404,,09:50:00,12:40:00,2019-06-21 14:01:15,5.4,1140,16
2794,MU5404,,09:50:00,12:40:00,2019-06-22 14:14:21,5.4,1140,15
2836,MU5404,,09:50:00,12:40:00,2019-06-23 14:44:00,5.4,1140,14
2878,MU5404,,09:50:00,12:40:00,2019-06-24 14:19:46,5.4,1140,13
2920,MU5404,,09:50:00,12:40:00,2019-06-25 14:48:33,5.4,1140,12
2962,MU5404,,09:50:00,12:40:00,2019-06-26 14:50:51,5.4,1140,11
3004,MU5404,,09:50:00,12:40:00,2019-06-27 13:49:49,5.4,1140,10
3046,MU5404,,09:50:00,12:40:00,2019-06-28 14:59:24,5.4,1140,9
3088,MU5404,,09:50:00,12:40:00,2019-06-29 14:50:36,5.4,1140,8
3130,MU5404,,09:50:00,12:40:00,2019-06-30 14:53:25,5.4,1140,7
3172,MU5404,,09:50:00,12:40:00,2019-07-01 14:39:01,5.4,1140,6
3214,MU5404,,09:50:00,12:40:00,2019-07-02 14:34:02,5.4,1140,5
3256,MU5404,,09:50:00,12:40:00,2019-07-03 13:48:38,5.4,1140,4
3299,MU5404,,09:50:00,12:40:00,2019-07-04 14:17:35,5.4,1140,3
3344,MU5404,,09:50:00,12:40:00,2019-07-05 13:51:57,8.4,1780,2
3389,MU5404,,09:50:00,12:40:00,2019-07-06 13:54:25,8.4,1780,1
3434,MU5404,,09:50:00,12:40:00,2019-07-07 14:46:50,8.4,1780,0
1697,MU5406,,09:00:00,11:45:00,2019-05-23 13:23:01,10.0,2120,45
1728,MU5406,,09:00:00,11:45:00,2019-05-24 15:15:37,10.0,2120,44
1767,MU5406,,09:00:00,11:45:00,2019-05-25 15:08:39,10.0,2120,43
1816,MU5406,,09:00:00,11:45:00,2019-05-26 15:06:02,10.0,2120,42
1854,MU5406,,09:00:00,11:45:00,2019-05-27 14:31:27,10.0,2120,41
1893,MU5406,,09:00:00,11:45:00,2019-05-28 14:49:19,10.0,2120,40
1935,MU5406,,09:00:00,11:45:00,2019-05-29 13:34:09,10.0,2120,39
1972,MU5406,,09:00:00,11:45:00,2019-05-30 14:38:04,10.0,2120,38
2010,MU5406,,09:00:00,11:45:00,2019-05-31 14:02:18,10.0,2120,37
2051,MU5406,,09:00:00,11:45:00,2019-06-01 13:28:21,10.0,2120,36
2088,MU5406,,09:00:00,11:45:00,2019-06-02 14:47:31,10.0,2120,35
2127,MU5406,,09:00:00,11:45:00,2019-06-03 14:16:23,10.0,2120,34
2169,MU5406,,09:00:00,11:45:00,2019-06-04 13:53:23,10.0,2120,33
2181,MU5406,,09:00:00,11:45:00,2019-06-05 14:10:55,7.4,1570,32
2244,MU5406,,09:00:00,11:45:00,2019-06-06 14:37:18,7.4,1570,31
2285,MU5406,,09:00:00,11:45:00,2019-06-07 14:51:11,7.4,1570,30
2322,MU5406,,09:00:00,11:45:00,2019-06-08 14:47:41,7.4,1570,29
2361,MU5406,,09:00:00,11:45:00,2019-06-09 14:24:46,7.4,1570,28
2403,MU5406,,09:00:00,11:45:00,2019-06-10 14:15:32,7.4,1570,27
2439,MU5406,,09:00:00,11:45:00,2019-06-11 14:09:41,7.4,1570,26
2481,MU5406,,09:00:00,11:45:00,2019-06-12 14:44:22,7.4,1570,25
2522,MU5406,,09:00:00,11:45:00,2019-06-13 15:12:24,7.4,1570,24
2564,MU5406,,09:00:00,11:45:00,2019-06-14 13:28:30,7.4,1570,23
2610,MU5406,,09:00:00,11:45:00,2019-06-17 23:50:33,5.4,1140,20
2648,MU5406,,09:00:00,11:45:00,2019-06-18 14:49:36,5.4,1140,19
2691,MU5406,,09:00:00,11:45:00,2019-06-19 14:30:00,5.4,1140,18
2732,MU5406,,09:00:00,11:45:00,2019-06-20 13:42:56,5.4,1140,17
2774,MU5406,,09:00:00,11:45:00,2019-06-21 14:01:15,5.4,1140,16
2819,MU5406,,09:00:00,11:45:00,2019-06-22 14:14:21,5.4,1140,15
2858,MU5406,,09:00:00,11:45:00,2019-06-23 14:44:00,5.4,1140,14
2901,MU5406,,09:00:00,11:45:00,2019-06-24 14:19:46,5.4,1140,13
2942,MU5406,,09:00:00,11:45:00,2019-06-25 14:48:33,5.4,1140,12
2984,MU5406,,09:00:00,11:45:00,2019-06-26 14:50:51,5.4,1140,11
3030,MU5406,,09:00:00,11:45:00,2019-06-27 13:49:49,5.4,1140,10
3069,MU5406,,09:00:00,11:45:00,2019-06-28 14:59:24,5.4,1140,9
3111,MU5406,,09:00:00,11:45:00,2019-06-29 14:50:36,5.4,1140,8
3152,MU5406,,09:00:00,11:45:00,2019-06-30 14:53:25,5.4,1140,7
3194,MU5406,,09:00:00,11:45:00,2019-07-01 14:39:01,5.4,1140,6
3239,MU5406,,09:00:00,11:45:00,2019-07-02 14:34:02,5.4,1140,5
3279,MU5406,,09:00:00,11:45:00,2019-07-03 13:48:38,5.4,1140,4
3322,MU5406,,09:00:00,11:45:00,2019-07-04 14:17:35,5.4,1140,3
3369,MU5406,,09:00:00,11:45:00,2019-07-05 13:51:57,8.4,1780,2
3412,MU5406,,09:00:00,11:45:00,2019-07-06 13:54:25,8.4,1780,1
3466,MU5406,,09:00:00,11:45:00,2019-07-07 14:46:50,8.4,1780,0
1691,MU5408,,12:35:00,15:10:00,2019-05-23 13:23:01,10.0,2120,45
1718,MU5408,,12:35:00,15:10:00,2019-05-24 15:15:37,10.0,2120,44
1757,MU5408,,12:35:00,15:10:00,2019-05-25 15:08:39,10.0,2120,43
1826,MU5408,,12:35:00,15:10:00,2019-05-26 15:06:02,10.0,2120,42
1864,MU5408,,12:35:00,15:10:00,2019-05-27 14:31:27,10.0,2120,41
1903,MU5408,,12:35:00,15:10:00,2019-05-28 14:49:19,10.0,2120,40
1945,MU5408,,12:35:00,15:10:00,2019-05-29 13:34:09,10.0,2120,39
1982,MU5408,,12:35:00,15:10:00,2019-05-30 14:38:04,10.0,2120,38
2020,MU5408,,12:35:00,15:10:00,2019-05-31 14:02:18,10.0,2120,37
2061,MU5408,,12:35:00,15:10:00,2019-06-01 13:28:21,10.0,2120,36
2098,MU5408,,12:35:00,15:10:00,2019-06-02 14:47:31,10.0,2120,35
2137,MU5408,,12:35:00,15:10:00,2019-06-03 14:16:23,10.0,2120,34
2179,MU5408,,12:35:00,15:10:00,2019-06-04 13:53:23,10.0,2120,33
2215,MU5408,,12:35:00,15:10:00,2019-06-05 14:10:55,8.4,1780,32
2254,MU5408,,12:35:00,15:10:00,2019-06-06 14:37:18,8.4,1780,31
2295,MU5408,,12:35:00,15:10:00,2019-06-07 14:51:11,8.4,1780,30
2332,MU5408,,12:35:00,15:10:00,2019-06-08 14:47:41,8.4,1780,29
2371,MU5408,,12:35:00,15:10:00,2019-06-09 14:24:46,8.4,1780,28
2413,MU5408,,12:35:00,15:10:00,2019-06-10 14:15:32,8.4,1780,27
2449,MU5408,,12:35:00,15:10:00,2019-06-11 14:09:41,8.4,1780,26
2492,MU5408,,12:35:00,15:10:00,2019-06-12 14:44:22,8.4,1780,25
2533,MU5408,,12:35:00,15:10:00,2019-06-13 15:12:24,8.4,1780,24
2575,MU5408,,12:35:00,15:10:00,2019-06-14 13:28:30,8.4,1780,23
2580,MU5408,,12:35:00,15:10:00,2019-06-17 23:50:33,6.4,1360,20
2659,MU5408,,12:35:00,15:10:00,2019-06-18 14:49:36,6.4,1360,19
2702,MU5408,,12:35:00,15:10:00,2019-06-19 14:30:00,6.4,1360,18
2743,MU5408,,12:35:00,15:10:00,2019-06-20 13:42:56,6.4,1360,17
2785,MU5408,,12:35:00,15:10:00,2019-06-21 14:01:15,5.4,1140,16
2830,MU5408,,12:35:00,15:10:00,2019-06-22 14:14:21,5.4,1140,15
2869,MU5408,,12:35:00,15:10:00,2019-06-23 14:44:00,5.4,1140,14
2912,MU5408,,12:35:00,15:10:00,2019-06-24 14:19:46,5.4,1140,13
2953,MU5408,,12:35:00,15:10:00,2019-06-25 14:48:33,5.4,1140,12
2995,MU5408,,12:35:00,15:10:00,2019-06-26 14:50:51,5.4,1140,11
3041,MU5408,,12:35:00,15:10:00,2019-06-27 13:49:49,5.4,1140,10
3079,MU5408,,12:35:00,15:10:00,2019-06-28 14:59:24,5.4,1140,9
3122,MU5408,,12:35:00,15:10:00,2019-06-29 14:50:36,5.4,1140,8
3163,MU5408,,12:35:00,15:10:00,2019-06-30 14:53:25,5.4,1140,7
3205,MU5408,,12:35:00,15:10:00,2019-07-01 14:39:01,5.4,1140,6
3250,MU5408,,12:35:00,15:10:00,2019-07-02 14:34:02,6.4,1360,5
3289,MU5408,,12:35:00,15:10:00,2019-07-03 13:48:38,6.4,1360,4
3333,MU5408,,12:35:00,15:10:00,2019-07-04 14:17:35,6.4,1360,3
3380,MU5408,,12:35:00,15:10:00,2019-07-05 13:51:57,8.4,1780,2
3423,MU5408,,12:35:00,15:10:00,2019-07-06 13:54:25,8.4,1780,1
3456,MU5408,,12:35:00,15:10:00,2019-07-07 14:46:50,8.4,1780,0
1692,MU5410,,14:10:00,16:55:00,2019-05-23 13:23:01,10.0,2120,45
1717,MU5410,,14:10:00,16:55:00,2019-05-24 15:15:37,10.0,2120,44
1756,MU5410,,14:10:00,16:55:00,2019-05-25 15:08:39,10.0,2120,43
1827,MU5410,,14:10:00,16:55:00,2019-05-26 15:06:02,10.0,2120,42
1865,MU5410,,14:10:00,16:55:00,2019-05-27 14:31:27,10.0,2120,41
1904,MU5410,,14:10:00,16:55:00,2019-05-28 14:49:19,10.0,2120,40
1946,MU5410,,14:10:00,16:55:00,2019-05-29 13:34:09,10.0,2120,39
1983,MU5410,,14:10:00,16:55:00,2019-05-30 14:38:04,10.0,2120,38
2021,MU5410,,14:10:00,16:55:00,2019-05-31 14:02:18,10.0,2120,37
2062,MU5410,,14:10:00,16:55:00,2019-06-01 13:28:21,10.0,2120,36
2099,MU5410,,14:10:00,16:55:00,2019-06-02 14:47:31,10.0,2120,35
2138,MU5410,,14:10:00,16:55:00,2019-06-03 14:16:23,10.0,2120,34
2180,MU5410,,14:10:00,16:55:00,2019-06-04 13:53:23,10.0,2120,33
2216,MU5410,,14:10:00,16:55:00,2019-06-05 14:10:55,8.4,1780,32
2255,MU5410,,14:10:00,16:55:00,2019-06-06 14:37:18,8.4,1780,31
2296,MU5410,,14:10:00,16:55:00,2019-06-07 14:51:11,8.4,1780,30
2333,MU5410,,14:10:00,16:55:00,2019-06-08 14:47:41,8.4,1780,29
2372,MU5410,,14:10:00,16:55:00,2019-06-09 14:24:46,8.4,1780,28
2414,MU5410,,14:10:00,16:55:00,2019-06-10 14:15:32,8.4,1780,27
2450,MU5410,,14:10:00,16:55:00,2019-06-11 14:09:41,8.4,1780,26
2493,MU5410,,14:10:00,16:55:00,2019-06-12 14:44:22,8.4,1780,25
2534,MU5410,,14:10:00,16:55:00,2019-06-13 15:12:24,8.4,1780,24
2576,MU5410,,14:10:00,16:55:00,2019-06-14 13:28:30,8.4,1780,23
2600,MU5410,,14:10:00,16:55:00,2019-06-17 23:50:33,6.4,1360,20
2660,MU5410,,14:10:00,16:55:00,2019-06-18 14:49:36,6.4,1360,19
2703,MU5410,,14:10:00,16:55:00,2019-06-19 14:30:00,6.4,1360,18
2744,MU5410,,14:10:00,16:55:00,2019-06-20 13:42:56,6.4,1360,17
2786,MU5410,,14:10:00,16:55:00,2019-06-21 14:01:15,6.4,1360,16
2831,MU5410,,14:10:00,16:55:00,2019-06-22 14:14:21,6.4,1360,15
2870,MU5410,,14:10:00,16:55:00,2019-06-23 14:44:00,6.4,1360,14
2913,MU5410,,14:10:00,16:55:00,2019-06-24 14:19:46,6.4,1360,13
2954,MU5410,,14:10:00,16:55:00,2019-06-25 14:48:33,6.4,1360,12
2996,MU5410,,14:10:00,16:55:00,2019-06-26 14:50:51,6.4,1360,11
3000,MU5410,,14:10:00,16:55:00,2019-06-27 13:49:49,5.9,1260,10
3080,MU5410,,14:10:00,16:55:00,2019-06-28 14:59:24,5.4,1140,9
3123,MU5410,,14:10:00,16:55:00,2019-06-29 14:50:36,5.4,1140,8
3164,MU5410,,14:10:00,16:55:00,2019-06-30 14:53:25,5.4,1140,7
3206,MU5410,,14:10:00,16:55:00,2019-07-01 14:39:01,5.4,1140,6
3251,MU5410,,14:10:00,16:55:00,2019-07-02 14:34:02,6.4,1360,5
3290,MU5410,,14:10:00,16:55:00,2019-07-03 13:48:38,6.4,1360,4
3334,MU5410,,14:10:00,16:55:00,2019-07-04 14:17:35,7.4,1570,3
3381,MU5410,,14:10:00,16:55:00,2019-07-05 13:51:57,8.4,1780,2
3424,MU5410,,14:10:00,16:55:00,2019-07-06 13:54:25,8.4,1780,1
3457,MU5410,,14:10:00,16:55:00,2019-07-07 14:46:50,8.4,1780,0
1710,MU5412,,15:35:00,18:10:00,2019-05-23 13:23:01,10.0,2120,45
1744,MU5412,,15:35:00,18:10:00,2019-05-24 15:15:37,10.0,2120,44
1781,MU5412,,15:35:00,18:10:00,2019-05-25 15:08:39,10.0,2120,43
1802,MU5412,,15:35:00,18:10:00,2019-05-26 15:06:02,10.0,2120,42
1841,MU5412,,15:35:00,18:10:00,2019-05-27 14:31:27,10.0,2120,41
1880,MU5412,,15:35:00,18:10:00,2019-05-28 14:49:19,10.0,2120,40
1919,MU5412,,15:35:00,18:10:00,2019-05-29 13:34:09,10.0,2120,39
1958,MU5412,,15:35:00,18:10:00,2019-05-30 14:38:04,10.0,2120,38
1997,MU5412,,15:35:00,18:10:00,2019-05-31 14:02:18,10.0,2120,37
2036,MU5412,,15:35:00,18:10:00,2019-06-01 13:28:21,10.0,2120,36
2075,MU5412,,15:35:00,18:10:00,2019-06-02 14:47:31,10.0,2120,35
2114,MU5412,,15:35:00,18:10:00,2019-06-03 14:16:23,10.0,2120,34
2153,MU5412,,15:35:00,18:10:00,2019-06-04 13:53:23,10.0,2120,33
2192,MU5412,,15:35:00,18:10:00,2019-06-05 14:10:55,9.9,2100,32
2231,MU5412,,15:35:00,18:10:00,2019-06-06 14:37:18,9.9,2100,31
2270,MU5412,,15:35:00,18:10:00,2019-06-07 14:51:11,9.9,2100,30
2309,MU5412,,15:35:00,18:10:00,2019-06-08 14:47:41,9.9,2100,29
2348,MU5412,,15:35:00,18:10:00,2019-06-09 14:24:46,9.9,2100,28
2387,MU5412,,15:35:00,18:10:00,2019-06-10 14:15:32,9.9,2100,27
2425,MU5412,,15:35:00,18:10:00,2019-06-11 14:09:41,9.9,2100,26
2465,MU5412,,15:35:00,18:10:00,2019-06-12 14:44:22,9.9,2100,25
2507,MU5412,,15:35:00,18:10:00,2019-06-13 15:12:24,8.4,1780,24
2549,MU5412,,15:35:00,18:10:00,2019-06-14 13:28:30,8.4,1780,23
2592,MU5412,,15:35:00,18:10:00,2019-06-17 23:50:33,7.4,1570,20
2633,MU5412,,15:35:00,18:10:00,2019-06-18 14:49:36,7.4,1570,19
2675,MU5412,,15:35:00,18:10:00,2019-06-19 14:30:00,7.4,1570,18
2717,MU5412,,15:35:00,18:10:00,2019-06-20 13:42:56,7.4,1570,17
2759,MU5412,,15:35:00,18:10:00,2019-06-21 14:01:15,6.4,1360,16
2801,MU5412,,15:35:00,18:10:00,2019-06-22 14:14:21,6.4,1360,15
2843,MU5412,,15:35:00,18:10:00,2019-06-23 14:44:00,6.4,1360,14
2885,MU5412,,15:35:00,18:10:00,2019-06-24 14:19:46,6.4,1360,13
2927,MU5412,,15:35:00,18:10:00,2019-06-25 14:48:33,6.4,1360,12
2969,MU5412,,15:35:00,18:10:00,2019-06-26 14:50:51,6.4,1360,11
3011,MU5412,,15:35:00,18:10:00,2019-06-27 13:49:49,6.4,1360,10
3053,MU5412,,15:35:00,18:10:00,2019-06-28 14:59:24,6.4,1360,9
3095,MU5412,,15:35:00,18:10:00,2019-06-29 14:50:36,5.4,1140,8
3137,MU5412,,15:35:00,18:10:00,2019-06-30 14:53:25,5.4,1140,7
3179,MU5412,,15:35:00,18:10:00,2019-07-01 14:39:01,5.4,1140,6
3221,MU5412,,15:35:00,18:10:00,2019-07-02 14:34:02,5.4,1140,5
3263,MU5412,,15:35:00,18:10:00,2019-07-03 13:48:38,6.4,1360,4
3306,MU5412,,15:35:00,18:10:00,2019-07-04 14:17:35,6.4,1360,3
3351,MU5412,,15:35:00,18:10:00,2019-07-05 13:51:57,8.4,1780,2
3396,MU5412,,15:35:00,18:10:00,2019-07-06 13:54:25,8.4,1780,1
3441,MU5412,,15:35:00,18:10:00,2019-07-07 14:46:50,8.4,1780,0
1699,MU9404,FM9404,19:40:00,22:30:00,2019-05-23 13:23:01,10.0,2120,45
1737,MU9404,FM9404,19:40:00,22:30:00,2019-05-24 15:15:37,10.0,2120,44
1790,MU9404,FM9404,19:40:00,22:30:00,2019-05-25 15:08:39,10.0,2120,43
1792,MU9404,FM9404,19:40:00,22:30:00,2019-05-26 15:06:02,10.0,2120,42
1831,MU9404,FM9404,19:40:00,22:30:00,2019-05-27 14:31:27,10.0,2120,41
1870,MU9404,FM9404,19:40:00,22:30:00,2019-05-28 14:49:19,10.0,2120,40
1909,MU9404,FM9404,19:40:00,22:30:00,2019-05-29 13:34:09,10.0,2120,39
1948,MU9404,FM9404,19:40:00,22:30:00,2019-05-30 14:38:04,10.0,2120,38
1987,MU9404,FM9404,19:40:00,22:30:00,2019-05-31 14:02:18,10.0,2120,37
2026,MU9404,FM9404,19:40:00,22:30:00,2019-06-01 13:28:21,10.0,2120,36
2065,MU9404,FM9404,19:40:00,22:30:00,2019-06-02 14:47:31,10.0,2120,35
2104,MU9404,FM9404,19:40:00,22:30:00,2019-06-03 14:16:23,10.0,2120,34
2143,MU9404,FM9404,19:40:00,22:30:00,2019-06-04 13:53:23,10.0,2120,33
2182,MU9404,FM9404,19:40:00,22:30:00,2019-06-05 14:10:55,7.4,1570,32
2221,MU9404,FM9404,19:40:00,22:30:00,2019-06-06 14:37:18,7.4,1570,31
2260,MU9404,FM9404,19:40:00,22:30:00,2019-06-07 14:51:11,7.4,1570,30
2299,MU9404,FM9404,19:40:00,22:30:00,2019-06-08 14:47:41,7.4,1570,29
2338,MU9404,FM9404,19:40:00,22:30:00,2019-06-09 14:24:46,7.4,1570,28
2377,MU9404,FM9404,19:40:00,22:30:00,2019-06-10 14:15:32,7.4,1570,27
2416,MU9404,FM9404,19:40:00,22:30:00,2019-06-11 14:09:41,7.4,1570,26
2455,MU9404,FM9404,19:40:00,22:30:00,2019-06-12 14:44:22,7.4,1570,25
2497,MU9404,FM9404,19:40:00,22:30:00,2019-06-13 15:12:24,7.4,1570,24
2539,MU9404,FM9404,19:40:00,22:30:00,2019-06-14 13:28:30,7.4,1570,23
2581,MU9404,FM9404,19:40:00,22:30:00,2019-06-17 23:50:33,6.4,1360,20
2623,MU9404,FM9404,19:40:00,22:30:00,2019-06-18 14:49:36,6.4,1360,19
2665,MU9404,FM9404,19:40:00,22:30:00,2019-06-19 14:30:00,6.4,1360,18
2707,MU9404,FM9404,19:40:00,22:30:00,2019-06-20 13:42:56,6.4,1360,17
2749,MU9404,FM9404,19:40:00,22:30:00,2019-06-21 14:01:15,6.4,1360,16
2791,MU9404,FM9404,19:40:00,22:30:00,2019-06-22 14:14:21,6.4,1360,15
2833,MU9404,FM9404,19:40:00,22:30:00,2019-06-23 14:44:00,6.4,1360,14
2875,MU9404,FM9404,19:40:00,22:30:00,2019-06-24 14:19:46,6.4,1360,13
2917,MU9404,FM9404,19:40:00,22:30:00,2019-06-25 14:48:33,6.4,1360,12
2959,MU9404,FM9404,19:40:00,22:30:00,2019-06-26 14:50:51,6.4,1360,11
3001,MU9404,FM9404,19:40:00,22:30:00,2019-06-27 13:49:49,6.4,1360,10
3043,MU9404,FM9404,19:40:00,22:30:00,2019-06-28 14:59:24,5.4,1140,9
3085,MU9404,FM9404,19:40:00,22:30:00,2019-06-29 14:50:36,5.4,1140,8
3127,MU9404,FM9404,19:40:00,22:30:00,2019-06-30 14:53:25,5.4,1140,7
3169,MU9404,FM9404,19:40:00,22:30:00,2019-07-01 14:39:01,5.4,1140,6
3211,MU9404,FM9404,19:40:00,22:30:00,2019-07-02 14:34:02,5.4,1140,5
3253,MU9404,FM9404,19:40:00,22:30:00,2019-07-03 13:48:38,5.4,1140,4
3295,MU9404,FM9404,19:40:00,22:30:00,2019-07-04 14:17:35,5.4,1140,3
3340,MU9404,FM9404,19:40:00,22:30:00,2019-07-05 13:51:57,8.4,1780,2
3385,MU9404,FM9404,19:40:00,22:30:00,2019-07-06 13:54:25,8.4,1780,1
3430,MU9404,FM9404,19:40:00,22:30:00,2019-07-07 14:46:50,8.4,1780,0
3478,MU9404,FM9404,19:40:00,22:30:00,2019-07-08 14:56:10,8.4,1780,0
1711,MU9550,FM9550,20:45:00,23:40:00,2019-05-23 13:23:01,9.9,2100,45
1743,MU9550,FM9550,20:45:00,23:40:00,2019-05-24 15:15:37,9.9,2100,44
1780,MU9550,FM9550,20:45:00,23:40:00,2019-05-25 15:08:39,9.9,2100,43
1803,MU9550,FM9550,20:45:00,23:40:00,2019-05-26 15:06:02,9.9,2100,42
1842,MU9550,FM9550,20:45:00,23:40:00,2019-05-27 14:31:27,9.9,2100,41
1881,MU9550,FM9550,20:45:00,23:40:00,2019-05-28 14:49:19,9.9,2100,40
1920,MU9550,FM9550,20:45:00,23:40:00,2019-05-29 13:34:09,9.9,2100,39
1959,MU9550,FM9550,20:45:00,23:40:00,2019-05-30 14:38:04,9.9,2100,38
1998,MU9550,FM9550,20:45:00,23:40:00,2019-05-31 14:02:18,9.9,2100,37
2037,MU9550,FM9550,20:45:00,23:40:00,2019-06-01 13:28:21,9.9,2100,36
2076,MU9550,FM9550,20:45:00,23:40:00,2019-06-02 14:47:31,9.9,2100,35
2115,MU9550,FM9550,20:45:00,23:40:00,2019-06-03 14:16:23,9.9,2100,34
2154,MU9550,FM9550,20:45:00,23:40:00,2019-06-04 13:53:23,9.9,2100,33
2193,MU9550,FM9550,20:45:00,23:40:00,2019-06-05 14:10:55,6.4,1360,32
2232,MU9550,FM9550,20:45:00,23:40:00,2019-06-06 14:37:18,6.4,1360,31
2271,MU9550,FM9550,20:45:00,23:40:00,2019-06-07 14:51:11,6.4,1360,30
2310,MU9550,FM9550,20:45:00,23:40:00,2019-06-08 14:47:41,6.4,1360,29
2349,MU9550,FM9550,20:45:00,23:40:00,2019-06-09 14:24:46,6.4,1360,28
2388,MU9550,FM9550,20:45:00,23:40:00,2019-06-10 14:15:32,6.4,1360,27
2426,MU9550,FM9550,20:45:00,23:40:00,2019-06-11 14:09:41,6.4,1360,26
2466,MU9550,FM9550,20:45:00,23:40:00,2019-06-12 14:44:22,6.4,1360,25
2508,MU9550,FM9550,20:45:00,23:40:00,2019-06-13 15:12:24,6.4,1360,24
2550,MU9550,FM9550,20:45:00,23:40:00,2019-06-14 13:28:30,6.4,1360,23
2593,MU9550,FM9550,20:45:00,23:40:00,2019-06-17 23:50:33,5.4,1140,20
2634,MU9550,FM9550,20:45:00,23:40:00,2019-06-18 14:49:36,5.4,1140,19
2676,MU9550,FM9550,20:45:00,23:40:00,2019-06-19 14:30:00,5.4,1140,18
2718,MU9550,FM9550,20:45:00,23:40:00,2019-06-20 13:42:56,5.4,1140,17
2760,MU9550,FM9550,20:45:00,23:40:00,2019-06-21 14:01:15,5.4,1140,16
2802,MU9550,FM9550,20:45:00,23:40:00,2019-06-22 14:14:21,5.4,1140,15
2844,MU9550,FM9550,20:45:00,23:40:00,2019-06-23 14:44:00,5.4,1140,14
2886,MU9550,FM9550,20:45:00,23:40:00,2019-06-24 14:19:46,5.4,1140,13
2928,MU9550,FM9550,20:45:00,23:40:00,2019-06-25 14:48:33,5.4,1140,12
2970,MU9550,FM9550,20:45:00,23:40:00,2019-06-26 14:50:51,5.4,1140,11
3012,MU9550,FM9550,20:45:00,23:40:00,2019-06-27 13:49:49,5.4,1140,10
3054,MU9550,FM9550,20:45:00,23:40:00,2019-06-28 14:59:24,5.4,1140,9
3096,MU9550,FM9550,20:45:00,23:40:00,2019-06-29 14:50:36,5.4,1140,8
3138,MU9550,FM9550,20:45:00,23:40:00,2019-06-30 14:53:25,5.4,1140,7
3180,MU9550,FM9550,20:45:00,23:40:00,2019-07-01 14:39:01,5.4,1140,6
3222,MU9550,FM9550,20:45:00,23:40:00,2019-07-02 14:34:02,7.4,1570,5
3264,MU9550,FM9550,20:45:00,23:40:00,2019-07-03 13:48:38,7.4,1570,4
3307,MU9550,FM9550,20:45:00,23:40:00,2019-07-04 14:17:35,7.4,1570,3
3352,MU9550,FM9550,20:45:00,23:40:00,2019-07-05 13:51:57,8.4,1780,2
3397,MU9550,FM9550,20:45:00,23:40:00,2019-07-06 13:54:25,8.4,1780,1
3442,MU9550,FM9550,20:45:00,23:40:00,2019-07-07 14:46:50,8.4,1780,0
3477,MU9550,FM9550,20:45:00,23:40:00,2019-07-08 14:56:10,8.4,1780,0
1708,SC6045,TV9881,12:40:00,15:30:00,2019-05-23 13:23:01,9.9,2095,45
1746,SC6045,TV9881,12:40:00,15:30:00,2019-05-24 15:15:37,9.9,2095,44
1752,SC6045,TV9881,12:40:00,15:30:00,2019-05-25 15:08:39,9.9,2095,43
1800,SC6045,TV9881,12:40:00,15:30:00,2019-05-26 15:06:02,9.9,2095,42
1839,SC6045,TV9881,12:40:00,15:30:00,2019-05-27 14:31:27,9.9,2095,41
1878,SC6045,TV9881,12:40:00,15:30:00,2019-05-28 14:49:19,9.9,2095,40
1917,SC6045,TV9881,12:40:00,15:30:00,2019-05-29 13:34:09,7.3,1550,39
1956,SC6045,TV9881,12:40:00,15:30:00,2019-05-30 14:38:04,7.3,1550,38
1995,SC6045,TV9881,12:40:00,15:30:00,2019-05-31 14:02:18,7.3,1550,37
2034,SC6045,TV9881,12:40:00,15:30:00,2019-06-01 13:28:21,7.3,1550,36
2073,SC6045,TV9881,12:40:00,15:30:00,2019-06-02 14:47:31,7.3,1550,35
2112,SC6045,TV9881,12:40:00,15:30:00,2019-06-03 14:16:23,7.3,1550,34
2151,SC6045,TV9881,12:40:00,15:30:00,2019-06-04 13:53:23,7.3,1550,33
2190,SC6045,TV9881,12:40:00,15:30:00,2019-06-05 14:10:55,7.3,1550,32
2229,SC6045,TV9881,12:40:00,15:30:00,2019-06-06 14:37:18,7.3,1550,31
2268,SC6045,TV9881,12:40:00,15:30:00,2019-06-07 14:51:11,7.3,1550,30
2307,SC6045,TV9881,12:40:00,15:30:00,2019-06-08 14:47:41,7.3,1550,29
2346,SC6045,TV9881,12:40:00,15:30:00,2019-06-09 14:24:46,7.3,1550,28
2385,SC6045,TV9881,12:40:00,15:30:00,2019-06-10 14:15:32,7.3,1550,27
2423,SC6045,TV9881,12:40:00,15:30:00,2019-06-11 14:09:41,7.3,1550,26
2463,SC6045,TV9881,12:40:00,15:30:00,2019-06-12 14:44:22,7.3,1550,25
2505,SC6045,TV9881,12:40:00,15:30:00,2019-06-13 15:12:24,7.3,1550,24
2547,SC6045,TV9881,12:40:00,15:30:00,2019-06-14 13:28:30,7.3,1550,23
2590,SC6045,TV9881,12:40:00,15:30:00,2019-06-17 23:50:33,6.8,1440,20
2631,SC6045,TV9881,12:40:00,15:30:00,2019-06-18 14:49:36,6.8,1440,19
2673,SC6045,TV9881,12:40:00,15:30:00,2019-06-19 14:30:00,6.8,1440,18
2715,SC6045,TV9881,12:40:00,15:30:00,2019-06-20 13:42:56,6.8,1440,17
2757,SC6045,TV9881,12:40:00,15:30:00,2019-06-21 14:01:15,6.8,1437,16
2799,SC6045,TV9881,12:40:00,15:30:00,2019-06-22 14:14:21,6.8,1437,15
2841,SC6045,TV9881,12:40:00,15:30:00,2019-06-23 14:44:00,6.8,1437,14
2883,SC6045,TV9881,12:40:00,15:30:00,2019-06-24 14:19:46,6.8,1437,13
2925,SC6045,TV9881,12:40:00,15:30:00,2019-06-25 14:48:33,6.8,1437,12
2967,SC6045,TV9881,12:40:00,15:30:00,2019-06-26 14:50:51,6.6,1396,11
3009,SC6045,TV9881,12:40:00,15:30:00,2019-06-27 13:49:49,6.6,1396,10
3051,SC6045,TV9881,12:40:00,15:30:00,2019-06-28 14:59:24,6.6,1396,9
3093,SC6045,TV9881,12:40:00,15:30:00,2019-06-29 14:50:36,6.6,1396,8
3135,SC6045,TV9881,12:40:00,15:30:00,2019-06-30 14:53:25,6.1,1299,7
3177,SC6045,TV9881,12:40:00,15:30:00,2019-07-01 14:39:01,6.1,1299,6
3219,SC6045,TV9881,12:40:00,15:30:00,2019-07-02 14:34:02,5.5,1158,5
3261,SC6045,TV9881,12:40:00,15:30:00,2019-07-03 13:48:38,5.1,1086,4
3304,SC6045,TV9881,12:40:00,15:30:00,2019-07-04 14:17:35,5.5,1158,3
3349,SC6045,TV9881,12:40:00,15:30:00,2019-07-05 13:51:57,5.5,1158,2
3394,SC6045,TV9881,12:40:00,15:30:00,2019-07-06 13:54:25,6.6,1396,1
3439,SC6045,TV9881,12:40:00,15:30:00,2019-07-07 14:46:50,6.1,1299,0
1705,TV9865,,10:25:00,13:10:00,2019-05-23 13:23:01,8.7,1849,45
1749,TV9865,,10:25:00,13:10:00,2019-05-24 15:15:37,8.7,1849,44
1784,TV9865,,10:25:00,13:10:00,2019-05-25 15:08:39,8.7,1849,43
1798,TV9865,,10:25:00,13:10:00,2019-05-26 15:06:02,8.7,1845,42
1837,TV9865,,10:25:00,13:10:00,2019-05-27 14:31:27,8.7,1845,41
1876,TV9865,,10:25:00,13:10:00,2019-05-28 14:49:19,8.7,1845,40
1915,TV9865,,10:25:00,13:10:00,2019-05-29 13:34:09,7.3,1543,39
1954,TV9865,,10:25:00,13:10:00,2019-05-30 14:38:04,7.3,1543,38
1993,TV9865,,10:25:00,13:10:00,2019-05-31 14:02:18,7.3,1543,37
2032,TV9865,,10:25:00,13:10:00,2019-06-01 13:28:21,7.3,1544,36
2071,TV9865,,10:25:00,13:10:00,2019-06-02 14:47:31,7.2,1531,35
2110,TV9865,,10:25:00,13:10:00,2019-06-03 14:16:23,7.2,1531,34
2149,TV9865,,10:25:00,13:10:00,2019-06-04 13:53:23,7.3,1538,33
2188,TV9865,,10:25:00,13:10:00,2019-06-05 14:10:55,7.2,1528,32
2227,TV9865,,10:25:00,13:10:00,2019-06-06 14:37:18,7.3,1539,31
2266,TV9865,,10:25:00,13:10:00,2019-06-07 14:51:11,7.2,1530,30
2305,TV9865,,10:25:00,13:10:00,2019-06-08 14:47:41,7.1,1515,29
2344,TV9865,,10:25:00,13:10:00,2019-06-09 14:24:46,7.2,1530,28
2383,TV9865,,10:25:00,13:10:00,2019-06-10 14:15:32,7.2,1530,27
2421,TV9865,,10:25:00,13:10:00,2019-06-11 14:09:41,7.2,1529,26
2461,TV9865,,10:25:00,13:10:00,2019-06-12 14:44:22,7.2,1533,25
2503,TV9865,,10:25:00,13:10:00,2019-06-13 15:12:24,7.2,1533,24
2545,TV9865,,10:25:00,13:10:00,2019-06-14 13:28:30,7.2,1533,23
2587,TV9865,,10:25:00,13:10:00,2019-06-17 23:50:33,6.7,1425,20
2629,TV9865,,10:25:00,13:10:00,2019-06-18 14:49:36,6.7,1417,19
2671,TV9865,,10:25:00,13:10:00,2019-06-19 14:30:00,6.7,1418,18
2713,TV9865,,10:25:00,13:10:00,2019-06-20 13:42:56,6.6,1393,17
2755,TV9865,,10:25:00,13:10:00,2019-06-21 14:01:15,6.6,1392,16
2797,TV9865,,10:25:00,13:10:00,2019-06-22 14:14:21,6.6,1392,15
2839,TV9865,,10:25:00,13:10:00,2019-06-23 14:44:00,6.1,1296,14
2881,TV9865,,10:25:00,13:10:00,2019-06-24 14:19:46,6.1,1295,13
2923,TV9865,,10:25:00,13:10:00,2019-06-25 14:48:33,6.0,1271,12
2965,TV9865,,10:25:00,13:10:00,2019-06-26 14:50:51,6.0,1268,11
3007,TV9865,,10:25:00,13:10:00,2019-06-27 13:49:49,5.9,1244,10
3049,TV9865,,10:25:00,13:10:00,2019-06-28 14:59:24,6.0,1267,9
3091,TV9865,,10:25:00,13:10:00,2019-06-29 14:50:36,6.0,1263,8
3133,TV9865,,10:25:00,13:10:00,2019-06-30 14:53:25,5.2,1113,7
3175,TV9865,,10:25:00,13:10:00,2019-07-01 14:39:01,5.3,1118,6
3217,TV9865,,10:25:00,13:10:00,2019-07-02 14:34:02,5.3,1115,5
3259,TV9865,,10:25:00,13:10:00,2019-07-03 13:48:38,5.0,1054,4
3302,TV9865,,10:25:00,13:10:00,2019-07-04 14:17:35,5.3,1118,3
3347,TV9865,,10:25:00,13:10:00,2019-07-05 13:51:57,5.3,1117,2
3392,TV9865,,10:25:00,13:10:00,2019-07-06 13:54:25,6.4,1352,1
3437,TV9865,,10:25:00,13:10:00,2019-07-07 14:46:50,5.8,1237,0
1698,TV9881,,12:40:00,15:30:00,2019-05-23 13:23:01,8.7,1849,45
1727,TV9881,,12:40:00,15:30:00,2019-05-24 15:15:37,8.7,1849,44
1766,TV9881,,12:40:00,15:30:00,2019-05-25 15:08:39,8.7,1849,43
1817,TV9881,,12:40:00,15:30:00,2019-05-26 15:06:02,8.7,1845,42
1855,TV9881,,12:40:00,15:30:00,2019-05-27 14:31:27,8.7,1845,41
1894,TV9881,,12:40:00,15:30:00,2019-05-28 14:49:19,8.7,1845,40
1936,TV9881,,12:40:00,15:30:00,2019-05-29 13:34:09,7.3,1543,39
1973,TV9881,,12:40:00,15:30:00,2019-05-30 14:38:04,7.3,1543,38
2011,TV9881,,12:40:00,15:30:00,2019-05-31 14:02:18,7.3,1543,37
2052,TV9881,,12:40:00,15:30:00,2019-06-01 13:28:21,7.3,1544,36
2089,TV9881,,12:40:00,15:30:00,2019-06-02 14:47:31,7.2,1531,35
2128,TV9881,,12:40:00,15:30:00,2019-06-03 14:16:23,7.2,1531,34
2170,TV9881,,12:40:00,15:30:00,2019-06-04 13:53:23,7.3,1538,33
2206,TV9881,,12:40:00,15:30:00,2019-06-05 14:10:55,7.2,1528,32
2245,TV9881,,12:40:00,15:30:00,2019-06-06 14:37:18,7.3,1539,31
2286,TV9881,,12:40:00,15:30:00,2019-06-07 14:51:11,7.2,1530,30
2323,TV9881,,12:40:00,15:30:00,2019-06-08 14:47:41,7.1,1513,29
2362,TV9881,,12:40:00,15:30:00,2019-06-09 14:24:46,7.2,1529,28
2404,TV9881,,12:40:00,15:30:00,2019-06-10 14:15:32,7.2,1530,27
2440,TV9881,,12:40:00,15:30:00,2019-06-11 14:09:41,7.2,1526,26
2482,TV9881,,12:40:00,15:30:00,2019-06-12 14:44:22,7.2,1533,25
2523,TV9881,,12:40:00,15:30:00,2019-06-13 15:12:24,7.2,1532,24
2565,TV9881,,12:40:00,15:30:00,2019-06-14 13:28:30,7.2,1533,23
2612,TV9881,,12:40:00,15:30:00,2019-06-17 23:50:33,6.7,1425,20
2649,TV9881,,12:40:00,15:30:00,2019-06-18 14:49:36,6.7,1417,19
2692,TV9881,,12:40:00,15:30:00,2019-06-19 14:30:00,6.7,1418,18
2733,TV9881,,12:40:00,15:30:00,2019-06-20 13:42:56,6.6,1392,17
2775,TV9881,,12:40:00,15:30:00,2019-06-21 14:01:15,6.6,1392,16
2820,TV9881,,12:40:00,15:30:00,2019-06-22 14:14:21,6.6,1391,15
2859,TV9881,,12:40:00,15:30:00,2019-06-23 14:44:00,6.6,1391,14
2902,TV9881,,12:40:00,15:30:00,2019-06-24 14:19:46,6.6,1391,13
2943,TV9881,,12:40:00,15:30:00,2019-06-25 14:48:33,6.5,1374,12
2985,TV9881,,12:40:00,15:30:00,2019-06-26 14:50:51,6.4,1362,11
3031,TV9881,,12:40:00,15:30:00,2019-06-27 13:49:49,6.4,1362,10
3070,TV9881,,12:40:00,15:30:00,2019-06-28 14:59:24,6.4,1362,9
3112,TV9881,,12:40:00,15:30:00,2019-06-29 14:50:36,6.4,1359,8
3153,TV9881,,12:40:00,15:30:00,2019-06-30 14:53:25,6.0,1263,7
3195,TV9881,,12:40:00,15:30:00,2019-07-01 14:39:01,6.0,1264,6
3240,TV9881,,12:40:00,15:30:00,2019-07-02 14:34:02,5.3,1115,5
3280,TV9881,,12:40:00,15:30:00,2019-07-03 13:48:38,5.0,1060,4
3323,TV9881,,12:40:00,15:30:00,2019-07-04 14:17:35,5.3,1118,3
3370,TV9881,,12:40:00,15:30:00,2019-07-05 13:51:57,5.3,1114,2
3413,TV9881,,12:40:00,15:30:00,2019-07-06 13:54:25,5.9,1259,1
3467,TV9881,,12:40:00,15:30:00,2019-07-07 14:46:50,5.8,1237,0
1686,ZH3981,TV9881,12:40:00,15:30:00,2019-05-23 13:23:01,9.9,2095,45
1723,ZH3981,TV9881,12:40:00,15:30:00,2019-05-24 15:15:37,9.9,2095,44
1762,ZH3981,TV9881,12:40:00,15:30:00,2019-05-25 15:08:39,9.9,2095,43
1821,ZH3981,TV9881,12:40:00,15:30:00,2019-05-26 15:06:02,9.9,2095,42
1859,ZH3981,TV9881,12:40:00,15:30:00,2019-05-27 14:31:27,9.9,2095,41
1898,ZH3981,TV9881,12:40:00,15:30:00,2019-05-28 14:49:19,9.9,2095,40
1940,ZH3981,TV9881,12:40:00,15:30:00,2019-05-29 13:34:09,7.3,1550,39
1977,ZH3981,TV9881,12:40:00,15:30:00,2019-05-30 14:38:04,7.3,1550,38
2015,ZH3981,TV9881,12:40:00,15:30:00,2019-05-31 14:02:18,7.3,1550,37
2056,ZH3981,TV9881,12:40:00,15:30:00,2019-06-01 13:28:21,7.3,1550,36
2093,ZH3981,TV9881,12:40:00,15:30:00,2019-06-02 14:47:31,7.3,1550,35
2132,ZH3981,TV9881,12:40:00,15:30:00,2019-06-03 14:16:23,7.3,1550,34
2174,ZH3981,TV9881,12:40:00,15:30:00,2019-06-04 13:53:23,7.3,1550,33
2210,ZH3981,TV9881,12:40:00,15:30:00,2019-06-05 14:10:55,7.3,1550,32
2249,ZH3981,TV9881,12:40:00,15:30:00,2019-06-06 14:37:18,7.3,1550,31
2290,ZH3981,TV9881,12:40:00,15:30:00,2019-06-07 14:51:11,7.3,1550,30
2327,ZH3981,TV9881,12:40:00,15:30:00,2019-06-08 14:47:41,7.3,1550,29
2366,ZH3981,TV9881,12:40:00,15:30:00,2019-06-09 14:24:46,7.3,1550,28
2408,ZH3981,TV9881,12:40:00,15:30:00,2019-06-10 14:15:32,7.3,1550,27
2444,ZH3981,TV9881,12:40:00,15:30:00,2019-06-11 14:09:41,7.3,1550,26
2487,ZH3981,TV9881,12:40:00,15:30:00,2019-06-12 14:44:22,7.3,1550,25
2528,ZH3981,TV9881,12:40:00,15:30:00,2019-06-13 15:12:24,7.3,1550,24
2570,ZH3981,TV9881,12:40:00,15:30:00,2019-06-14 13:28:30,7.3,1550,23
2617,ZH3981,TV9881,12:40:00,15:30:00,2019-06-17 23:50:33,7.3,1542,20
2654,ZH3981,TV9881,12:40:00,15:30:00,2019-06-18 14:49:36,6.8,1440,19
2697,ZH3981,TV9881,12:40:00,15:30:00,2019-06-19 14:30:00,6.8,1440,18
2738,ZH3981,TV9881,12:40:00,15:30:00,2019-06-20 13:42:56,6.8,1440,17
2780,ZH3981,TV9881,12:40:00,15:30:00,2019-06-21 14:01:15,6.7,1416,16
2825,ZH3981,TV9881,12:40:00,15:30:00,2019-06-22 14:14:21,6.7,1416,15
2864,ZH3981,TV9881,12:40:00,15:30:00,2019-06-23 14:44:00,6.7,1416,14
2907,ZH3981,TV9881,12:40:00,15:30:00,2019-06-24 14:19:46,6.7,1416,13
2948,ZH3981,TV9881,12:40:00,15:30:00,2019-06-25 14:48:33,6.7,1416,12
2990,ZH3981,TV9881,12:40:00,15:30:00,2019-06-26 14:50:51,6.7,1416,11
3036,ZH3981,TV9881,12:40:00,15:30:00,2019-06-27 13:49:49,6.7,1416,10
3074,ZH3981,TV9881,12:40:00,15:30:00,2019-06-28 14:59:24,6.7,1416,9
3117,ZH3981,TV9881,12:40:00,15:30:00,2019-06-29 14:50:36,7.2,1519,8
3158,ZH3981,TV9881,12:40:00,15:30:00,2019-06-30 14:53:25,6.3,1326,7
3200,ZH3981,TV9881,12:40:00,15:30:00,2019-07-01 14:39:01,6.1,1299,6
3245,ZH3981,TV9881,12:40:00,15:30:00,2019-07-02 14:34:02,5.5,1170,5
3284,ZH3981,TV9881,12:40:00,15:30:00,2019-07-03 13:48:38,5.5,1170,4
3328,ZH3981,TV9881,12:40:00,15:30:00,2019-07-04 14:17:35,5.5,1170,3
3375,ZH3981,TV9881,12:40:00,15:30:00,2019-07-05 13:51:57,5.5,1170,2
3418,ZH3981,TV9881,12:40:00,15:30:00,2019-07-06 13:54:25,6.6,1396,1
3472,ZH3981,TV9881,12:40:00,15:30:00,2019-07-07 14:46:50,6.1,1299,0
1687,ZH4501,CA4501,16:45:00,19:30:00,2019-05-23 13:23:01,9.8,2080,45
1722,ZH4501,CA4501,16:45:00,19:30:00,2019-05-24 15:15:37,9.8,2080,44
1761,ZH4501,CA4501,16:45:00,19:30:00,2019-05-25 15:08:39,9.8,2080,43
1822,ZH4501,CA4501,16:45:00,19:30:00,2019-05-26 15:06:02,9.8,2080,42
1860,ZH4501,CA4501,16:45:00,19:30:00,2019-05-27 14:31:27,9.8,2080,41
1899,ZH4501,CA4501,16:45:00,19:30:00,2019-05-28 14:49:19,9.8,2080,40
1941,ZH4501,CA4501,16:45:00,19:30:00,2019-05-29 13:34:09,9.8,2080,39
1978,ZH4501,CA4501,16:45:00,19:30:00,2019-05-30 14:38:04,9.8,2080,38
2016,ZH4501,CA4501,16:45:00,19:30:00,2019-05-31 14:02:18,9.8,2080,37
2057,ZH4501,CA4501,16:45:00,19:30:00,2019-06-01 13:28:21,9.8,2080,36
2094,ZH4501,CA4501,16:45:00,19:30:00,2019-06-02 14:47:31,9.8,2080,35
2133,ZH4501,CA4501,16:45:00,19:30:00,2019-06-03 14:16:23,9.8,2080,34
2175,ZH4501,CA4501,16:45:00,19:30:00,2019-06-04 13:53:23,9.8,2080,33
2211,ZH4501,CA4501,16:45:00,19:30:00,2019-06-05 14:10:55,9.8,2080,32
2250,ZH4501,CA4501,16:45:00,19:30:00,2019-06-06 14:37:18,9.7,2060,31
2291,ZH4501,CA4501,16:45:00,19:30:00,2019-06-07 14:51:11,7.3,1540,30
2328,ZH4501,CA4501,16:45:00,19:30:00,2019-06-08 14:47:41,7.3,1540,29
2367,ZH4501,CA4501,16:45:00,19:30:00,2019-06-09 14:24:46,7.3,1540,28
2409,ZH4501,CA4501,16:45:00,19:30:00,2019-06-10 14:15:32,7.3,1540,27
2445,ZH4501,CA4501,16:45:00,19:30:00,2019-06-11 14:09:41,7.3,1540,26
2488,ZH4501,CA4501,16:45:00,19:30:00,2019-06-12 14:44:22,7.3,1540,25
2529,ZH4501,CA4501,16:45:00,19:30:00,2019-06-13 15:12:24,7.3,1540,24
2571,ZH4501,CA4501,16:45:00,19:30:00,2019-06-14 13:28:30,7.3,1540,23
2618,ZH4501,CA4501,16:45:00,19:30:00,2019-06-17 23:50:33,6.4,1350,20
2655,ZH4501,CA4501,16:45:00,19:30:00,2019-06-18 14:49:36,6.4,1350,19
2698,ZH4501,CA4501,16:45:00,19:30:00,2019-06-19 14:30:00,6.4,1350,18
2739,ZH4501,CA4501,16:45:00,19:30:00,2019-06-20 13:42:56,6.4,1350,17
2781,ZH4501,CA4501,16:45:00,19:30:00,2019-06-21 14:01:15,6.4,1350,16
2826,ZH4501,CA4501,16:45:00,19:30:00,2019-06-22 14:14:21,6.4,1350,15
2865,ZH4501,CA4501,16:45:00,19:30:00,2019-06-23 14:44:00,6.4,1350,14
2908,ZH4501,CA4501,16:45:00,19:30:00,2019-06-24 14:19:46,6.4,1360,13
2949,ZH4501,CA4501,16:45:00,19:30:00,2019-06-25 14:48:33,6.4,1360,12
2991,ZH4501,CA4501,16:45:00,19:30:00,2019-06-26 14:50:51,6.4,1360,11
3037,ZH4501,CA4501,16:45:00,19:30:00,2019-06-27 13:49:49,6.4,1360,10
3075,ZH4501,CA4501,16:45:00,19:30:00,2019-06-28 14:59:24,6.4,1360,9
3118,ZH4501,CA4501,16:45:00,19:30:00,2019-06-29 14:50:36,6.4,1360,8
3159,ZH4501,CA4501,16:45:00,19:30:00,2019-06-30 14:53:25,6.4,1360,7
3201,ZH4501,CA4501,16:45:00,19:30:00,2019-07-01 14:39:01,5.4,1140,6
3246,ZH4501,CA4501,16:45:00,19:30:00,2019-07-02 14:34:02,5.4,1140,5
3285,ZH4501,CA4501,16:45:00,19:30:00,2019-07-03 13:48:38,5.4,1140,4
3329,ZH4501,CA4501,16:45:00,19:30:00,2019-07-04 14:17:35,6.4,1360,3
3376,ZH4501,CA4501,16:45:00,19:30:00,2019-07-05 13:51:57,6.4,1360,2
3419,ZH4501,CA4501,16:45:00,19:30:00,2019-07-06 13:54:25,7.4,1570,1
3473,ZH4501,CA4501,16:45:00,19:30:00,2019-07-07 14:46:50,7.4,1570,0
3479,ZH4501,CA4501,16:45:00,19:30:00,2019-07-08 14:56:10,8.3,1760,0
1683,ZH4515,CA4515,08:10:00,10:45:00,2019-05-23 13:23:01,9.8,2080,45
1726,ZH4515,CA4515,08:10:00,10:45:00,2019-05-24 15:15:37,9.8,2080,44
1765,ZH4515,CA4515,08:10:00,10:45:00,2019-05-25 15:08:39,9.8,2080,43
1818,ZH4515,CA4515,08:10:00,10:45:00,2019-05-26 15:06:02,9.8,2080,42
1856,ZH4515,CA4515,08:10:00,10:45:00,2019-05-27 14:31:27,9.8,2080,41
1895,ZH4515,CA4515,08:10:00,10:45:00,2019-05-28 14:49:19,9.8,2080,40
1937,ZH4515,CA4515,08:10:00,10:45:00,2019-05-29 13:34:09,9.8,2080,39
1974,ZH4515,CA4515,08:10:00,10:45:00,2019-05-30 14:38:04,6.4,1350,38
2012,ZH4515,CA4515,08:10:00,10:45:00,2019-05-31 14:02:18,6.4,1350,37
2053,ZH4515,CA4515,08:10:00,10:45:00,2019-06-01 13:28:21,6.4,1350,36
2090,ZH4515,CA4515,08:10:00,10:45:00,2019-06-02 14:47:31,6.4,1350,35
2129,ZH4515,CA4515,08:10:00,10:45:00,2019-06-03 14:16:23,6.4,1350,34
2171,ZH4515,CA4515,08:10:00,10:45:00,2019-06-04 13:53:23,7.9,1670,33
2207,ZH4515,CA4515,08:10:00,10:45:00,2019-06-05 14:10:55,7.3,1540,32
2246,ZH4515,CA4515,08:10:00,10:45:00,2019-06-06 14:37:18,7.3,1540,31
2287,ZH4515,CA4515,08:10:00,10:45:00,2019-06-07 14:51:11,7.3,1540,30
2324,ZH4515,CA4515,08:10:00,10:45:00,2019-06-08 14:47:41,7.3,1540,29
2363,ZH4515,CA4515,08:10:00,10:45:00,2019-06-09 14:24:46,7.3,1540,28
2405,ZH4515,CA4515,08:10:00,10:45:00,2019-06-10 14:15:32,7.3,1540,27
2441,ZH4515,CA4515,08:10:00,10:45:00,2019-06-11 14:09:41,7.0,1480,26
2483,ZH4515,CA4515,08:10:00,10:45:00,2019-06-12 14:44:22,6.4,1350,25
2524,ZH4515,CA4515,08:10:00,10:45:00,2019-06-13 15:12:24,6.4,1350,24
2566,ZH4515,CA4515,08:10:00,10:45:00,2019-06-14 13:28:30,6.4,1350,23
2613,ZH4515,CA4515,08:10:00,10:45:00,2019-06-17 23:50:33,5.3,1120,20
2650,ZH4515,CA4515,08:10:00,10:45:00,2019-06-18 14:49:36,5.3,1120,19
2693,ZH4515,CA4515,08:10:00,10:45:00,2019-06-19 14:30:00,5.3,1120,18
2734,ZH4515,CA4515,08:10:00,10:45:00,2019-06-20 13:42:56,5.3,1120,17
2776,ZH4515,CA4515,08:10:00,10:45:00,2019-06-21 14:01:15,4.7,1000,16
2821,ZH4515,CA4515,08:10:00,10:45:00,2019-06-22 14:14:21,4.7,1000,15
2860,ZH4515,CA4515,08:10:00,10:45:00,2019-06-23 14:44:00,4.7,1000,14
2903,ZH4515,CA4515,08:10:00,10:45:00,2019-06-24 14:19:46,4.7,1000,13
2944,ZH4515,CA4515,08:10:00,10:45:00,2019-06-25 14:48:33,5.4,1140,12
2986,ZH4515,CA4515,08:10:00,10:45:00,2019-06-26 14:50:51,5.4,1140,11
3032,ZH4515,CA4515,08:10:00,10:45:00,2019-06-27 13:49:49,4.7,1000,10
3071,ZH4515,CA4515,08:10:00,10:45:00,2019-06-28 14:59:24,5.4,1140,9
3113,ZH4515,CA4515,08:10:00,10:45:00,2019-06-29 14:50:36,6.4,1360,8
3154,ZH4515,CA4515,08:10:00,10:45:00,2019-06-30 14:53:25,5.4,1140,7
3196,ZH4515,CA4515,08:10:00,10:45:00,2019-07-01 14:39:01,5.4,1140,6
3241,ZH4515,CA4515,08:10:00,10:45:00,2019-07-02 14:34:02,5.4,1140,5
3281,ZH4515,CA4515,08:10:00,10:45:00,2019-07-03 13:48:38,5.4,1140,4
3324,ZH4515,CA4515,08:10:00,10:45:00,2019-07-04 14:17:35,5.4,1140,3
3371,ZH4515,CA4515,08:10:00,10:45:00,2019-07-05 13:51:57,7.4,1570,2
3414,ZH4515,CA4515,08:10:00,10:45:00,2019-07-06 13:54:25,8.3,1760,1
3468,ZH4515,CA4515,08:10:00,10:45:00,2019-07-07 14:46:50,8.3,1760,0
