,flightno,actualflight,departtime,arrivetime,crawltime,discount,lowest_price,days_to_departure
3325,3U3007,CZ3151,08:30:00,11:45:00,2019-07-14 14:45:41,6.2,1550,45
3408,3U3007,CZ3151,08:30:00,11:45:00,2019-07-15 15:25:10,6.2,1550,44
3471,3U3007,CZ3151,08:30:00,11:45:00,2019-07-16 14:59:25,6.2,1550,43
3566,3U3007,CZ3151,08:30:00,11:45:00,2019-07-17 14:30:16,6.2,1550,42
3645,3U3007,CZ3151,08:30:00,11:45:00,2019-07-18 15:55:41,6.2,1550,41
3725,3U3007,CZ3151,08:30:00,11:45:00,2019-07-19 14:28:48,6.2,1550,40
3808,3U3007,CZ3151,08:30:00,11:45:00,2019-07-20 14:34:15,6.2,1550,39
3886,3U3007,CZ3151,08:30:00,11:45:00,2019-07-21 14:53:23,6.2,1550,38
3965,3U3007,CZ3151,08:30:00,11:45:00,2019-07-22 15:21:01,6.2,1550,37
4047,3U3007,CZ3151,08:30:00,11:45:00,2019-07-23 15:57:44,6.2,1550,36
4125,3U3007,CZ3151,08:30:00,11:45:00,2019-07-24 15:18:09,6.2,1550,35
4205,3U3007,CZ3151,08:30:00,11:45:00,2019-07-25 15:36:09,6.2,1550,34
4288,3U3007,CZ3151,08:30:00,11:45:00,2019-07-26 14:34:20,6.2,1550,33
4365,3U3007,CZ3151,08:30:00,11:45:00,2019-07-27 15:25:12,6.2,1550,32
4446,3U3007,CZ3151,08:30:00,11:45:00,2019-07-28 15:29:32,6.2,1550,31
4525,3U3007,CZ3151,08:30:00,11:45:00,2019-07-29 15:35:15,6.2,1550,30
4605,3U3007,CZ3151,08:30:00,11:45:00,2019-07-30 14:41:01,6.2,1550,29
4688,3U3007,CZ3151,08:30:00,11:45:00,2019-07-31 15:54:28,6.2,1550,28
4766,3U3007,CZ3151,08:30:00,11:45:00,2019-08-01 15:43:43,6.2,1550,27
4845,3U3007,CZ3151,08:30:00,11:45:00,2019-08-02 15:04:40,6.2,1550,26
4927,3U3007,CZ3151,08:30:00,11:45:00,2019-08-03 14:59:45,6.2,1550,25
5005,3U3007,CZ3151,08:30:00,11:45:00,2019-08-04 15:50:36,6.2,1550,24
5085,3U3007,CZ3151,08:30:00,11:45:00,2019-08-05 15:03:12,6.2,1550,23
5169,3U3007,CZ3151,08:30:00,11:45:00,2019-08-06 14:53:02,5.2,1310,22
5245,3U3007,CZ3151,08:30:00,11:45:00,2019-08-07 15:11:18,4.8,1190,21
5351,3U3007,CZ3151,08:30:00,11:45:00,2019-08-08 15:31:40,4.8,1190,20
5406,3U3007,CZ3151,08:30:00,11:45:00,2019-08-09 15:26:23,4.2,1050,19
5482,3U3007,CZ3151,08:30:00,11:45:00,2019-08-10 16:22:22,4.2,1050,18
5553,3U3007,CZ3151,08:30:00,11:45:00,2019-08-11 15:10:04,4.2,1050,17
5632,3U3007,CZ3151,08:30:00,11:45:00,2019-08-12 13:40:51,4.2,1050,16
5708,3U3007,CZ3151,08:30:00,11:45:00,2019-08-13 16:19:19,4.2,1050,15
5786,3U3007,CZ3151,08:30:00,11:45:00,2019-08-14 14:36:29,4.2,1050,14
5860,3U3007,CZ3151,08:30:00,11:45:00,2019-08-15 15:35:08,4.2,1050,13
5936,3U3007,CZ3151,08:30:00,11:45:00,2019-08-16 14:38:19,3.5,880,12
6015,3U3007,CZ3151,08:30:00,11:45:00,2019-08-17 15:40:17,2.8,690,11
6088,3U3007,CZ3151,08:30:00,11:45:00,2019-08-18 15:11:31,2.8,690,10
6164,3U3007,CZ3151,08:30:00,11:45:00,2019-08-19 16:20:04,5.2,1310,9
6242,3U3007,CZ3151,08:30:00,11:45:00,2019-08-20 14:43:48,5.2,1310,8
6316,3U3007,CZ3151,08:30:00,11:45:00,2019-08-21 17:32:48,5.2,1310,7
6391,3U3007,CZ3151,08:30:00,11:45:00,2019-08-22 16:28:58,5.2,1310,6
6470,3U3007,CZ3151,08:30:00,11:45:00,2019-08-23 15:55:02,5.2,1310,5
6543,3U3007,CZ3151,08:30:00,11:45:00,2019-08-24 17:05:07,5.2,1310,4
6619,3U3007,CZ3151,08:30:00,11:45:00,2019-08-25 17:30:52,5.2,1310,3
6697,3U3007,CZ3151,08:30:00,11:45:00,2019-08-26 15:05:42,7.2,1790,2
6772,3U3007,CZ3151,08:30:00,11:45:00,2019-08-27 15:40:16,8.2,2040,1
6866,3U3007,CZ3151,08:30:00,11:45:00,2019-08-28 13:33:40,8.2,2040,0
3302,3U3009,CZ3153,13:30:00,16:45:00,2019-07-14 14:45:41,5.2,1310,45
3380,3U3009,CZ3153,13:30:00,16:45:00,2019-07-15 15:25:10,5.2,1310,44
3495,3U3009,CZ3153,13:30:00,16:45:00,2019-07-16 14:59:25,5.2,1310,43
3542,3U3009,CZ3153,13:30:00,16:45:00,2019-07-17 14:30:16,5.2,1310,42
3622,3U3009,CZ3153,13:30:00,16:45:00,2019-07-18 15:55:41,5.2,1310,41
3702,3U3009,CZ3153,13:30:00,16:45:00,2019-07-19 14:28:48,5.2,1310,40
3782,3U3009,CZ3153,13:30:00,16:45:00,2019-07-20 14:34:15,5.2,1310,39
3862,3U3009,CZ3153,13:30:00,16:45:00,2019-07-21 14:53:23,5.2,1310,38
3942,3U3009,CZ3153,13:30:00,16:45:00,2019-07-22 15:21:01,5.2,1310,37
4022,3U3009,CZ3153,13:30:00,16:45:00,2019-07-23 15:57:44,5.2,1310,36
4102,3U3009,CZ3153,13:30:00,16:45:00,2019-07-24 15:18:09,5.2,1310,35
4182,3U3009,CZ3153,13:30:00,16:45:00,2019-07-25 15:36:09,5.2,1310,34
4262,3U3009,CZ3153,13:30:00,16:45:00,2019-07-26 14:34:20,5.2,1310,33
4342,3U3009,CZ3153,13:30:00,16:45:00,2019-07-27 15:25:12,5.2,1310,32
4422,3U3009,CZ3153,13:30:00,16:45:00,2019-07-28 15:29:32,5.2,1310,31
4502,3U3009,CZ3153,13:30:00,16:45:00,2019-07-29 15:35:15,5.2,1310,30
4582,3U3009,CZ3153,13:30:00,16:45:00,2019-07-30 14:41:01,5.2,1310,29
4662,3U3009,CZ3153,13:30:00,16:45:00,2019-07-31 15:54:28,5.2,1310,28
4742,3U3009,CZ3153,13:30:00,16:45:00,2019-08-01 15:43:43,5.2,1310,27
4822,3U3009,CZ3153,13:30:00,16:45:00,2019-08-02 15:04:40,5.2,1310,26
4902,3U3009,CZ3153,13:30:00,16:45:00,2019-08-03 14:59:45,5.2,1310,25
4982,3U3009,CZ3153,13:30:00,16:45:00,2019-08-04 15:50:36,5.2,1310,24
5062,3U3009,CZ3153,13:30:00,16:45:00,2019-08-05 15:03:12,5.2,1310,23
5142,3U3009,CZ3153,13:30:00,16:45:00,2019-08-06 14:53:02,4.2,1050,22
5221,3U3009,CZ3153,13:30:00,16:45:00,2019-08-07 15:11:18,4.2,1050,21
5327,3U3009,CZ3153,13:30:00,16:45:00,2019-08-08 15:31:40,4.2,1050,20
5382,3U3009,CZ3153,13:30:00,16:45:00,2019-08-09 15:26:23,4.2,1050,19
5459,3U3009,CZ3153,13:30:00,16:45:00,2019-08-10 16:22:22,4.2,1050,18
5530,3U3009,CZ3153,13:30:00,16:45:00,2019-08-11 15:10:04,4.2,1050,17
5610,3U3009,CZ3153,13:30:00,16:45:00,2019-08-12 13:40:51,4.2,1050,16
5686,3U3009,CZ3153,13:30:00,16:45:00,2019-08-13 16:19:19,4.2,1050,15
5762,3U3009,CZ3153,13:30:00,16:45:00,2019-08-14 14:36:29,4.2,1050,14
5838,3U3009,CZ3153,13:30:00,16:45:00,2019-08-15 15:35:08,4.2,1050,13
5914,3U3009,CZ3153,13:30:00,16:45:00,2019-08-16 14:38:19,4.2,1050,12
5990,3U3009,CZ3153,13:30:00,16:45:00,2019-08-17 15:40:17,3.8,960,11
6066,3U3009,CZ3153,13:30:00,16:45:00,2019-08-18 15:11:31,3.8,960,10
6142,3U3009,CZ3153,13:30:00,16:45:00,2019-08-19 16:20:04,4.2,1050,9
6218,3U3009,CZ3153,13:30:00,16:45:00,2019-08-20 14:43:48,4.2,1050,8
6294,3U3009,CZ3153,13:30:00,16:45:00,2019-08-21 17:32:48,3.5,880,7
6369,3U3009,CZ3153,13:30:00,16:45:00,2019-08-22 16:28:58,4.2,1050,6
6445,3U3009,CZ3153,13:30:00,16:45:00,2019-08-23 15:55:02,4.2,1050,5
6520,3U3009,CZ3153,13:30:00,16:45:00,2019-08-24 17:05:07,4.2,1050,4
6597,3U3009,CZ3153,13:30:00,16:45:00,2019-08-25 17:30:52,6.2,1550,3
6673,3U3009,CZ3153,13:30:00,16:45:00,2019-08-26 15:05:42,5.2,1310,2
6749,3U3009,CZ3153,13:30:00,16:45:00,2019-08-27 15:40:16,9.1,2280,1
6823,3U3009,CZ3153,13:30:00,16:45:00,2019-08-28 13:33:40,9.1,2280,0
3331,3U3011,CZ3155,19:45:00,23:00:00,2019-07-14 14:45:41,4.0,990,45
3414,3U3011,CZ3155,19:45:00,23:00:00,2019-07-15 15:25:10,4.0,990,44
3465,3U3011,CZ3155,19:45:00,23:00:00,2019-07-16 14:59:25,4.0,990,43
3572,3U3011,CZ3155,19:45:00,23:00:00,2019-07-17 14:30:16,4.0,1000,42
3651,3U3011,CZ3155,19:45:00,23:00:00,2019-07-18 15:55:41,4.0,1000,41
3731,3U3011,CZ3155,19:45:00,23:00:00,2019-07-19 14:28:48,4.0,1000,40
3814,3U3011,CZ3155,19:45:00,23:00:00,2019-07-20 14:34:15,4.0,1000,39
3892,3U3011,CZ3155,19:45:00,23:00:00,2019-07-21 14:53:23,4.0,1000,38
3971,3U3011,CZ3155,19:45:00,23:00:00,2019-07-22 15:21:01,4.0,1000,37
4053,3U3011,CZ3155,19:45:00,23:00:00,2019-07-23 15:57:44,4.0,1000,36
4131,3U3011,CZ3155,19:45:00,23:00:00,2019-07-24 15:18:09,4.0,1000,35
4211,3U3011,CZ3155,19:45:00,23:00:00,2019-07-25 15:36:09,4.0,1000,34
4294,3U3011,CZ3155,19:45:00,23:00:00,2019-07-26 14:34:20,4.0,1000,33
4371,3U3011,CZ3155,19:45:00,23:00:00,2019-07-27 15:25:12,4.0,1000,32
4452,3U3011,CZ3155,19:45:00,23:00:00,2019-07-28 15:29:32,4.0,1000,31
4531,3U3011,CZ3155,19:45:00,23:00:00,2019-07-29 15:35:15,4.0,1000,30
4611,3U3011,CZ3155,19:45:00,23:00:00,2019-07-30 14:41:01,4.0,1000,29
4694,3U3011,CZ3155,19:45:00,23:00:00,2019-07-31 15:54:28,4.0,1000,28
4772,3U3011,CZ3155,19:45:00,23:00:00,2019-08-01 15:43:43,4.0,1000,27
4851,3U3011,CZ3155,19:45:00,23:00:00,2019-08-02 15:04:40,4.0,1000,26
4933,3U3011,CZ3155,19:45:00,23:00:00,2019-08-03 14:59:45,4.0,1000,25
5011,3U3011,CZ3155,19:45:00,23:00:00,2019-08-04 15:50:36,4.0,1000,24
5091,3U3011,CZ3155,19:45:00,23:00:00,2019-08-05 15:03:12,4.0,1000,23
5175,3U3011,CZ3155,19:45:00,23:00:00,2019-08-06 14:53:02,4.0,1000,22
5251,3U3011,CZ3155,19:45:00,23:00:00,2019-08-07 15:11:18,3.1,766,21
5357,3U3011,CZ3155,19:45:00,23:00:00,2019-08-08 15:31:40,3.0,750,20
5412,3U3011,CZ3155,19:45:00,23:00:00,2019-08-09 15:26:23,3.0,753,19
5488,3U3011,CZ3155,19:45:00,23:00:00,2019-08-10 16:22:22,3.0,750,18
5559,3U3011,CZ3155,19:45:00,23:00:00,2019-08-11 15:10:04,3.0,750,17
5638,3U3011,CZ3155,19:45:00,23:00:00,2019-08-12 13:40:51,3.0,750,16
5714,3U3011,CZ3155,19:45:00,23:00:00,2019-08-13 16:19:19,3.0,762,15
5792,3U3011,CZ3155,19:45:00,23:00:00,2019-08-14 14:36:29,3.0,760,14
5866,3U3011,CZ3155,19:45:00,23:00:00,2019-08-15 15:35:08,3.0,750,13
5942,3U3011,CZ3155,19:45:00,23:00:00,2019-08-16 14:38:19,3.0,750,12
6021,3U3011,CZ3155,19:45:00,23:00:00,2019-08-17 15:40:17,2.8,690,11
6094,3U3011,CZ3155,19:45:00,23:00:00,2019-08-18 15:11:31,2.8,690,10
6170,3U3011,CZ3155,19:45:00,23:00:00,2019-08-19 16:20:04,3.5,880,9
6248,3U3011,CZ3155,19:45:00,23:00:00,2019-08-20 14:43:48,2.8,690,8
6322,3U3011,CZ3155,19:45:00,23:00:00,2019-08-21 17:32:48,3.0,750,7
6397,3U3011,CZ3155,19:45:00,23:00:00,2019-08-22 16:28:58,3.5,880,6
6476,3U3011,CZ3155,19:45:00,23:00:00,2019-08-23 15:55:02,3.5,880,5
6549,3U3011,CZ3155,19:45:00,23:00:00,2019-08-24 17:05:07,4.0,1000,4
6625,3U3011,CZ3155,19:45:00,23:00:00,2019-08-25 17:30:52,8.2,2040,3
6703,3U3011,CZ3155,19:45:00,23:00:00,2019-08-26 15:05:42,8.2,2040,2
6777,3U3011,CZ3155,19:45:00,23:00:00,2019-08-27 15:40:16,9.1,2280,1
6872,3U3011,CZ3155,19:45:00,23:00:00,2019-08-28 13:33:40,9.1,2280,0
6876,3U3011,CZ3155,19:45:00,23:00:00,2019-08-29 16:55:42,9.1,2280,0
3320,CA1304,,18:00:00,21:15:00,2019-07-14 14:45:41,6.4,1600,45
3402,CA1304,,18:00:00,21:15:00,2019-07-15 15:25:10,6.4,1600,44
3476,CA1304,,18:00:00,21:15:00,2019-07-16 14:59:25,6.4,1600,43
3561,CA1304,,18:00:00,21:15:00,2019-07-17 14:30:16,6.4,1600,42
3640,CA1304,,18:00:00,21:15:00,2019-07-18 15:55:41,6.4,1600,41
3720,CA1304,,18:00:00,21:15:00,2019-07-19 14:28:48,6.4,1600,40
3803,CA1304,,18:00:00,21:15:00,2019-07-20 14:34:15,6.4,1600,39
3881,CA1304,,18:00:00,21:15:00,2019-07-21 14:53:23,6.4,1600,38
3960,CA1304,,18:00:00,21:15:00,2019-07-22 15:21:01,6.4,1600,37
4042,CA1304,,18:00:00,21:15:00,2019-07-23 15:57:44,6.4,1600,36
4120,CA1304,,18:00:00,21:15:00,2019-07-24 15:18:09,6.4,1600,35
4200,CA1304,,18:00:00,21:15:00,2019-07-25 15:36:09,6.4,1600,34
4283,CA1304,,18:00:00,21:15:00,2019-07-26 14:34:20,6.4,1600,33
4360,CA1304,,18:00:00,21:15:00,2019-07-27 15:25:12,6.4,1600,32
4441,CA1304,,18:00:00,21:15:00,2019-07-28 15:29:32,6.4,1600,31
4520,CA1304,,18:00:00,21:15:00,2019-07-29 15:35:15,6.4,1600,30
4600,CA1304,,18:00:00,21:15:00,2019-07-30 14:41:01,6.4,1600,29
4683,CA1304,,18:00:00,21:15:00,2019-07-31 15:54:28,6.4,1600,28
4761,CA1304,,18:00:00,21:15:00,2019-08-01 15:43:43,6.4,1600,27
4840,CA1304,,18:00:00,21:15:00,2019-08-02 15:04:40,6.4,1600,26
4922,CA1304,,18:00:00,21:15:00,2019-08-03 14:59:45,6.4,1600,25
5000,CA1304,,18:00:00,21:15:00,2019-08-04 15:50:36,6.4,1600,24
5080,CA1304,,18:00:00,21:15:00,2019-08-05 15:03:12,6.4,1600,23
5164,CA1304,,18:00:00,21:15:00,2019-08-06 14:53:02,4.2,1050,22
5240,CA1304,,18:00:00,21:15:00,2019-08-07 15:11:18,3.5,880,21
5346,CA1304,,18:00:00,21:15:00,2019-08-08 15:31:40,3.0,750,20
5401,CA1304,,18:00:00,21:15:00,2019-08-09 15:26:23,3.0,753,19
5477,CA1304,,18:00:00,21:15:00,2019-08-10 16:22:22,3.5,880,18
5548,CA1304,,18:00:00,21:15:00,2019-08-11 15:10:04,3.5,880,17
5627,CA1304,,18:00:00,21:15:00,2019-08-12 13:40:51,3.5,880,16
5703,CA1304,,18:00:00,21:15:00,2019-08-13 16:19:19,3.5,880,15
5781,CA1304,,18:00:00,21:15:00,2019-08-14 14:36:29,3.5,880,14
5855,CA1304,,18:00:00,21:15:00,2019-08-15 15:35:08,4.2,1050,13
5931,CA1304,,18:00:00,21:15:00,2019-08-16 14:38:19,4.2,1050,12
6010,CA1304,,18:00:00,21:15:00,2019-08-17 15:40:17,4.2,1050,11
6084,CA1304,,18:00:00,21:15:00,2019-08-18 15:11:31,4.2,1050,10
6159,CA1304,,18:00:00,21:15:00,2019-08-19 16:20:04,4.2,1050,9
6237,CA1304,,18:00:00,21:15:00,2019-08-20 14:43:48,4.2,1050,8
6311,CA1304,,18:00:00,21:15:00,2019-08-21 17:32:48,4.2,1050,7
6386,CA1304,,18:00:00,21:15:00,2019-08-22 16:28:58,4.2,1050,6
6465,CA1304,,18:00:00,21:15:00,2019-08-23 15:55:02,4.2,1050,5
6538,CA1304,,18:00:00,21:15:00,2019-08-24 17:05:07,8.4,2090,4
6614,CA1304,,18:00:00,21:15:00,2019-08-25 17:30:52,6.4,1600,3
6692,CA1304,,18:00:00,21:15:00,2019-08-26 15:05:42,8.4,2090,2
6767,CA1304,,18:00:00,21:15:00,2019-08-27 15:40:16,9.3,2330,1
6861,CA1304,,18:00:00,21:15:00,2019-08-28 13:33:40,9.7,2430,0
6877,CA1304,,18:00:00,21:15:00,2019-08-29 16:55:42,9.7,2430,0
3337,CA1306,,08:55:00,12:05:00,2019-07-14 14:45:41,7.4,1840,45
3420,CA1306,,08:55:00,12:05:00,2019-07-15 15:25:10,7.4,1840,44
3459,CA1306,,08:55:00,12:05:00,2019-07-16 14:59:25,7.4,1840,43
3578,CA1306,,08:55:00,12:05:00,2019-07-17 14:30:16,7.4,1840,42
3657,CA1306,,08:55:00,12:05:00,2019-07-18 15:55:41,7.4,1840,41
3737,CA1306,,08:55:00,12:05:00,2019-07-19 14:28:48,7.4,1840,40
3820,CA1306,,08:55:00,12:05:00,2019-07-20 14:34:15,6.4,1600,39
3898,CA1306,,08:55:00,12:05:00,2019-07-21 14:53:23,6.4,1600,38
3977,CA1306,,08:55:00,12:05:00,2019-07-22 15:21:01,6.4,1600,37
4059,CA1306,,08:55:00,12:05:00,2019-07-23 15:57:44,6.4,1600,36
4137,CA1306,,08:55:00,12:05:00,2019-07-24 15:18:09,6.4,1600,35
4217,CA1306,,08:55:00,12:05:00,2019-07-25 15:36:09,6.4,1600,34
4300,CA1306,,08:55:00,12:05:00,2019-07-26 14:34:20,6.4,1600,33
4377,CA1306,,08:55:00,12:05:00,2019-07-27 15:25:12,6.4,1600,32
4458,CA1306,,08:55:00,12:05:00,2019-07-28 15:29:32,6.4,1600,31
4537,CA1306,,08:55:00,12:05:00,2019-07-29 15:35:15,6.4,1600,30
4617,CA1306,,08:55:00,12:05:00,2019-07-30 14:41:01,6.4,1600,29
4700,CA1306,,08:55:00,12:05:00,2019-07-31 15:54:28,6.4,1600,28
4778,CA1306,,08:55:00,12:05:00,2019-08-01 15:43:43,6.4,1600,27
4857,CA1306,,08:55:00,12:05:00,2019-08-02 15:04:40,6.4,1600,26
4939,CA1306,,08:55:00,12:05:00,2019-08-03 14:59:45,6.4,1600,25
5017,CA1306,,08:55:00,12:05:00,2019-08-04 15:50:36,6.4,1600,24
5097,CA1306,,08:55:00,12:05:00,2019-08-05 15:03:12,6.4,1600,23
5181,CA1306,,08:55:00,12:05:00,2019-08-06 14:53:02,5.4,1340,22
5257,CA1306,,08:55:00,12:05:00,2019-08-07 15:11:18,5.4,1340,21
5283,CA1306,,08:55:00,12:05:00,2019-08-08 15:31:40,4.2,1050,20
5418,CA1306,,08:55:00,12:05:00,2019-08-09 15:26:23,4.2,1050,19
5494,CA1306,,08:55:00,12:05:00,2019-08-10 16:22:22,4.2,1050,18
5565,CA1306,,08:55:00,12:05:00,2019-08-11 15:10:04,4.2,1050,17
5644,CA1306,,08:55:00,12:05:00,2019-08-12 13:40:51,4.2,1050,16
5720,CA1306,,08:55:00,12:05:00,2019-08-13 16:19:19,4.2,1050,15
5798,CA1306,,08:55:00,12:05:00,2019-08-14 14:36:29,4.2,1050,14
5872,CA1306,,08:55:00,12:05:00,2019-08-15 15:35:08,4.2,1050,13
5948,CA1306,,08:55:00,12:05:00,2019-08-16 14:38:19,3.5,880,12
6027,CA1306,,08:55:00,12:05:00,2019-08-17 15:40:17,3.5,880,11
6100,CA1306,,08:55:00,12:05:00,2019-08-18 15:11:31,3.5,880,10
6176,CA1306,,08:55:00,12:05:00,2019-08-19 16:20:04,3.5,880,9
6254,CA1306,,08:55:00,12:05:00,2019-08-20 14:43:48,3.5,880,8
6328,CA1306,,08:55:00,12:05:00,2019-08-21 17:32:48,4.2,1050,7
6403,CA1306,,08:55:00,12:05:00,2019-08-22 16:28:58,4.2,1050,6
6482,CA1306,,08:55:00,12:05:00,2019-08-23 15:55:02,5.4,1340,5
6555,CA1306,,08:55:00,12:05:00,2019-08-24 17:05:07,7.4,1840,4
6631,CA1306,,08:55:00,12:05:00,2019-08-25 17:30:52,7.4,1840,3
6709,CA1306,,08:55:00,12:05:00,2019-08-26 15:05:42,5.4,1340,2
6783,CA1306,,08:55:00,12:05:00,2019-08-27 15:40:16,6.4,1600,1
6827,CA1306,,08:55:00,12:05:00,2019-08-28 13:33:40,7.4,1840,0
3318,CA1308,,09:55:00,13:05:00,2019-07-14 14:45:41,8.4,2090,45
3400,CA1308,,09:55:00,13:05:00,2019-07-15 15:25:10,8.4,2090,44
3478,CA1308,,09:55:00,13:05:00,2019-07-16 14:59:25,8.4,2090,43
3559,CA1308,,09:55:00,13:05:00,2019-07-17 14:30:16,8.4,2090,42
3638,CA1308,,09:55:00,13:05:00,2019-07-18 15:55:41,8.4,2090,41
3718,CA1308,,09:55:00,13:05:00,2019-07-19 14:28:48,8.4,2090,40
3801,CA1308,,09:55:00,13:05:00,2019-07-20 14:34:15,7.4,1840,39
3879,CA1308,,09:55:00,13:05:00,2019-07-21 14:53:23,7.4,1840,38
3958,CA1308,,09:55:00,13:05:00,2019-07-22 15:21:01,7.4,1840,37
4040,CA1308,,09:55:00,13:05:00,2019-07-23 15:57:44,7.4,1840,36
4118,CA1308,,09:55:00,13:05:00,2019-07-24 15:18:09,7.4,1840,35
4198,CA1308,,09:55:00,13:05:00,2019-07-25 15:36:09,7.4,1840,34
4281,CA1308,,09:55:00,13:05:00,2019-07-26 14:34:20,7.4,1840,33
4358,CA1308,,09:55:00,13:05:00,2019-07-27 15:25:12,7.4,1840,32
4439,CA1308,,09:55:00,13:05:00,2019-07-28 15:29:32,7.4,1840,31
4518,CA1308,,09:55:00,13:05:00,2019-07-29 15:35:15,7.4,1840,30
4598,CA1308,,09:55:00,13:05:00,2019-07-30 14:41:01,7.4,1840,29
4681,CA1308,,09:55:00,13:05:00,2019-07-31 15:54:28,7.4,1840,28
4759,CA1308,,09:55:00,13:05:00,2019-08-01 15:43:43,7.4,1840,27
4838,CA1308,,09:55:00,13:05:00,2019-08-02 15:04:40,7.4,1840,26
4920,CA1308,,09:55:00,13:05:00,2019-08-03 14:59:45,7.4,1840,25
4998,CA1308,,09:55:00,13:05:00,2019-08-04 15:50:36,7.4,1840,24
5078,CA1308,,09:55:00,13:05:00,2019-08-05 15:03:12,7.4,1840,23
5162,CA1308,,09:55:00,13:05:00,2019-08-06 14:53:02,5.4,1340,22
5238,CA1308,,09:55:00,13:05:00,2019-08-07 15:11:18,5.4,1340,21
5344,CA1308,,09:55:00,13:05:00,2019-08-08 15:31:40,4.2,1050,20
5399,CA1308,,09:55:00,13:05:00,2019-08-09 15:26:23,4.2,1050,19
5475,CA1308,,09:55:00,13:05:00,2019-08-10 16:22:22,4.2,1050,18
5546,CA1308,,09:55:00,13:05:00,2019-08-11 15:10:04,4.2,1050,17
5625,CA1308,,09:55:00,13:05:00,2019-08-12 13:40:51,4.2,1050,16
5701,CA1308,,09:55:00,13:05:00,2019-08-13 16:19:19,4.2,1050,15
5779,CA1308,,09:55:00,13:05:00,2019-08-14 14:36:29,4.2,1050,14
5853,CA1308,,09:55:00,13:05:00,2019-08-15 15:35:08,4.2,1050,13
5929,CA1308,,09:55:00,13:05:00,2019-08-16 14:38:19,5.4,1340,12
6008,CA1308,,09:55:00,13:05:00,2019-08-17 15:40:17,5.4,1340,11
6082,CA1308,,09:55:00,13:05:00,2019-08-18 15:11:31,5.4,1340,10
6157,CA1308,,09:55:00,13:05:00,2019-08-19 16:20:04,5.4,1340,9
6235,CA1308,,09:55:00,13:05:00,2019-08-20 14:43:48,4.2,1050,8
6309,CA1308,,09:55:00,13:05:00,2019-08-21 17:32:48,4.2,1050,7
6384,CA1308,,09:55:00,13:05:00,2019-08-22 16:28:58,5.4,1340,6
6463,CA1308,,09:55:00,13:05:00,2019-08-23 15:55:02,5.4,1340,5
6536,CA1308,,09:55:00,13:05:00,2019-08-24 17:05:07,8.4,2090,4
6612,CA1308,,09:55:00,13:05:00,2019-08-25 17:30:52,8.4,2090,3
6690,CA1308,,09:55:00,13:05:00,2019-08-26 15:05:42,6.4,1600,2
6765,CA1308,,09:55:00,13:05:00,2019-08-27 15:40:16,7.4,1840,1
6860,CA1308,,09:55:00,13:05:00,2019-08-28 13:33:40,7.4,1840,0
3289,CA1314,,16:00:00,19:20:00,2019-07-14 14:45:41,7.4,1840,45
3369,CA1314,,16:00:00,19:20:00,2019-07-15 15:25:10,7.4,1840,44
3438,CA1314,,16:00:00,19:20:00,2019-07-16 14:59:25,7.4,1840,43
3529,CA1314,,16:00:00,19:20:00,2019-07-17 14:30:16,7.4,1840,42
3609,CA1314,,16:00:00,19:20:00,2019-07-18 15:55:41,7.4,1840,41
3689,CA1314,,16:00:00,19:20:00,2019-07-19 14:28:48,7.4,1840,40
3769,CA1314,,16:00:00,19:20:00,2019-07-20 14:34:15,6.4,1600,39
3849,CA1314,,16:00:00,19:20:00,2019-07-21 14:53:23,6.4,1600,38
3929,CA1314,,16:00:00,19:20:00,2019-07-22 15:21:01,6.4,1600,37
4009,CA1314,,16:00:00,19:20:00,2019-07-23 15:57:44,6.4,1600,36
4089,CA1314,,16:00:00,19:20:00,2019-07-24 15:18:09,6.4,1600,35
4169,CA1314,,16:00:00,19:20:00,2019-07-25 15:36:09,6.4,1600,34
4249,CA1314,,16:00:00,19:20:00,2019-07-26 14:34:20,6.4,1600,33
4329,CA1314,,16:00:00,19:20:00,2019-07-27 15:25:12,6.4,1600,32
4409,CA1314,,16:00:00,19:20:00,2019-07-28 15:29:32,6.4,1600,31
4489,CA1314,,16:00:00,19:20:00,2019-07-29 15:35:15,6.4,1600,30
4569,CA1314,,16:00:00,19:20:00,2019-07-30 14:41:01,6.4,1600,29
4649,CA1314,,16:00:00,19:20:00,2019-07-31 15:54:28,6.4,1600,28
4729,CA1314,,16:00:00,19:20:00,2019-08-01 15:43:43,6.4,1600,27
4809,CA1314,,16:00:00,19:20:00,2019-08-02 15:04:40,6.4,1600,26
4889,CA1314,,16:00:00,19:20:00,2019-08-03 14:59:45,6.4,1600,25
4969,CA1314,,16:00:00,19:20:00,2019-08-04 15:50:36,6.4,1600,24
5049,CA1314,,16:00:00,19:20:00,2019-08-05 15:03:12,6.4,1600,23
5129,CA1314,,16:00:00,19:20:00,2019-08-06 14:53:02,4.2,1050,22
5208,CA1314,,16:00:00,19:20:00,2019-08-07 15:11:18,4.2,1050,21
5314,CA1314,,16:00:00,19:20:00,2019-08-08 15:31:40,4.2,1050,20
5369,CA1314,,16:00:00,19:20:00,2019-08-09 15:26:23,4.2,1050,19
5447,CA1314,,16:00:00,19:20:00,2019-08-10 16:22:22,4.2,1050,18
5522,CA1314,,16:00:00,19:20:00,2019-08-11 15:10:04,4.2,1050,17
5598,CA1314,,16:00:00,19:20:00,2019-08-12 13:40:51,4.2,1050,16
5674,CA1314,,16:00:00,19:20:00,2019-08-13 16:19:19,4.2,1050,15
5750,CA1314,,16:00:00,19:20:00,2019-08-14 14:36:29,4.2,1050,14
5826,CA1314,,16:00:00,19:20:00,2019-08-15 15:35:08,4.2,1050,13
5902,CA1314,,16:00:00,19:20:00,2019-08-16 14:38:19,4.2,1050,12
5978,CA1314,,16:00:00,19:20:00,2019-08-17 15:40:17,4.2,1050,11
6054,CA1314,,16:00:00,19:20:00,2019-08-18 15:11:31,4.2,1050,10
6130,CA1314,,16:00:00,19:20:00,2019-08-19 16:20:04,4.2,1050,9
6206,CA1314,,16:00:00,19:20:00,2019-08-20 14:43:48,4.2,1050,8
6282,CA1314,,16:00:00,19:20:00,2019-08-21 17:32:48,4.2,1050,7
6357,CA1314,,16:00:00,19:20:00,2019-08-22 16:28:58,4.2,1050,6
6433,CA1314,,16:00:00,19:20:00,2019-08-23 15:55:02,4.2,1050,5
6508,CA1314,,16:00:00,19:20:00,2019-08-24 17:05:07,8.4,2090,4
6585,CA1314,,16:00:00,19:20:00,2019-08-25 17:30:52,6.4,1600,3
6661,CA1314,,16:00:00,19:20:00,2019-08-26 15:05:42,7.4,1840,2
6737,CA1314,,16:00:00,19:20:00,2019-08-27 15:40:16,7.4,1840,1
6812,CA1314,,16:00:00,19:20:00,2019-08-28 13:33:40,9.3,2330,0
3333,CA1338,,08:25:00,11:30:00,2019-07-14 14:45:41,7.4,1840,45
3416,CA1338,,08:25:00,11:30:00,2019-07-15 15:25:10,7.4,1840,44
3463,CA1338,,08:25:00,11:30:00,2019-07-16 14:59:25,7.4,1840,43
3574,CA1338,,08:25:00,11:30:00,2019-07-17 14:30:16,7.4,1840,42
3653,CA1338,,08:25:00,11:30:00,2019-07-18 15:55:41,7.4,1840,41
3733,CA1338,,08:25:00,11:30:00,2019-07-19 14:28:48,7.4,1840,40
3816,CA1338,,08:25:00,11:30:00,2019-07-20 14:34:15,6.4,1600,39
3894,CA1338,,08:25:00,11:30:00,2019-07-21 14:53:23,6.4,1600,38
3973,CA1338,,08:25:00,11:30:00,2019-07-22 15:21:01,6.4,1600,37
4055,CA1338,,08:25:00,11:30:00,2019-07-23 15:57:44,6.4,1600,36
4133,CA1338,,08:25:00,11:30:00,2019-07-24 15:18:09,6.4,1600,35
4213,CA1338,,08:25:00,11:30:00,2019-07-25 15:36:09,6.4,1600,34
4296,CA1338,,08:25:00,11:30:00,2019-07-26 14:34:20,6.4,1600,33
4373,CA1338,,08:25:00,11:30:00,2019-07-27 15:25:12,6.4,1600,32
4454,CA1338,,08:25:00,11:30:00,2019-07-28 15:29:32,6.4,1600,31
4533,CA1338,,08:25:00,11:30:00,2019-07-29 15:35:15,6.4,1600,30
4613,CA1338,,08:25:00,11:30:00,2019-07-30 14:41:01,6.4,1600,29
4696,CA1338,,08:25:00,11:30:00,2019-07-31 15:54:28,6.4,1600,28
4774,CA1338,,08:25:00,11:30:00,2019-08-01 15:43:43,6.4,1600,27
4853,CA1338,,08:25:00,11:30:00,2019-08-02 15:04:40,6.4,1600,26
4935,CA1338,,08:25:00,11:30:00,2019-08-03 14:59:45,6.4,1600,25
5013,CA1338,,08:25:00,11:30:00,2019-08-04 15:50:36,6.4,1600,24
5093,CA1338,,08:25:00,11:30:00,2019-08-05 15:03:12,6.4,1600,23
5177,CA1338,,08:25:00,11:30:00,2019-08-06 14:53:02,5.4,1340,22
5253,CA1338,,08:25:00,11:30:00,2019-08-07 15:11:18,4.2,1050,21
5279,CA1338,,08:25:00,11:30:00,2019-08-08 15:31:40,4.2,1050,20
5415,CA1338,,08:25:00,11:30:00,2019-08-09 15:26:23,4.2,1050,19
5491,CA1338,,08:25:00,11:30:00,2019-08-10 16:22:22,4.2,1050,18
5562,CA1338,,08:25:00,11:30:00,2019-08-11 15:10:04,4.2,1050,17
5641,CA1338,,08:25:00,11:30:00,2019-08-12 13:40:51,4.2,1050,16
5717,CA1338,,08:25:00,11:30:00,2019-08-13 16:19:19,4.2,1050,15
5795,CA1338,,08:25:00,11:30:00,2019-08-14 14:36:29,4.2,1050,14
5869,CA1338,,08:25:00,11:30:00,2019-08-15 15:35:08,3.0,750,13
5945,CA1338,,08:25:00,11:30:00,2019-08-16 14:38:19,3.0,750,12
6024,CA1338,,08:25:00,11:30:00,2019-08-17 15:40:17,3.0,750,11
6097,CA1338,,08:25:00,11:30:00,2019-08-18 15:11:31,3.0,750,10
6173,CA1338,,08:25:00,11:30:00,2019-08-19 16:20:04,3.0,750,9
6251,CA1338,,08:25:00,11:30:00,2019-08-20 14:43:48,4.2,1050,8
6325,CA1338,,08:25:00,11:30:00,2019-08-21 17:32:48,4.2,1050,7
6400,CA1338,,08:25:00,11:30:00,2019-08-22 16:28:58,4.2,1050,6
6479,CA1338,,08:25:00,11:30:00,2019-08-23 15:55:02,4.2,1050,5
6552,CA1338,,08:25:00,11:30:00,2019-08-24 17:05:07,7.4,1840,4
6628,CA1338,,08:25:00,11:30:00,2019-08-25 17:30:52,4.2,1050,3
6706,CA1338,,08:25:00,11:30:00,2019-08-26 15:05:42,5.4,1340,2
6780,CA1338,,08:25:00,11:30:00,2019-08-27 15:40:16,6.4,1600,1
6824,CA1338,,08:25:00,11:30:00,2019-08-28 13:33:40,6.4,1600,0
3344,CA1358,,20:00:00,23:10:00,2019-07-14 14:45:41,5.4,1340,45
3427,CA1358,,20:00:00,23:10:00,2019-07-15 15:25:10,5.4,1340,44
3452,CA1358,,20:00:00,23:10:00,2019-07-16 14:59:25,5.4,1340,43
3585,CA1358,,20:00:00,23:10:00,2019-07-17 14:30:16,5.4,1340,42
3664,CA1358,,20:00:00,23:10:00,2019-07-18 15:55:41,5.4,1340,41
3744,CA1358,,20:00:00,23:10:00,2019-07-19 14:28:48,5.4,1340,40
3827,CA1358,,20:00:00,23:10:00,2019-07-20 14:34:15,5.4,1340,39
3905,CA1358,,20:00:00,23:10:00,2019-07-21 14:53:23,5.4,1340,38
3984,CA1358,,20:00:00,23:10:00,2019-07-22 15:21:01,5.4,1340,37
4066,CA1358,,20:00:00,23:10:00,2019-07-23 15:57:44,5.4,1340,36
4144,CA1358,,20:00:00,23:10:00,2019-07-24 15:18:09,5.4,1340,35
4224,CA1358,,20:00:00,23:10:00,2019-07-25 15:36:09,5.4,1340,34
4307,CA1358,,20:00:00,23:10:00,2019-07-26 14:34:20,5.4,1340,33
4384,CA1358,,20:00:00,23:10:00,2019-07-27 15:25:12,5.4,1340,32
4465,CA1358,,20:00:00,23:10:00,2019-07-28 15:29:32,5.4,1340,31
4544,CA1358,,20:00:00,23:10:00,2019-07-29 15:35:15,5.4,1340,30
4624,CA1358,,20:00:00,23:10:00,2019-07-30 14:41:01,5.4,1340,29
4707,CA1358,,20:00:00,23:10:00,2019-07-31 15:54:28,5.4,1340,28
4785,CA1358,,20:00:00,23:10:00,2019-08-01 15:43:43,5.4,1340,27
4864,CA1358,,20:00:00,23:10:00,2019-08-02 15:04:40,5.4,1340,26
4946,CA1358,,20:00:00,23:10:00,2019-08-03 14:59:45,5.4,1340,25
5024,CA1358,,20:00:00,23:10:00,2019-08-04 15:50:36,5.4,1340,24
5104,CA1358,,20:00:00,23:10:00,2019-08-05 15:03:12,5.4,1340,23
5188,CA1358,,20:00:00,23:10:00,2019-08-06 14:53:02,4.2,1050,22
5264,CA1358,,20:00:00,23:10:00,2019-08-07 15:11:18,3.0,759,21
5290,CA1358,,20:00:00,23:10:00,2019-08-08 15:31:40,3.0,750,20
5425,CA1358,,20:00:00,23:10:00,2019-08-09 15:26:23,3.0,752,19
5437,CA1358,,20:00:00,23:10:00,2019-08-10 16:22:22,3.1,771,18
5571,CA1358,,20:00:00,23:10:00,2019-08-11 15:10:04,3.0,750,17
5650,CA1358,,20:00:00,23:10:00,2019-08-12 13:40:51,3.0,750,16
5726,CA1358,,20:00:00,23:10:00,2019-08-13 16:19:19,3.0,760,15
5804,CA1358,,20:00:00,23:10:00,2019-08-14 14:36:29,3.0,759,14
5878,CA1358,,20:00:00,23:10:00,2019-08-15 15:35:08,4.2,1050,13
5954,CA1358,,20:00:00,23:10:00,2019-08-16 14:38:19,4.2,1050,12
6033,CA1358,,20:00:00,23:10:00,2019-08-17 15:40:17,4.2,1050,11
6106,CA1358,,20:00:00,23:10:00,2019-08-18 15:11:31,4.2,1050,10
6182,CA1358,,20:00:00,23:10:00,2019-08-19 16:20:04,4.2,1050,9
6260,CA1358,,20:00:00,23:10:00,2019-08-20 14:43:48,4.2,1050,8
6334,CA1358,,20:00:00,23:10:00,2019-08-21 17:32:48,4.2,1050,7
6409,CA1358,,20:00:00,23:10:00,2019-08-22 16:28:58,4.2,1050,6
6488,CA1358,,20:00:00,23:10:00,2019-08-23 15:55:02,5.4,1340,5
6561,CA1358,,20:00:00,23:10:00,2019-08-24 17:05:07,8.4,2090,4
6637,CA1358,,20:00:00,23:10:00,2019-08-25 17:30:52,8.4,2090,3
6715,CA1358,,20:00:00,23:10:00,2019-08-26 15:05:42,8.4,2090,2
6789,CA1358,,20:00:00,23:10:00,2019-08-27 15:40:16,9.3,2330,1
6833,CA1358,,20:00:00,23:10:00,2019-08-28 13:33:40,9.7,2430,0
3312,CA1368,,14:05:00,17:20:00,2019-07-14 14:45:41,7.4,1840,45
3390,CA1368,,14:05:00,17:20:00,2019-07-15 15:25:10,7.4,1840,44
3485,CA1368,,14:05:00,17:20:00,2019-07-16 14:59:25,7.4,1840,43
3552,CA1368,,14:05:00,17:20:00,2019-07-17 14:30:16,7.4,1840,42
3632,CA1368,,14:05:00,17:20:00,2019-07-18 15:55:41,7.4,1840,41
3712,CA1368,,14:05:00,17:20:00,2019-07-19 14:28:48,7.4,1840,40
3792,CA1368,,14:05:00,17:20:00,2019-07-20 14:34:15,6.4,1600,39
3872,CA1368,,14:05:00,17:20:00,2019-07-21 14:53:23,6.4,1600,38
3952,CA1368,,14:05:00,17:20:00,2019-07-22 15:21:01,6.4,1600,37
4032,CA1368,,14:05:00,17:20:00,2019-07-23 15:57:44,6.4,1600,36
4112,CA1368,,14:05:00,17:20:00,2019-07-24 15:18:09,6.4,1600,35
4192,CA1368,,14:05:00,17:20:00,2019-07-25 15:36:09,6.4,1600,34
4272,CA1368,,14:05:00,17:20:00,2019-07-26 14:34:20,6.4,1600,33
4352,CA1368,,14:05:00,17:20:00,2019-07-27 15:25:12,6.4,1600,32
4432,CA1368,,14:05:00,17:20:00,2019-07-28 15:29:32,6.4,1600,31
4512,CA1368,,14:05:00,17:20:00,2019-07-29 15:35:15,6.4,1600,30
4592,CA1368,,14:05:00,17:20:00,2019-07-30 14:41:01,6.4,1600,29
4672,CA1368,,14:05:00,17:20:00,2019-07-31 15:54:28,6.4,1600,28
4752,CA1368,,14:05:00,17:20:00,2019-08-01 15:43:43,6.4,1600,27
4832,CA1368,,14:05:00,17:20:00,2019-08-02 15:04:40,6.4,1600,26
4912,CA1368,,14:05:00,17:20:00,2019-08-03 14:59:45,6.4,1600,25
4992,CA1368,,14:05:00,17:20:00,2019-08-04 15:50:36,6.4,1600,24
5072,CA1368,,14:05:00,17:20:00,2019-08-05 15:03:12,6.4,1600,23
5152,CA1368,,14:05:00,17:20:00,2019-08-06 14:53:02,4.2,1050,22
5231,CA1368,,14:05:00,17:20:00,2019-08-07 15:11:18,4.2,1050,21
5337,CA1368,,14:05:00,17:20:00,2019-08-08 15:31:40,4.2,1050,20
5391,CA1368,,14:05:00,17:20:00,2019-08-09 15:26:23,4.2,1050,19
5467,CA1368,,14:05:00,17:20:00,2019-08-10 16:22:22,4.2,1050,18
5538,CA1368,,14:05:00,17:20:00,2019-08-11 15:10:04,4.2,1050,17
5618,CA1368,,14:05:00,17:20:00,2019-08-12 13:40:51,4.2,1050,16
5694,CA1368,,14:05:00,17:20:00,2019-08-13 16:19:19,4.2,1050,15
5770,CA1368,,14:05:00,17:20:00,2019-08-14 14:36:29,4.2,1050,14
5846,CA1368,,14:05:00,17:20:00,2019-08-15 15:35:08,4.2,1050,13
5922,CA1368,,14:05:00,17:20:00,2019-08-16 14:38:19,4.2,1050,12
5998,CA1368,,14:05:00,17:20:00,2019-08-17 15:40:17,4.2,1050,11
6074,CA1368,,14:05:00,17:20:00,2019-08-18 15:11:31,4.2,1050,10
6150,CA1368,,14:05:00,17:20:00,2019-08-19 16:20:04,4.2,1050,9
6226,CA1368,,14:05:00,17:20:00,2019-08-20 14:43:48,3.5,880,8
6302,CA1368,,14:05:00,17:20:00,2019-08-21 17:32:48,3.5,880,7
6377,CA1368,,14:05:00,17:20:00,2019-08-22 16:28:58,3.5,880,6
6453,CA1368,,14:05:00,17:20:00,2019-08-23 15:55:02,3.5,880,5
6528,CA1368,,14:05:00,17:20:00,2019-08-24 17:05:07,8.4,2090,4
6605,CA1368,,14:05:00,17:20:00,2019-08-25 17:30:52,8.4,2090,3
6681,CA1368,,14:05:00,17:20:00,2019-08-26 15:05:42,7.4,1840,2
6757,CA1368,,14:05:00,17:20:00,2019-08-27 15:40:16,7.4,1840,1
6852,CA1368,,14:05:00,17:20:00,2019-08-28 13:33:40,7.4,1840,0
3332,CA1384,,15:00:00,18:15:00,2019-07-14 14:45:41,7.4,1840,45
3415,CA1384,,15:00:00,18:15:00,2019-07-15 15:25:10,7.4,1840,44
3464,CA1384,,15:00:00,18:15:00,2019-07-16 14:59:25,7.4,1840,43
3573,CA1384,,15:00:00,18:15:00,2019-07-17 14:30:16,7.4,1840,42
3652,CA1384,,15:00:00,18:15:00,2019-07-18 15:55:41,7.4,1840,41
3732,CA1384,,15:00:00,18:15:00,2019-07-19 14:28:48,7.4,1840,40
3815,CA1384,,15:00:00,18:15:00,2019-07-20 14:34:15,6.4,1600,39
3893,CA1384,,15:00:00,18:15:00,2019-07-21 14:53:23,6.4,1600,38
3972,CA1384,,15:00:00,18:15:00,2019-07-22 15:21:01,6.4,1600,37
4054,CA1384,,15:00:00,18:15:00,2019-07-23 15:57:44,6.4,1600,36
4132,CA1384,,15:00:00,18:15:00,2019-07-24 15:18:09,6.4,1600,35
4212,CA1384,,15:00:00,18:15:00,2019-07-25 15:36:09,6.4,1600,34
4295,CA1384,,15:00:00,18:15:00,2019-07-26 14:34:20,6.4,1600,33
4372,CA1384,,15:00:00,18:15:00,2019-07-27 15:25:12,6.4,1600,32
4453,CA1384,,15:00:00,18:15:00,2019-07-28 15:29:32,6.4,1600,31
4532,CA1384,,15:00:00,18:15:00,2019-07-29 15:35:15,6.4,1600,30
4612,CA1384,,15:00:00,18:15:00,2019-07-30 14:41:01,6.4,1600,29
4695,CA1384,,15:00:00,18:15:00,2019-07-31 15:54:28,6.4,1600,28
4773,CA1384,,15:00:00,18:15:00,2019-08-01 15:43:43,6.4,1600,27
4852,CA1384,,15:00:00,18:15:00,2019-08-02 15:04:40,6.4,1600,26
4934,CA1384,,15:00:00,18:15:00,2019-08-03 14:59:45,6.4,1600,25
5012,CA1384,,15:00:00,18:15:00,2019-08-04 15:50:36,6.4,1600,24
5092,CA1384,,15:00:00,18:15:00,2019-08-05 15:03:12,6.4,1600,23
5176,CA1384,,15:00:00,18:15:00,2019-08-06 14:53:02,4.2,1050,22
5252,CA1384,,15:00:00,18:15:00,2019-08-07 15:11:18,4.2,1050,21
5278,CA1384,,15:00:00,18:15:00,2019-08-08 15:31:40,4.2,1050,20
5413,CA1384,,15:00:00,18:15:00,2019-08-09 15:26:23,4.2,1050,19
5489,CA1384,,15:00:00,18:15:00,2019-08-10 16:22:22,4.2,1050,18
5560,CA1384,,15:00:00,18:15:00,2019-08-11 15:10:04,4.2,1050,17
5639,CA1384,,15:00:00,18:15:00,2019-08-12 13:40:51,4.2,1050,16
5715,CA1384,,15:00:00,18:15:00,2019-08-13 16:19:19,4.2,1050,15
5793,CA1384,,15:00:00,18:15:00,2019-08-14 14:36:29,4.2,1050,14
5867,CA1384,,15:00:00,18:15:00,2019-08-15 15:35:08,4.2,1050,13
5943,CA1384,,15:00:00,18:15:00,2019-08-16 14:38:19,4.2,1050,12
6022,CA1384,,15:00:00,18:15:00,2019-08-17 15:40:17,4.2,1050,11
6095,CA1384,,15:00:00,18:15:00,2019-08-18 15:11:31,4.2,1050,10
6171,CA1384,,15:00:00,18:15:00,2019-08-19 16:20:04,4.2,1050,9
6249,CA1384,,15:00:00,18:15:00,2019-08-20 14:43:48,3.5,880,8
6323,CA1384,,15:00:00,18:15:00,2019-08-21 17:32:48,3.5,880,7
6398,CA1384,,15:00:00,18:15:00,2019-08-22 16:28:58,3.5,880,6
6477,CA1384,,15:00:00,18:15:00,2019-08-23 15:55:02,3.5,880,5
6550,CA1384,,15:00:00,18:15:00,2019-08-24 17:05:07,8.4,2090,4
6626,CA1384,,15:00:00,18:15:00,2019-08-25 17:30:52,8.4,2090,3
6704,CA1384,,15:00:00,18:15:00,2019-08-26 15:05:42,6.4,1600,2
6778,CA1384,,15:00:00,18:15:00,2019-08-27 15:40:16,7.4,1840,1
6873,CA1384,,15:00:00,18:15:00,2019-08-28 13:33:40,9.3,2330,0
3340,CA1398,,19:00:00,22:15:00,2019-07-14 14:45:41,5.4,1340,45
3423,CA1398,,19:00:00,22:15:00,2019-07-15 15:25:10,5.4,1340,44
3456,CA1398,,19:00:00,22:15:00,2019-07-16 14:59:25,5.4,1340,43
3581,CA1398,,19:00:00,22:15:00,2019-07-17 14:30:16,5.4,1340,42
3660,CA1398,,19:00:00,22:15:00,2019-07-18 15:55:41,5.4,1340,41
3740,CA1398,,19:00:00,22:15:00,2019-07-19 14:28:48,5.4,1340,40
3823,CA1398,,19:00:00,22:15:00,2019-07-20 14:34:15,5.4,1340,39
3901,CA1398,,19:00:00,22:15:00,2019-07-21 14:53:23,5.4,1340,38
3980,CA1398,,19:00:00,22:15:00,2019-07-22 15:21:01,5.4,1340,37
4062,CA1398,,19:00:00,22:15:00,2019-07-23 15:57:44,5.4,1340,36
4140,CA1398,,19:00:00,22:15:00,2019-07-24 15:18:09,5.4,1340,35
4220,CA1398,,19:00:00,22:15:00,2019-07-25 15:36:09,5.4,1340,34
4303,CA1398,,19:00:00,22:15:00,2019-07-26 14:34:20,5.4,1340,33
4380,CA1398,,19:00:00,22:15:00,2019-07-27 15:25:12,5.4,1340,32
4461,CA1398,,19:00:00,22:15:00,2019-07-28 15:29:32,5.4,1340,31
4540,CA1398,,19:00:00,22:15:00,2019-07-29 15:35:15,5.4,1340,30
4620,CA1398,,19:00:00,22:15:00,2019-07-30 14:41:01,5.4,1340,29
4703,CA1398,,19:00:00,22:15:00,2019-07-31 15:54:28,5.4,1340,28
4781,CA1398,,19:00:00,22:15:00,2019-08-01 15:43:43,5.4,1340,27
4860,CA1398,,19:00:00,22:15:00,2019-08-02 15:04:40,5.4,1340,26
4942,CA1398,,19:00:00,22:15:00,2019-08-03 14:59:45,5.4,1340,25
5020,CA1398,,19:00:00,22:15:00,2019-08-04 15:50:36,5.4,1340,24
5100,CA1398,,19:00:00,22:15:00,2019-08-05 15:03:12,5.4,1340,23
5184,CA1398,,19:00:00,22:15:00,2019-08-06 14:53:02,4.2,1050,22
5260,CA1398,,19:00:00,22:15:00,2019-08-07 15:11:18,3.1,763,21
5286,CA1398,,19:00:00,22:15:00,2019-08-08 15:31:40,3.0,750,20
5421,CA1398,,19:00:00,22:15:00,2019-08-09 15:26:23,9.7,2430,19
3278,CA1896,,13:05:00,16:10:00,2019-07-14 14:45:41,7.4,1840,45
3397,CA1896,,13:05:00,16:10:00,2019-07-15 15:25:10,7.4,1840,44
3479,CA1896,,13:05:00,16:10:00,2019-07-16 14:59:25,7.4,1840,43
3558,CA1896,,13:05:00,16:10:00,2019-07-17 14:30:16,7.4,1840,42
3598,CA1896,,13:05:00,16:10:00,2019-07-18 15:55:41,7.4,1840,41
3678,CA1896,,13:05:00,16:10:00,2019-07-19 14:28:48,7.4,1840,40
3800,CA1896,,13:05:00,16:10:00,2019-07-20 14:34:15,7.4,1840,39
3878,CA1896,,13:05:00,16:10:00,2019-07-21 14:53:23,7.4,1840,38
3918,CA1896,,13:05:00,16:10:00,2019-07-22 15:21:01,7.4,1840,37
4039,CA1896,,13:05:00,16:10:00,2019-07-23 15:57:44,7.4,1840,36
4078,CA1896,,13:05:00,16:10:00,2019-07-24 15:18:09,7.4,1840,35
4158,CA1896,,13:05:00,16:10:00,2019-07-25 15:36:09,7.4,1840,34
4280,CA1896,,13:05:00,16:10:00,2019-07-26 14:34:20,7.4,1840,33
4318,CA1896,,13:05:00,16:10:00,2019-07-27 15:25:12,7.4,1840,32
4438,CA1896,,13:05:00,16:10:00,2019-07-28 15:29:32,7.4,1840,31
4478,CA1896,,13:05:00,16:10:00,2019-07-29 15:35:15,7.4,1840,30
4558,CA1896,,13:05:00,16:10:00,2019-07-30 14:41:01,7.4,1840,29
4680,CA1896,,13:05:00,16:10:00,2019-07-31 15:54:28,7.4,1840,28
4758,CA1896,,13:05:00,16:10:00,2019-08-01 15:43:43,7.4,1840,27
4798,CA1896,,13:05:00,16:10:00,2019-08-02 15:04:40,7.4,1840,26
4919,CA1896,,13:05:00,16:10:00,2019-08-03 14:59:45,7.4,1840,25
4958,CA1896,,13:05:00,16:10:00,2019-08-04 15:50:36,7.4,1840,24
5038,CA1896,,13:05:00,16:10:00,2019-08-05 15:03:12,7.4,1840,23
5161,CA1896,,13:05:00,16:10:00,2019-08-06 14:53:02,5.4,1340,22
5237,CA1896,,13:05:00,16:10:00,2019-08-07 15:11:18,4.2,1050,21
5343,CA1896,,13:05:00,16:10:00,2019-08-08 15:31:40,4.2,1050,20
5398,CA1896,,13:05:00,16:10:00,2019-08-09 15:26:23,4.2,1050,19
5474,CA1896,,13:05:00,16:10:00,2019-08-10 16:22:22,4.2,1050,18
5545,CA1896,,13:05:00,16:10:00,2019-08-11 15:10:04,4.2,1050,17
5624,CA1896,,13:05:00,16:10:00,2019-08-12 13:40:51,4.2,1050,16
5663,CA1896,,13:05:00,16:10:00,2019-08-13 16:19:19,4.2,1050,15
5778,CA1896,,13:05:00,16:10:00,2019-08-14 14:36:29,4.2,1050,14
5815,CA1896,,13:05:00,16:10:00,2019-08-15 15:35:08,4.2,1050,13
5891,CA1896,,13:05:00,16:10:00,2019-08-16 14:38:19,4.2,1050,12
6007,CA1896,,13:05:00,16:10:00,2019-08-17 15:40:17,4.2,1050,11
6081,CA1896,,13:05:00,16:10:00,2019-08-18 15:11:31,4.2,1050,10
6119,CA1896,,13:05:00,16:10:00,2019-08-19 16:20:04,4.2,1050,9
6234,CA1896,,13:05:00,16:10:00,2019-08-20 14:43:48,3.5,880,8
6308,CA1896,,13:05:00,16:10:00,2019-08-21 17:32:48,3.5,880,7
6346,CA1896,,13:05:00,16:10:00,2019-08-22 16:28:58,3.5,880,6
6462,CA1896,,13:05:00,16:10:00,2019-08-23 15:55:02,3.5,880,5
6535,CA1896,,13:05:00,16:10:00,2019-08-24 17:05:07,8.4,2090,4
6574,CA1896,,13:05:00,16:10:00,2019-08-25 17:30:52,8.4,2090,3
6689,CA1896,,13:05:00,16:10:00,2019-08-26 15:05:42,6.4,1600,2
6764,CA1896,,13:05:00,16:10:00,2019-08-27 15:40:16,7.4,1840,1
6859,CA1896,,13:05:00,16:10:00,2019-08-28 13:33:40,7.4,1840,0
3296,CA3401,ZH9101,07:30:00,10:40:00,2019-07-14 14:45:41,6.6,1650,45
3376,CA3401,ZH9101,07:30:00,10:40:00,2019-07-15 15:25:10,6.6,1650,44
3501,CA3401,ZH9101,07:30:00,10:40:00,2019-07-16 14:59:25,6.6,1650,43
3536,CA3401,ZH9101,07:30:00,10:40:00,2019-07-17 14:30:16,6.6,1650,42
3616,CA3401,ZH9101,07:30:00,10:40:00,2019-07-18 15:55:41,6.6,1650,41
3696,CA3401,ZH9101,07:30:00,10:40:00,2019-07-19 14:28:48,6.6,1650,40
3776,CA3401,ZH9101,07:30:00,10:40:00,2019-07-20 14:34:15,6.6,1650,39
3856,CA3401,ZH9101,07:30:00,10:40:00,2019-07-21 14:53:23,6.6,1650,38
3936,CA3401,ZH9101,07:30:00,10:40:00,2019-07-22 15:21:01,6.6,1650,37
4016,CA3401,ZH9101,07:30:00,10:40:00,2019-07-23 15:57:44,6.6,1650,36
4096,CA3401,ZH9101,07:30:00,10:40:00,2019-07-24 15:18:09,6.6,1650,35
4176,CA3401,ZH9101,07:30:00,10:40:00,2019-07-25 15:36:09,6.6,1650,34
4256,CA3401,ZH9101,07:30:00,10:40:00,2019-07-26 14:34:20,6.6,1650,33
4336,CA3401,ZH9101,07:30:00,10:40:00,2019-07-27 15:25:12,6.6,1650,32
4416,CA3401,ZH9101,07:30:00,10:40:00,2019-07-28 15:29:32,6.6,1650,31
4496,CA3401,ZH9101,07:30:00,10:40:00,2019-07-29 15:35:15,6.6,1650,30
4576,CA3401,ZH9101,07:30:00,10:40:00,2019-07-30 14:41:01,6.6,1650,29
4656,CA3401,ZH9101,07:30:00,10:40:00,2019-07-31 15:54:28,6.6,1650,28
4736,CA3401,ZH9101,07:30:00,10:40:00,2019-08-01 15:43:43,6.6,1650,27
4816,CA3401,ZH9101,07:30:00,10:40:00,2019-08-02 15:04:40,6.6,1650,26
4896,CA3401,ZH9101,07:30:00,10:40:00,2019-08-03 14:59:45,6.6,1650,25
4976,CA3401,ZH9101,07:30:00,10:40:00,2019-08-04 15:50:36,6.6,1650,24
5056,CA3401,ZH9101,07:30:00,10:40:00,2019-08-05 15:03:12,6.6,1650,23
5136,CA3401,ZH9101,07:30:00,10:40:00,2019-08-06 14:53:02,5.5,1380,22
5215,CA3401,ZH9101,07:30:00,10:40:00,2019-08-07 15:11:18,5.0,1250,21
5321,CA3401,ZH9101,07:30:00,10:40:00,2019-08-08 15:31:40,5.0,1250,20
5376,CA3401,ZH9101,07:30:00,10:40:00,2019-08-09 15:26:23,5.0,1250,19
5454,CA3401,ZH9101,07:30:00,10:40:00,2019-08-10 16:22:22,5.0,1250,18
5585,CA3401,ZH9101,07:30:00,10:40:00,2019-08-11 15:10:04,5.0,1250,17
5605,CA3401,ZH9101,07:30:00,10:40:00,2019-08-12 13:40:51,5.0,1250,16
5681,CA3401,ZH9101,07:30:00,10:40:00,2019-08-13 16:19:19,5.0,1250,15
5757,CA3401,ZH9101,07:30:00,10:40:00,2019-08-14 14:36:29,5.0,1250,14
5833,CA3401,ZH9101,07:30:00,10:40:00,2019-08-15 15:35:08,5.0,1250,13
5909,CA3401,ZH9101,07:30:00,10:40:00,2019-08-16 14:38:19,5.0,1250,12
5985,CA3401,ZH9101,07:30:00,10:40:00,2019-08-17 15:40:17,5.0,1250,11
6061,CA3401,ZH9101,07:30:00,10:40:00,2019-08-18 15:11:31,5.0,1250,10
6137,CA3401,ZH9101,07:30:00,10:40:00,2019-08-19 16:20:04,5.0,1250,9
6213,CA3401,ZH9101,07:30:00,10:40:00,2019-08-20 14:43:48,5.0,1250,8
6289,CA3401,ZH9101,07:30:00,10:40:00,2019-08-21 17:32:48,5.0,1250,7
6364,CA3401,ZH9101,07:30:00,10:40:00,2019-08-22 16:28:58,5.0,1250,6
6440,CA3401,ZH9101,07:30:00,10:40:00,2019-08-23 15:55:02,5.0,1250,5
6515,CA3401,ZH9101,07:30:00,10:40:00,2019-08-24 17:05:07,7.6,1900,4
6592,CA3401,ZH9101,07:30:00,10:40:00,2019-08-25 17:30:52,7.6,1900,3
6668,CA3401,ZH9101,07:30:00,10:40:00,2019-08-26 15:05:42,7.6,1900,2
6744,CA3401,ZH9101,07:30:00,10:40:00,2019-08-27 15:40:16,8.6,2150,1
6819,CA3401,ZH9101,07:30:00,10:40:00,2019-08-28 13:33:40,8.6,2150,0
3338,CA3403,ZH9103,10:00:00,13:20:00,2019-07-14 14:45:41,7.6,1900,45
3421,CA3403,ZH9103,10:00:00,13:20:00,2019-07-15 15:25:10,7.6,1900,44
3458,CA3403,ZH9103,10:00:00,13:20:00,2019-07-16 14:59:25,7.6,1900,43
3579,CA3403,ZH9103,10:00:00,13:20:00,2019-07-17 14:30:16,7.6,1900,42
3658,CA3403,ZH9103,10:00:00,13:20:00,2019-07-18 15:55:41,7.6,1900,41
3738,CA3403,ZH9103,10:00:00,13:20:00,2019-07-19 14:28:48,7.6,1900,40
3821,CA3403,ZH9103,10:00:00,13:20:00,2019-07-20 14:34:15,7.6,1900,39
3899,CA3403,ZH9103,10:00:00,13:20:00,2019-07-21 14:53:23,7.6,1900,38
3978,CA3403,ZH9103,10:00:00,13:20:00,2019-07-22 15:21:01,7.6,1900,37
4060,CA3403,ZH9103,10:00:00,13:20:00,2019-07-23 15:57:44,7.6,1900,36
4138,CA3403,ZH9103,10:00:00,13:20:00,2019-07-24 15:18:09,7.6,1900,35
4218,CA3403,ZH9103,10:00:00,13:20:00,2019-07-25 15:36:09,7.6,1900,34
4301,CA3403,ZH9103,10:00:00,13:20:00,2019-07-26 14:34:20,7.6,1900,33
4378,CA3403,ZH9103,10:00:00,13:20:00,2019-07-27 15:25:12,7.6,1900,32
4459,CA3403,ZH9103,10:00:00,13:20:00,2019-07-28 15:29:32,7.6,1900,31
4538,CA3403,ZH9103,10:00:00,13:20:00,2019-07-29 15:35:15,6.6,1650,30
4618,CA3403,ZH9103,10:00:00,13:20:00,2019-07-30 14:41:01,6.6,1650,29
4701,CA3403,ZH9103,10:00:00,13:20:00,2019-07-31 15:54:28,6.6,1650,28
4779,CA3403,ZH9103,10:00:00,13:20:00,2019-08-01 15:43:43,6.6,1650,27
4858,CA3403,ZH9103,10:00:00,13:20:00,2019-08-02 15:04:40,6.6,1650,26
4940,CA3403,ZH9103,10:00:00,13:20:00,2019-08-03 14:59:45,6.6,1650,25
5018,CA3403,ZH9103,10:00:00,13:20:00,2019-08-04 15:50:36,6.6,1650,24
5098,CA3403,ZH9103,10:00:00,13:20:00,2019-08-05 15:03:12,6.6,1650,23
5182,CA3403,ZH9103,10:00:00,13:20:00,2019-08-06 14:53:02,5.5,1380,22
5258,CA3403,ZH9103,10:00:00,13:20:00,2019-08-07 15:11:18,5.5,1380,21
5284,CA3403,ZH9103,10:00:00,13:20:00,2019-08-08 15:31:40,5.5,1380,20
5419,CA3403,ZH9103,10:00:00,13:20:00,2019-08-09 15:26:23,5.0,1250,19
5495,CA3403,ZH9103,10:00:00,13:20:00,2019-08-10 16:22:22,5.0,1250,18
5566,CA3403,ZH9103,10:00:00,13:20:00,2019-08-11 15:10:04,5.0,1250,17
5645,CA3403,ZH9103,10:00:00,13:20:00,2019-08-12 13:40:51,5.0,1250,16
5721,CA3403,ZH9103,10:00:00,13:20:00,2019-08-13 16:19:19,5.0,1250,15
5799,CA3403,ZH9103,10:00:00,13:20:00,2019-08-14 14:36:29,5.0,1250,14
5873,CA3403,ZH9103,10:00:00,13:20:00,2019-08-15 15:35:08,5.0,1250,13
5949,CA3403,ZH9103,10:00:00,13:20:00,2019-08-16 14:38:19,5.0,1250,12
6028,CA3403,ZH9103,10:00:00,13:20:00,2019-08-17 15:40:17,5.0,1250,11
6101,CA3403,ZH9103,10:00:00,13:20:00,2019-08-18 15:11:31,5.0,1250,10
6177,CA3403,ZH9103,10:00:00,13:20:00,2019-08-19 16:20:04,5.0,1250,9
6255,CA3403,ZH9103,10:00:00,13:20:00,2019-08-20 14:43:48,5.0,1250,8
6329,CA3403,ZH9103,10:00:00,13:20:00,2019-08-21 17:32:48,5.0,1250,7
6404,CA3403,ZH9103,10:00:00,13:20:00,2019-08-22 16:28:58,5.0,1250,6
6483,CA3403,ZH9103,10:00:00,13:20:00,2019-08-23 15:55:02,5.0,1250,5
6556,CA3403,ZH9103,10:00:00,13:20:00,2019-08-24 17:05:07,8.6,2150,4
6632,CA3403,ZH9103,10:00:00,13:20:00,2019-08-25 17:30:52,6.6,1650,3
6710,CA3403,ZH9103,10:00:00,13:20:00,2019-08-26 15:05:42,8.6,2150,2
6784,CA3403,ZH9103,10:00:00,13:20:00,2019-08-27 15:40:16,9.3,2330,1
6828,CA3403,ZH9103,10:00:00,13:20:00,2019-08-28 13:33:40,9.3,2330,0
3356,CA3405,ZH9105,12:10:00,15:30:00,2019-07-14 14:45:41,8.6,2150,45
3398,CA3405,ZH9105,12:10:00,15:30:00,2019-07-15 15:25:10,8.6,2150,44
3440,CA3405,ZH9105,12:10:00,15:30:00,2019-07-16 14:59:25,7.6,1900,43
3597,CA3405,ZH9105,12:10:00,15:30:00,2019-07-17 14:30:16,7.6,1900,42
3676,CA3405,ZH9105,12:10:00,15:30:00,2019-07-18 15:55:41,7.6,1900,41
3756,CA3405,ZH9105,12:10:00,15:30:00,2019-07-19 14:28:48,7.6,1900,40
3798,CA3405,ZH9105,12:10:00,15:30:00,2019-07-20 14:34:15,7.6,1900,39
3917,CA3405,ZH9105,12:10:00,15:30:00,2019-07-21 14:53:23,7.6,1900,38
3996,CA3405,ZH9105,12:10:00,15:30:00,2019-07-22 15:21:01,7.6,1900,37
3998,CA3405,ZH9105,12:10:00,15:30:00,2019-07-23 15:57:44,7.6,1900,36
4156,CA3405,ZH9105,12:10:00,15:30:00,2019-07-24 15:18:09,7.6,1900,35
4236,CA3405,ZH9105,12:10:00,15:30:00,2019-07-25 15:36:09,7.6,1900,34
4278,CA3405,ZH9105,12:10:00,15:30:00,2019-07-26 14:34:20,7.6,1900,33
4396,CA3405,ZH9105,12:10:00,15:30:00,2019-07-27 15:25:12,7.6,1900,32
4477,CA3405,ZH9105,12:10:00,15:30:00,2019-07-28 15:29:32,7.6,1900,31
4556,CA3405,ZH9105,12:10:00,15:30:00,2019-07-29 15:35:15,6.6,1650,30
4636,CA3405,ZH9105,12:10:00,15:30:00,2019-07-30 14:41:01,6.6,1650,29
4678,CA3405,ZH9105,12:10:00,15:30:00,2019-07-31 15:54:28,6.6,1650,28
4797,CA3405,ZH9105,12:10:00,15:30:00,2019-08-01 15:43:43,6.6,1650,27
4876,CA3405,ZH9105,12:10:00,15:30:00,2019-08-02 15:04:40,6.6,1650,26
4878,CA3405,ZH9105,12:10:00,15:30:00,2019-08-03 14:59:45,6.6,1650,25
5036,CA3405,ZH9105,12:10:00,15:30:00,2019-08-04 15:50:36,6.6,1650,24
5116,CA3405,ZH9105,12:10:00,15:30:00,2019-08-05 15:03:12,6.6,1650,23
5159,CA3405,ZH9105,12:10:00,15:30:00,2019-08-06 14:53:02,6.6,1650,22
5276,CA3405,ZH9105,12:10:00,15:30:00,2019-08-07 15:11:18,5.5,1380,21
5302,CA3405,ZH9105,12:10:00,15:30:00,2019-08-08 15:31:40,5.5,1380,20
5436,CA3405,ZH9105,12:10:00,15:30:00,2019-08-09 15:26:23,5.0,1250,19
5510,CA3405,ZH9105,12:10:00,15:30:00,2019-08-10 16:22:22,5.0,1250,18
5583,CA3405,ZH9105,12:10:00,15:30:00,2019-08-11 15:10:04,5.0,1250,17
5661,CA3405,ZH9105,12:10:00,15:30:00,2019-08-12 13:40:51,5.0,1250,16
5737,CA3405,ZH9105,12:10:00,15:30:00,2019-08-13 16:19:19,5.0,1250,15
5739,CA3405,ZH9105,12:10:00,15:30:00,2019-08-14 14:36:29,5.0,1250,14
5889,CA3405,ZH9105,12:10:00,15:30:00,2019-08-15 15:35:08,5.0,1250,13
5965,CA3405,ZH9105,12:10:00,15:30:00,2019-08-16 14:38:19,5.0,1250,12
6005,CA3405,ZH9105,12:10:00,15:30:00,2019-08-17 15:40:17,5.0,1250,11
6117,CA3405,ZH9105,12:10:00,15:30:00,2019-08-18 15:11:31,5.0,1250,10
6193,CA3405,ZH9105,12:10:00,15:30:00,2019-08-19 16:20:04,5.0,1250,9
6195,CA3405,ZH9105,12:10:00,15:30:00,2019-08-20 14:43:48,5.0,1250,8
6344,CA3405,ZH9105,12:10:00,15:30:00,2019-08-21 17:32:48,5.0,1250,7
6420,CA3405,ZH9105,12:10:00,15:30:00,2019-08-22 16:28:58,5.0,1250,6
6460,CA3405,ZH9105,12:10:00,15:30:00,2019-08-23 15:55:02,5.0,1250,5
6572,CA3405,ZH9105,12:10:00,15:30:00,2019-08-24 17:05:07,8.6,2150,4
6648,CA3405,ZH9105,12:10:00,15:30:00,2019-08-25 17:30:52,8.6,2150,3
6650,CA3405,ZH9105,12:10:00,15:30:00,2019-08-26 15:05:42,8.6,2150,2
6800,CA3405,ZH9105,12:10:00,15:30:00,2019-08-27 15:40:16,9.3,2330,1
6844,CA3405,ZH9105,12:10:00,15:30:00,2019-08-28 13:33:40,9.3,2330,0
3298,CA3407,ZH9107,14:55:00,18:15:00,2019-07-14 14:45:41,5.5,1380,45
3378,CA3407,ZH9107,14:55:00,18:15:00,2019-07-15 15:25:10,5.5,1380,44
3499,CA3407,ZH9107,14:55:00,18:15:00,2019-07-16 14:59:25,5.5,1380,43
3538,CA3407,ZH9107,14:55:00,18:15:00,2019-07-17 14:30:16,5.5,1380,42
3618,CA3407,ZH9107,14:55:00,18:15:00,2019-07-18 15:55:41,5.5,1380,41
3698,CA3407,ZH9107,14:55:00,18:15:00,2019-07-19 14:28:48,5.5,1380,40
3778,CA3407,ZH9107,14:55:00,18:15:00,2019-07-20 14:34:15,5.5,1380,39
3858,CA3407,ZH9107,14:55:00,18:15:00,2019-07-21 14:53:23,5.5,1380,38
3938,CA3407,ZH9107,14:55:00,18:15:00,2019-07-22 15:21:01,5.5,1380,37
4018,CA3407,ZH9107,14:55:00,18:15:00,2019-07-23 15:57:44,5.5,1380,36
4098,CA3407,ZH9107,14:55:00,18:15:00,2019-07-24 15:18:09,5.5,1380,35
4178,CA3407,ZH9107,14:55:00,18:15:00,2019-07-25 15:36:09,5.5,1380,34
4258,CA3407,ZH9107,14:55:00,18:15:00,2019-07-26 14:34:20,5.5,1380,33
4338,CA3407,ZH9107,14:55:00,18:15:00,2019-07-27 15:25:12,5.5,1380,32
4418,CA3407,ZH9107,14:55:00,18:15:00,2019-07-28 15:29:32,5.5,1380,31
4498,CA3407,ZH9107,14:55:00,18:15:00,2019-07-29 15:35:15,5.5,1380,30
4578,CA3407,ZH9107,14:55:00,18:15:00,2019-07-30 14:41:01,5.5,1380,29
4658,CA3407,ZH9107,14:55:00,18:15:00,2019-07-31 15:54:28,5.5,1380,28
4738,CA3407,ZH9107,14:55:00,18:15:00,2019-08-01 15:43:43,5.5,1380,27
4818,CA3407,ZH9107,14:55:00,18:15:00,2019-08-02 15:04:40,5.5,1380,26
4898,CA3407,ZH9107,14:55:00,18:15:00,2019-08-03 14:59:45,5.5,1380,25
4978,CA3407,ZH9107,14:55:00,18:15:00,2019-08-04 15:50:36,5.5,1380,24
5058,CA3407,ZH9107,14:55:00,18:15:00,2019-08-05 15:03:12,5.5,1380,23
5138,CA3407,ZH9107,14:55:00,18:15:00,2019-08-06 14:53:02,5.5,1380,22
5217,CA3407,ZH9107,14:55:00,18:15:00,2019-08-07 15:11:18,5.0,1250,21
5323,CA3407,ZH9107,14:55:00,18:15:00,2019-08-08 15:31:40,5.0,1250,20
5378,CA3407,ZH9107,14:55:00,18:15:00,2019-08-09 15:26:23,5.0,1250,19
5456,CA3407,ZH9107,14:55:00,18:15:00,2019-08-10 16:22:22,5.0,1250,18
5512,CA3407,ZH9107,14:55:00,18:15:00,2019-08-11 15:10:04,5.0,1250,17
5607,CA3407,ZH9107,14:55:00,18:15:00,2019-08-12 13:40:51,5.0,1250,16
5683,CA3407,ZH9107,14:55:00,18:15:00,2019-08-13 16:19:19,5.0,1250,15
5759,CA3407,ZH9107,14:55:00,18:15:00,2019-08-14 14:36:29,5.0,1250,14
5835,CA3407,ZH9107,14:55:00,18:15:00,2019-08-15 15:35:08,5.0,1250,13
5911,CA3407,ZH9107,14:55:00,18:15:00,2019-08-16 14:38:19,5.0,1250,12
5987,CA3407,ZH9107,14:55:00,18:15:00,2019-08-17 15:40:17,5.0,1250,11
6063,CA3407,ZH9107,14:55:00,18:15:00,2019-08-18 15:11:31,5.0,1250,10
6139,CA3407,ZH9107,14:55:00,18:15:00,2019-08-19 16:20:04,5.0,1250,9
6215,CA3407,ZH9107,14:55:00,18:15:00,2019-08-20 14:43:48,5.0,1250,8
6291,CA3407,ZH9107,14:55:00,18:15:00,2019-08-21 17:32:48,5.0,1250,7
6366,CA3407,ZH9107,14:55:00,18:15:00,2019-08-22 16:28:58,5.0,1250,6
6442,CA3407,ZH9107,14:55:00,18:15:00,2019-08-23 15:55:02,5.0,1250,5
6517,CA3407,ZH9107,14:55:00,18:15:00,2019-08-24 17:05:07,8.6,2150,4
6594,CA3407,ZH9107,14:55:00,18:15:00,2019-08-25 17:30:52,6.6,1650,3
6670,CA3407,ZH9107,14:55:00,18:15:00,2019-08-26 15:05:42,8.6,2150,2
6746,CA3407,ZH9107,14:55:00,18:15:00,2019-08-27 15:40:16,9.3,2330,1
3335,CA3409,ZH9109,16:20:00,19:35:00,2019-07-14 14:45:41,6.6,1650,45
3418,CA3409,ZH9109,16:20:00,19:35:00,2019-07-15 15:25:10,6.6,1650,44
3461,CA3409,ZH9109,16:20:00,19:35:00,2019-07-16 14:59:25,5.5,1380,43
3576,CA3409,ZH9109,16:20:00,19:35:00,2019-07-17 14:30:16,5.5,1380,42
3655,CA3409,ZH9109,16:20:00,19:35:00,2019-07-18 15:55:41,5.5,1380,41
3735,CA3409,ZH9109,16:20:00,19:35:00,2019-07-19 14:28:48,5.5,1380,40
3818,CA3409,ZH9109,16:20:00,19:35:00,2019-07-20 14:34:15,5.5,1380,39
3896,CA3409,ZH9109,16:20:00,19:35:00,2019-07-21 14:53:23,5.5,1380,38
3975,CA3409,ZH9109,16:20:00,19:35:00,2019-07-22 15:21:01,5.5,1380,37
4057,CA3409,ZH9109,16:20:00,19:35:00,2019-07-23 15:57:44,5.5,1380,36
4135,CA3409,ZH9109,16:20:00,19:35:00,2019-07-24 15:18:09,5.5,1380,35
4215,CA3409,ZH9109,16:20:00,19:35:00,2019-07-25 15:36:09,5.5,1380,34
4298,CA3409,ZH9109,16:20:00,19:35:00,2019-07-26 14:34:20,5.5,1380,33
4375,CA3409,ZH9109,16:20:00,19:35:00,2019-07-27 15:25:12,5.5,1380,32
4456,CA3409,ZH9109,16:20:00,19:35:00,2019-07-28 15:29:32,5.5,1380,31
4535,CA3409,ZH9109,16:20:00,19:35:00,2019-07-29 15:35:15,5.5,1380,30
4615,CA3409,ZH9109,16:20:00,19:35:00,2019-07-30 14:41:01,5.5,1380,29
4698,CA3409,ZH9109,16:20:00,19:35:00,2019-07-31 15:54:28,5.5,1380,28
4776,CA3409,ZH9109,16:20:00,19:35:00,2019-08-01 15:43:43,5.5,1380,27
4855,CA3409,ZH9109,16:20:00,19:35:00,2019-08-02 15:04:40,5.5,1380,26
4937,CA3409,ZH9109,16:20:00,19:35:00,2019-08-03 14:59:45,5.5,1380,25
5015,CA3409,ZH9109,16:20:00,19:35:00,2019-08-04 15:50:36,5.5,1380,24
5095,CA3409,ZH9109,16:20:00,19:35:00,2019-08-05 15:03:12,5.5,1380,23
5179,CA3409,ZH9109,16:20:00,19:35:00,2019-08-06 14:53:02,5.0,1250,22
5255,CA3409,ZH9109,16:20:00,19:35:00,2019-08-07 15:11:18,5.0,1250,21
5281,CA3409,ZH9109,16:20:00,19:35:00,2019-08-08 15:31:40,5.0,1250,20
5416,CA3409,ZH9109,16:20:00,19:35:00,2019-08-09 15:26:23,5.0,1250,19
5492,CA3409,ZH9109,16:20:00,19:35:00,2019-08-10 16:22:22,5.0,1250,18
5563,CA3409,ZH9109,16:20:00,19:35:00,2019-08-11 15:10:04,5.0,1250,17
5642,CA3409,ZH9109,16:20:00,19:35:00,2019-08-12 13:40:51,5.0,1250,16
5718,CA3409,ZH9109,16:20:00,19:35:00,2019-08-13 16:19:19,5.0,1250,15
5796,CA3409,ZH9109,16:20:00,19:35:00,2019-08-14 14:36:29,5.0,1250,14
5870,CA3409,ZH9109,16:20:00,19:35:00,2019-08-15 15:35:08,5.0,1250,13
5946,CA3409,ZH9109,16:20:00,19:35:00,2019-08-16 14:38:19,5.0,1250,12
6025,CA3409,ZH9109,16:20:00,19:35:00,2019-08-17 15:40:17,5.0,1250,11
6098,CA3409,ZH9109,16:20:00,19:35:00,2019-08-18 15:11:31,5.0,1250,10
6174,CA3409,ZH9109,16:20:00,19:35:00,2019-08-19 16:20:04,5.0,1250,9
6252,CA3409,ZH9109,16:20:00,19:35:00,2019-08-20 14:43:48,5.0,1250,8
6326,CA3409,ZH9109,16:20:00,19:35:00,2019-08-21 17:32:48,5.0,1250,7
6401,CA3409,ZH9109,16:20:00,19:35:00,2019-08-22 16:28:58,5.0,1250,6
6480,CA3409,ZH9109,16:20:00,19:35:00,2019-08-23 15:55:02,5.0,1250,5
6553,CA3409,ZH9109,16:20:00,19:35:00,2019-08-24 17:05:07,8.6,2150,4
6629,CA3409,ZH9109,16:20:00,19:35:00,2019-08-25 17:30:52,6.6,1650,3
6707,CA3409,ZH9109,16:20:00,19:35:00,2019-08-26 15:05:42,8.6,2150,2
6781,CA3409,ZH9109,16:20:00,19:35:00,2019-08-27 15:40:16,9.3,2330,1
6825,CA3409,ZH9109,16:20:00,19:35:00,2019-08-28 13:33:40,10.0,2500,0
3308,CA3411,ZH9111,19:25:00,00:30:00,2019-07-14 14:45:41,5.0,1250,45
3386,CA3411,ZH9111,19:25:00,00:30:00,2019-07-15 15:25:10,5.0,1250,44
3489,CA3411,ZH9111,19:25:00,00:30:00,2019-07-16 14:59:25,5.0,1250,43
3548,CA3411,ZH9111,19:25:00,00:30:00,2019-07-17 14:30:16,5.0,1250,42
3628,CA3411,ZH9111,19:25:00,00:30:00,2019-07-18 15:55:41,5.0,1250,41
3708,CA3411,ZH9111,19:25:00,00:30:00,2019-07-19 14:28:48,5.0,1250,40
3788,CA3411,ZH9111,19:25:00,00:30:00,2019-07-20 14:34:15,5.0,1250,39
3868,CA3411,ZH9111,19:25:00,00:30:00,2019-07-21 14:53:23,5.0,1250,38
3948,CA3411,ZH9111,19:25:00,00:30:00,2019-07-22 15:21:01,5.0,1250,37
4028,CA3411,ZH9111,19:25:00,00:30:00,2019-07-23 15:57:44,5.0,1250,36
4108,CA3411,ZH9111,19:25:00,00:30:00,2019-07-24 15:18:09,5.0,1250,35
4188,CA3411,ZH9111,19:25:00,00:30:00,2019-07-25 15:36:09,5.0,1250,34
4268,CA3411,ZH9111,19:25:00,00:30:00,2019-07-26 14:34:20,5.0,1250,33
4348,CA3411,ZH9111,19:25:00,00:30:00,2019-07-27 15:25:12,5.0,1250,32
4428,CA3411,ZH9111,19:25:00,00:30:00,2019-07-28 15:29:32,5.0,1250,31
4508,CA3411,ZH9111,19:25:00,00:30:00,2019-07-29 15:35:15,5.0,1250,30
4588,CA3411,ZH9111,19:25:00,00:30:00,2019-07-30 14:41:01,5.0,1250,29
4668,CA3411,ZH9111,19:25:00,00:30:00,2019-07-31 15:54:28,5.0,1250,28
4748,CA3411,ZH9111,19:25:00,00:30:00,2019-08-01 15:43:43,5.0,1250,27
4828,CA3411,ZH9111,19:25:00,00:30:00,2019-08-02 15:04:40,5.0,1250,26
4908,CA3411,ZH9111,19:25:00,00:30:00,2019-08-03 14:59:45,5.0,1250,25
4988,CA3411,ZH9111,19:25:00,00:30:00,2019-08-04 15:50:36,5.0,1250,24
5068,CA3411,ZH9111,19:25:00,00:30:00,2019-08-05 15:03:12,5.0,1250,23
5148,CA3411,ZH9111,19:25:00,00:30:00,2019-08-06 14:53:02,5.0,1250,22
5227,CA3411,ZH9111,19:25:00,00:30:00,2019-08-07 15:11:18,5.0,1250,21
5333,CA3411,ZH9111,19:25:00,00:30:00,2019-08-08 15:31:40,5.0,1250,20
5388,CA3411,ZH9111,19:25:00,00:30:00,2019-08-09 15:26:23,5.0,1250,19
5464,CA3411,ZH9111,19:25:00,00:30:00,2019-08-10 16:22:22,5.0,1250,18
5535,CA3411,ZH9111,19:25:00,00:30:00,2019-08-11 15:10:04,5.0,1250,17
5615,CA3411,ZH9111,19:25:00,00:30:00,2019-08-12 13:40:51,5.0,1250,16
5691,CA3411,ZH9111,19:25:00,00:30:00,2019-08-13 16:19:19,5.0,1250,15
5767,CA3411,ZH9111,19:25:00,00:30:00,2019-08-14 14:36:29,5.0,1250,14
5843,CA3411,ZH9111,19:25:00,00:30:00,2019-08-15 15:35:08,5.0,1250,13
5919,CA3411,ZH9111,19:25:00,00:30:00,2019-08-16 14:38:19,5.0,1250,12
5995,CA3411,ZH9111,19:25:00,00:30:00,2019-08-17 15:40:17,5.0,1250,11
6071,CA3411,ZH9111,19:25:00,00:30:00,2019-08-18 15:11:31,5.0,1250,10
6147,CA3411,ZH9111,19:25:00,00:30:00,2019-08-19 16:20:04,5.0,1250,9
6223,CA3411,ZH9111,19:25:00,00:30:00,2019-08-20 14:43:48,5.0,1250,8
6299,CA3411,ZH9111,19:25:00,00:30:00,2019-08-21 17:32:48,5.0,1250,7
6374,CA3411,ZH9111,19:25:00,00:30:00,2019-08-22 16:28:58,5.0,1250,6
6450,CA3411,ZH9111,19:25:00,00:30:00,2019-08-23 15:55:02,5.0,1250,5
6525,CA3411,ZH9111,19:25:00,00:30:00,2019-08-24 17:05:07,5.0,1250,4
6602,CA3411,ZH9111,19:25:00,00:30:00,2019-08-25 17:30:52,5.0,1250,3
6678,CA3411,ZH9111,19:25:00,00:30:00,2019-08-26 15:05:42,5.0,1250,2
6754,CA3411,ZH9111,19:25:00,00:30:00,2019-08-27 15:40:16,5.0,1250,1
6849,CA3411,ZH9111,19:25:00,00:30:00,2019-08-28 13:33:40,5.0,1250,0
6892,CA3411,ZH9111,19:25:00,00:30:00,2019-08-29 16:55:42,5.0,1250,0
3297,CA3413,ZH9113,21:10:00,00:15:00,2019-07-14 14:45:41,5.0,1250,45
3377,CA3413,ZH9113,21:10:00,00:15:00,2019-07-15 15:25:10,5.0,1250,44
3500,CA3413,ZH9113,21:10:00,00:15:00,2019-07-16 14:59:25,5.0,1250,43
3537,CA3413,ZH9113,21:10:00,00:15:00,2019-07-17 14:30:16,5.0,1250,42
3617,CA3413,ZH9113,21:10:00,00:15:00,2019-07-18 15:55:41,5.0,1250,41
3697,CA3413,ZH9113,21:10:00,00:15:00,2019-07-19 14:28:48,5.0,1250,40
3777,CA3413,ZH9113,21:10:00,00:15:00,2019-07-20 14:34:15,5.0,1250,39
3857,CA3413,ZH9113,21:10:00,00:15:00,2019-07-21 14:53:23,5.0,1250,38
3937,CA3413,ZH9113,21:10:00,00:15:00,2019-07-22 15:21:01,5.0,1250,37
4017,CA3413,ZH9113,21:10:00,00:15:00,2019-07-23 15:57:44,5.0,1250,36
4097,CA3413,ZH9113,21:10:00,00:15:00,2019-07-24 15:18:09,5.0,1250,35
4177,CA3413,ZH9113,21:10:00,00:15:00,2019-07-25 15:36:09,5.0,1250,34
4257,CA3413,ZH9113,21:10:00,00:15:00,2019-07-26 14:34:20,5.0,1250,33
4337,CA3413,ZH9113,21:10:00,00:15:00,2019-07-27 15:25:12,5.0,1250,32
4417,CA3413,ZH9113,21:10:00,00:15:00,2019-07-28 15:29:32,5.0,1250,31
4497,CA3413,ZH9113,21:10:00,00:15:00,2019-07-29 15:35:15,5.0,1250,30
4577,CA3413,ZH9113,21:10:00,00:15:00,2019-07-30 14:41:01,5.0,1250,29
4657,CA3413,ZH9113,21:10:00,00:15:00,2019-07-31 15:54:28,5.0,1250,28
4737,CA3413,ZH9113,21:10:00,00:15:00,2019-08-01 15:43:43,5.0,1250,27
4817,CA3413,ZH9113,21:10:00,00:15:00,2019-08-02 15:04:40,5.0,1250,26
4897,CA3413,ZH9113,21:10:00,00:15:00,2019-08-03 14:59:45,5.0,1250,25
4977,CA3413,ZH9113,21:10:00,00:15:00,2019-08-04 15:50:36,5.0,1250,24
5057,CA3413,ZH9113,21:10:00,00:15:00,2019-08-05 15:03:12,5.0,1250,23
5137,CA3413,ZH9113,21:10:00,00:15:00,2019-08-06 14:53:02,5.0,1250,22
5216,CA3413,ZH9113,21:10:00,00:15:00,2019-08-07 15:11:18,5.0,1250,21
5322,CA3413,ZH9113,21:10:00,00:15:00,2019-08-08 15:31:40,5.0,1250,20
5377,CA3413,ZH9113,21:10:00,00:15:00,2019-08-09 15:26:23,5.0,1250,19
5455,CA3413,ZH9113,21:10:00,00:15:00,2019-08-10 16:22:22,5.0,1250,18
5586,CA3413,ZH9113,21:10:00,00:15:00,2019-08-11 15:10:04,5.0,1250,17
5606,CA3413,ZH9113,21:10:00,00:15:00,2019-08-12 13:40:51,5.0,1250,16
5682,CA3413,ZH9113,21:10:00,00:15:00,2019-08-13 16:19:19,5.0,1250,15
5758,CA3413,ZH9113,21:10:00,00:15:00,2019-08-14 14:36:29,5.0,1250,14
5834,CA3413,ZH9113,21:10:00,00:15:00,2019-08-15 15:35:08,5.0,1250,13
5910,CA3413,ZH9113,21:10:00,00:15:00,2019-08-16 14:38:19,5.0,1250,12
5986,CA3413,ZH9113,21:10:00,00:15:00,2019-08-17 15:40:17,5.0,1250,11
6062,CA3413,ZH9113,21:10:00,00:15:00,2019-08-18 15:11:31,5.0,1250,10
6138,CA3413,ZH9113,21:10:00,00:15:00,2019-08-19 16:20:04,5.0,1250,9
6214,CA3413,ZH9113,21:10:00,00:15:00,2019-08-20 14:43:48,5.0,1250,8
6290,CA3413,ZH9113,21:10:00,00:15:00,2019-08-21 17:32:48,5.0,1250,7
6365,CA3413,ZH9113,21:10:00,00:15:00,2019-08-22 16:28:58,5.0,1250,6
6441,CA3413,ZH9113,21:10:00,00:15:00,2019-08-23 15:55:02,5.0,1250,5
6516,CA3413,ZH9113,21:10:00,00:15:00,2019-08-24 17:05:07,7.6,1900,4
6593,CA3413,ZH9113,21:10:00,00:15:00,2019-08-25 17:30:52,7.6,1900,3
6669,CA3413,ZH9113,21:10:00,00:15:00,2019-08-26 15:05:42,7.6,1900,2
6745,CA3413,ZH9113,21:10:00,00:15:00,2019-08-27 15:40:16,8.6,2150,1
6820,CA3413,ZH9113,21:10:00,00:15:00,2019-08-28 13:33:40,8.6,2150,0
6884,CA3413,ZH9113,21:10:00,00:15:00,2019-08-29 16:55:42,8.6,2150,0
3303,CA868,,06:55:00,10:00:00,2019-07-14 14:45:41,9.7,2430,45
3381,CA868,,06:55:00,10:00:00,2019-07-15 15:25:10,9.7,2430,44
3494,CA868,,06:55:00,10:00:00,2019-07-16 14:59:25,9.7,2430,43
3543,CA868,,06:55:00,10:00:00,2019-07-17 14:30:16,9.7,2430,42
3623,CA868,,06:55:00,10:00:00,2019-07-18 15:55:41,9.7,2430,41
3703,CA868,,06:55:00,10:00:00,2019-07-19 14:28:48,9.7,2430,40
3783,CA868,,06:55:00,10:00:00,2019-07-20 14:34:15,9.7,2430,39
3863,CA868,,06:55:00,10:00:00,2019-07-21 14:53:23,9.7,2430,38
3943,CA868,,06:55:00,10:00:00,2019-07-22 15:21:01,9.7,2430,37
4023,CA868,,06:55:00,10:00:00,2019-07-23 15:57:44,9.7,2430,36
4103,CA868,,06:55:00,10:00:00,2019-07-24 15:18:09,9.7,2430,35
4183,CA868,,06:55:00,10:00:00,2019-07-25 15:36:09,9.7,2430,34
4263,CA868,,06:55:00,10:00:00,2019-07-26 14:34:20,9.7,2430,33
4343,CA868,,06:55:00,10:00:00,2019-07-27 15:25:12,9.7,2430,32
4423,CA868,,06:55:00,10:00:00,2019-07-28 15:29:32,9.7,2430,31
4503,CA868,,06:55:00,10:00:00,2019-07-29 15:35:15,9.7,2430,30
4583,CA868,,06:55:00,10:00:00,2019-07-30 14:41:01,9.7,2430,29
4663,CA868,,06:55:00,10:00:00,2019-07-31 15:54:28,9.7,2430,28
4743,CA868,,06:55:00,10:00:00,2019-08-01 15:43:43,9.7,2430,27
4823,CA868,,06:55:00,10:00:00,2019-08-02 15:04:40,9.7,2430,26
4903,CA868,,06:55:00,10:00:00,2019-08-03 14:59:45,9.7,2430,25
4983,CA868,,06:55:00,10:00:00,2019-08-04 15:50:36,9.7,2430,24
5063,CA868,,06:55:00,10:00:00,2019-08-05 15:03:12,9.7,2430,23
5143,CA868,,06:55:00,10:00:00,2019-08-06 14:53:02,9.7,2430,22
5222,CA868,,06:55:00,10:00:00,2019-08-07 15:11:18,9.7,2430,21
5328,CA868,,06:55:00,10:00:00,2019-08-08 15:31:40,9.7,2430,20
5383,CA868,,06:55:00,10:00:00,2019-08-09 15:26:23,9.7,2430,19
5460,CA868,,06:55:00,10:00:00,2019-08-10 16:22:22,9.7,2430,18
5531,CA868,,06:55:00,10:00:00,2019-08-11 15:10:04,9.7,2430,17
5611,CA868,,06:55:00,10:00:00,2019-08-12 13:40:51,9.7,2430,16
5687,CA868,,06:55:00,10:00:00,2019-08-13 16:19:19,9.7,2430,15
5763,CA868,,06:55:00,10:00:00,2019-08-14 14:36:29,9.7,2430,14
5839,CA868,,06:55:00,10:00:00,2019-08-15 15:35:08,9.7,2430,13
5915,CA868,,06:55:00,10:00:00,2019-08-16 14:38:19,9.7,2430,12
5991,CA868,,06:55:00,10:00:00,2019-08-17 15:40:17,9.7,2430,11
6067,CA868,,06:55:00,10:00:00,2019-08-18 15:11:31,9.7,2430,10
6143,CA868,,06:55:00,10:00:00,2019-08-19 16:20:04,9.7,2430,9
6219,CA868,,06:55:00,10:00:00,2019-08-20 14:43:48,9.7,2430,8
6295,CA868,,06:55:00,10:00:00,2019-08-21 17:32:48,9.7,2430,7
6370,CA868,,06:55:00,10:00:00,2019-08-22 16:28:58,9.7,2430,6
6446,CA868,,06:55:00,10:00:00,2019-08-23 15:55:02,9.7,2430,5
6521,CA868,,06:55:00,10:00:00,2019-08-24 17:05:07,9.7,2430,4
6598,CA868,,06:55:00,10:00:00,2019-08-25 17:30:52,9.7,2430,3
6674,CA868,,06:55:00,10:00:00,2019-08-26 15:05:42,9.7,2430,2
6750,CA868,,06:55:00,10:00:00,2019-08-27 15:40:16,9.7,2430,1
6802,CA868,,06:55:00,10:00:00,2019-08-28 13:33:40,9.7,2430,0
3336,CZ3151,,08:30:00,11:45:00,2019-07-14 14:45:41,6.2,1550,45
3419,CZ3151,,08:30:00,11:45:00,2019-07-15 15:25:10,6.2,1550,44
3460,CZ3151,,08:30:00,11:45:00,2019-07-16 14:59:25,6.2,1550,43
3577,CZ3151,,08:30:00,11:45:00,2019-07-17 14:30:16,6.2,1550,42
3656,CZ3151,,08:30:00,11:45:00,2019-07-18 15:55:41,6.2,1550,41
3736,CZ3151,,08:30:00,11:45:00,2019-07-19 14:28:48,6.2,1550,40
3819,CZ3151,,08:30:00,11:45:00,2019-07-20 14:34:15,6.2,1550,39
3897,CZ3151,,08:30:00,11:45:00,2019-07-21 14:53:23,6.2,1550,38
3976,CZ3151,,08:30:00,11:45:00,2019-07-22 15:21:01,6.2,1550,37
4058,CZ3151,,08:30:00,11:45:00,2019-07-23 15:57:44,6.2,1550,36
4136,CZ3151,,08:30:00,11:45:00,2019-07-24 15:18:09,6.2,1550,35
4216,CZ3151,,08:30:00,11:45:00,2019-07-25 15:36:09,6.2,1550,34
4299,CZ3151,,08:30:00,11:45:00,2019-07-26 14:34:20,6.2,1550,33
4376,CZ3151,,08:30:00,11:45:00,2019-07-27 15:25:12,6.2,1550,32
4457,CZ3151,,08:30:00,11:45:00,2019-07-28 15:29:32,6.2,1550,31
4536,CZ3151,,08:30:00,11:45:00,2019-07-29 15:35:15,6.2,1550,30
4616,CZ3151,,08:30:00,11:45:00,2019-07-30 14:41:01,6.2,1550,29
4699,CZ3151,,08:30:00,11:45:00,2019-07-31 15:54:28,6.2,1550,28
4777,CZ3151,,08:30:00,11:45:00,2019-08-01 15:43:43,6.2,1550,27
4856,CZ3151,,08:30:00,11:45:00,2019-08-02 15:04:40,6.2,1550,26
4938,CZ3151,,08:30:00,11:45:00,2019-08-03 14:59:45,6.2,1550,25
5016,CZ3151,,08:30:00,11:45:00,2019-08-04 15:50:36,6.2,1550,24
5096,CZ3151,,08:30:00,11:45:00,2019-08-05 15:03:12,6.2,1550,23
5180,CZ3151,,08:30:00,11:45:00,2019-08-06 14:53:02,5.2,1310,22
5256,CZ3151,,08:30:00,11:45:00,2019-08-07 15:11:18,4.8,1190,21
5282,CZ3151,,08:30:00,11:45:00,2019-08-08 15:31:40,4.8,1190,20
5417,CZ3151,,08:30:00,11:45:00,2019-08-09 15:26:23,4.2,1050,19
5493,CZ3151,,08:30:00,11:45:00,2019-08-10 16:22:22,4.2,1050,18
5564,CZ3151,,08:30:00,11:45:00,2019-08-11 15:10:04,4.2,1050,17
5643,CZ3151,,08:30:00,11:45:00,2019-08-12 13:40:51,4.2,1050,16
5719,CZ3151,,08:30:00,11:45:00,2019-08-13 16:19:19,4.2,1050,15
5797,CZ3151,,08:30:00,11:45:00,2019-08-14 14:36:29,4.2,1050,14
5871,CZ3151,,08:30:00,11:45:00,2019-08-15 15:35:08,4.2,1050,13
5947,CZ3151,,08:30:00,11:45:00,2019-08-16 14:38:19,3.5,880,12
6026,CZ3151,,08:30:00,11:45:00,2019-08-17 15:40:17,2.7,685,11
6099,CZ3151,,08:30:00,11:45:00,2019-08-18 15:11:31,2.8,690,10
6175,CZ3151,,08:30:00,11:45:00,2019-08-19 16:20:04,4.9,1228,9
6253,CZ3151,,08:30:00,11:45:00,2019-08-20 14:43:48,5.0,1240,8
6327,CZ3151,,08:30:00,11:45:00,2019-08-21 17:32:48,5.2,1310,7
6402,CZ3151,,08:30:00,11:45:00,2019-08-22 16:28:58,5.2,1310,6
6481,CZ3151,,08:30:00,11:45:00,2019-08-23 15:55:02,5.2,1310,5
6554,CZ3151,,08:30:00,11:45:00,2019-08-24 17:05:07,5.2,1300,4
6630,CZ3151,,08:30:00,11:45:00,2019-08-25 17:30:52,5.2,1310,3
6708,CZ3151,,08:30:00,11:45:00,2019-08-26 15:05:42,7.2,1790,2
6782,CZ3151,,08:30:00,11:45:00,2019-08-27 15:40:16,8.2,2040,1
6826,CZ3151,,08:30:00,11:45:00,2019-08-28 13:33:40,8.2,2040,0
3285,CZ3153,,13:30:00,16:45:00,2019-07-14 14:45:41,5.2,1310,45
3365,CZ3153,,13:30:00,16:45:00,2019-07-15 15:25:10,5.2,1310,44
3511,CZ3153,,13:30:00,16:45:00,2019-07-16 14:59:25,5.2,1310,43
3525,CZ3153,,13:30:00,16:45:00,2019-07-17 14:30:16,5.2,1310,42
3605,CZ3153,,13:30:00,16:45:00,2019-07-18 15:55:41,5.2,1310,41
3685,CZ3153,,13:30:00,16:45:00,2019-07-19 14:28:48,5.2,1310,40
3765,CZ3153,,13:30:00,16:45:00,2019-07-20 14:34:15,5.2,1310,39
3845,CZ3153,,13:30:00,16:45:00,2019-07-21 14:53:23,5.2,1310,38
3925,CZ3153,,13:30:00,16:45:00,2019-07-22 15:21:01,5.2,1310,37
4005,CZ3153,,13:30:00,16:45:00,2019-07-23 15:57:44,5.2,1310,36
4085,CZ3153,,13:30:00,16:45:00,2019-07-24 15:18:09,5.2,1310,35
4165,CZ3153,,13:30:00,16:45:00,2019-07-25 15:36:09,5.2,1310,34
4245,CZ3153,,13:30:00,16:45:00,2019-07-26 14:34:20,5.2,1310,33
4325,CZ3153,,13:30:00,16:45:00,2019-07-27 15:25:12,5.2,1310,32
4405,CZ3153,,13:30:00,16:45:00,2019-07-28 15:29:32,5.2,1310,31
4485,CZ3153,,13:30:00,16:45:00,2019-07-29 15:35:15,5.2,1310,30
4565,CZ3153,,13:30:00,16:45:00,2019-07-30 14:41:01,5.2,1310,29
4645,CZ3153,,13:30:00,16:45:00,2019-07-31 15:54:28,5.2,1310,28
4725,CZ3153,,13:30:00,16:45:00,2019-08-01 15:43:43,5.2,1310,27
4805,CZ3153,,13:30:00,16:45:00,2019-08-02 15:04:40,5.2,1310,26
4885,CZ3153,,13:30:00,16:45:00,2019-08-03 14:59:45,5.2,1310,25
4965,CZ3153,,13:30:00,16:45:00,2019-08-04 15:50:36,5.2,1310,24
5045,CZ3153,,13:30:00,16:45:00,2019-08-05 15:03:12,5.2,1310,23
5125,CZ3153,,13:30:00,16:45:00,2019-08-06 14:53:02,4.2,1050,22
5205,CZ3153,,13:30:00,16:45:00,2019-08-07 15:11:18,4.2,1050,21
5310,CZ3153,,13:30:00,16:45:00,2019-08-08 15:31:40,4.2,1050,20
5365,CZ3153,,13:30:00,16:45:00,2019-08-09 15:26:23,4.2,1050,19
5444,CZ3153,,13:30:00,16:45:00,2019-08-10 16:22:22,4.2,1050,18
5519,CZ3153,,13:30:00,16:45:00,2019-08-11 15:10:04,4.2,1050,17
5594,CZ3153,,13:30:00,16:45:00,2019-08-12 13:40:51,4.2,1050,16
5670,CZ3153,,13:30:00,16:45:00,2019-08-13 16:19:19,4.2,1050,15
5746,CZ3153,,13:30:00,16:45:00,2019-08-14 14:36:29,4.2,1050,14
5822,CZ3153,,13:30:00,16:45:00,2019-08-15 15:35:08,4.2,1050,13
5898,CZ3153,,13:30:00,16:45:00,2019-08-16 14:38:19,4.2,1050,12
5974,CZ3153,,13:30:00,16:45:00,2019-08-17 15:40:17,3.8,950,11
6050,CZ3153,,13:30:00,16:45:00,2019-08-18 15:11:31,3.8,960,10
6126,CZ3153,,13:30:00,16:45:00,2019-08-19 16:20:04,3.8,947,9
6202,CZ3153,,13:30:00,16:45:00,2019-08-20 14:43:48,3.8,960,8
6278,CZ3153,,13:30:00,16:45:00,2019-08-21 17:32:48,3.5,880,7
6353,CZ3153,,13:30:00,16:45:00,2019-08-22 16:28:58,4.2,1050,6
6429,CZ3153,,13:30:00,16:45:00,2019-08-23 15:55:02,4.2,1050,5
6505,CZ3153,,13:30:00,16:45:00,2019-08-24 17:05:07,4.2,1040,4
6581,CZ3153,,13:30:00,16:45:00,2019-08-25 17:30:52,6.2,1550,3
6657,CZ3153,,13:30:00,16:45:00,2019-08-26 15:05:42,5.2,1310,2
6733,CZ3153,,13:30:00,16:45:00,2019-08-27 15:40:16,9.1,2280,1
6809,CZ3153,,13:30:00,16:45:00,2019-08-28 13:33:40,9.1,2280,0
3343,CZ3155,,19:45:00,23:00:00,2019-07-14 14:45:41,4.0,990,45
3426,CZ3155,,19:45:00,23:00:00,2019-07-15 15:25:10,4.0,990,44
3453,CZ3155,,19:45:00,23:00:00,2019-07-16 14:59:25,4.0,990,43
3584,CZ3155,,19:45:00,23:00:00,2019-07-17 14:30:16,4.0,1000,42
3663,CZ3155,,19:45:00,23:00:00,2019-07-18 15:55:41,4.0,1000,41
3743,CZ3155,,19:45:00,23:00:00,2019-07-19 14:28:48,4.0,1000,40
3826,CZ3155,,19:45:00,23:00:00,2019-07-20 14:34:15,4.0,1000,39
3904,CZ3155,,19:45:00,23:00:00,2019-07-21 14:53:23,4.0,1000,38
3983,CZ3155,,19:45:00,23:00:00,2019-07-22 15:21:01,4.0,1000,37
4065,CZ3155,,19:45:00,23:00:00,2019-07-23 15:57:44,4.0,1000,36
4143,CZ3155,,19:45:00,23:00:00,2019-07-24 15:18:09,4.0,1000,35
4223,CZ3155,,19:45:00,23:00:00,2019-07-25 15:36:09,4.0,1000,34
4306,CZ3155,,19:45:00,23:00:00,2019-07-26 14:34:20,4.0,1000,33
4383,CZ3155,,19:45:00,23:00:00,2019-07-27 15:25:12,4.0,1000,32
4464,CZ3155,,19:45:00,23:00:00,2019-07-28 15:29:32,4.0,1000,31
4543,CZ3155,,19:45:00,23:00:00,2019-07-29 15:35:15,4.0,1000,30
4623,CZ3155,,19:45:00,23:00:00,2019-07-30 14:41:01,4.0,1000,29
4706,CZ3155,,19:45:00,23:00:00,2019-07-31 15:54:28,4.0,1000,28
4784,CZ3155,,19:45:00,23:00:00,2019-08-01 15:43:43,4.0,1000,27
4863,CZ3155,,19:45:00,23:00:00,2019-08-02 15:04:40,4.0,1000,26
4945,CZ3155,,19:45:00,23:00:00,2019-08-03 14:59:45,4.0,1000,25
5023,CZ3155,,19:45:00,23:00:00,2019-08-04 15:50:36,4.0,1000,24
5103,CZ3155,,19:45:00,23:00:00,2019-08-05 15:03:12,4.0,1000,23
5187,CZ3155,,19:45:00,23:00:00,2019-08-06 14:53:02,4.0,1000,22
5263,CZ3155,,19:45:00,23:00:00,2019-08-07 15:11:18,3.0,754,21
5289,CZ3155,,19:45:00,23:00:00,2019-08-08 15:31:40,3.0,750,20
5424,CZ3155,,19:45:00,23:00:00,2019-08-09 15:26:23,3.0,759,19
5498,CZ3155,,19:45:00,23:00:00,2019-08-10 16:22:22,3.0,759,18
5569,CZ3155,,19:45:00,23:00:00,2019-08-11 15:10:04,3.0,750,17
5649,CZ3155,,19:45:00,23:00:00,2019-08-12 13:40:51,3.0,750,16
5724,CZ3155,,19:45:00,23:00:00,2019-08-13 16:19:19,3.0,761,15
5802,CZ3155,,19:45:00,23:00:00,2019-08-14 14:36:29,3.0,751,14
5876,CZ3155,,19:45:00,23:00:00,2019-08-15 15:35:08,3.0,750,13
5953,CZ3155,,19:45:00,23:00:00,2019-08-16 14:38:19,3.0,750,12
6031,CZ3155,,19:45:00,23:00:00,2019-08-17 15:40:17,2.7,685,11
6105,CZ3155,,19:45:00,23:00:00,2019-08-18 15:11:31,2.8,690,10
6181,CZ3155,,19:45:00,23:00:00,2019-08-19 16:20:04,3.2,803,9
6259,CZ3155,,19:45:00,23:00:00,2019-08-20 14:43:48,2.8,690,8
6333,CZ3155,,19:45:00,23:00:00,2019-08-21 17:32:48,3.0,750,7
6408,CZ3155,,19:45:00,23:00:00,2019-08-22 16:28:58,3.5,880,6
6487,CZ3155,,19:45:00,23:00:00,2019-08-23 15:55:02,3.5,880,5
6560,CZ3155,,19:45:00,23:00:00,2019-08-24 17:05:07,4.0,990,4
6635,CZ3155,,19:45:00,23:00:00,2019-08-25 17:30:52,8.2,2040,3
6714,CZ3155,,19:45:00,23:00:00,2019-08-26 15:05:42,8.2,2040,2
6787,CZ3155,,19:45:00,23:00:00,2019-08-27 15:40:16,9.1,2280,1
6832,CZ3155,,19:45:00,23:00:00,2019-08-28 13:33:40,4.9,1230,0
6887,CZ3155,,19:45:00,23:00:00,2019-08-29 16:55:42,9.1,2280,0
3316,CZ3157,,16:25:00,19:40:00,2019-07-14 14:45:41,5.2,1310,45
3394,CZ3157,,16:25:00,19:40:00,2019-07-15 15:25:10,5.2,1310,44
3481,CZ3157,,16:25:00,19:40:00,2019-07-16 14:59:25,5.2,1310,43
3556,CZ3157,,16:25:00,19:40:00,2019-07-17 14:30:16,5.2,1310,42
3636,CZ3157,,16:25:00,19:40:00,2019-07-18 15:55:41,5.2,1310,41
3716,CZ3157,,16:25:00,19:40:00,2019-07-19 14:28:48,5.2,1310,40
3796,CZ3157,,16:25:00,19:40:00,2019-07-20 14:34:15,5.2,1310,39
3876,CZ3157,,16:25:00,19:40:00,2019-07-21 14:53:23,5.2,1310,38
3956,CZ3157,,16:25:00,19:40:00,2019-07-22 15:21:01,5.2,1310,37
4036,CZ3157,,16:25:00,19:40:00,2019-07-23 15:57:44,5.2,1310,36
4116,CZ3157,,16:25:00,19:40:00,2019-07-24 15:18:09,5.2,1310,35
4196,CZ3157,,16:25:00,19:40:00,2019-07-25 15:36:09,5.2,1310,34
4276,CZ3157,,16:25:00,19:40:00,2019-07-26 14:34:20,5.2,1310,33
4356,CZ3157,,16:25:00,19:40:00,2019-07-27 15:25:12,5.2,1310,32
4436,CZ3157,,16:25:00,19:40:00,2019-07-28 15:29:32,5.2,1310,31
4516,CZ3157,,16:25:00,19:40:00,2019-07-29 15:35:15,5.2,1310,30
4596,CZ3157,,16:25:00,19:40:00,2019-07-30 14:41:01,5.2,1310,29
4676,CZ3157,,16:25:00,19:40:00,2019-07-31 15:54:28,5.2,1310,28
4756,CZ3157,,16:25:00,19:40:00,2019-08-01 15:43:43,5.2,1310,27
4836,CZ3157,,16:25:00,19:40:00,2019-08-02 15:04:40,5.2,1310,26
4916,CZ3157,,16:25:00,19:40:00,2019-08-03 14:59:45,5.2,1310,25
4996,CZ3157,,16:25:00,19:40:00,2019-08-04 15:50:36,5.2,1310,24
5076,CZ3157,,16:25:00,19:40:00,2019-08-05 15:03:12,4.2,1050,23
5156,CZ3157,,16:25:00,19:40:00,2019-08-06 14:53:02,4.2,1050,22
5235,CZ3157,,16:25:00,19:40:00,2019-08-07 15:11:18,4.2,1050,21
5341,CZ3157,,16:25:00,19:40:00,2019-08-08 15:31:40,4.2,1050,20
5396,CZ3157,,16:25:00,19:40:00,2019-08-09 15:26:23,3.5,880,19
5472,CZ3157,,16:25:00,19:40:00,2019-08-10 16:22:22,3.5,880,18
5543,CZ3157,,16:25:00,19:40:00,2019-08-11 15:10:04,3.5,880,17
5622,CZ3157,,16:25:00,19:40:00,2019-08-12 13:40:51,3.5,880,16
5699,CZ3157,,16:25:00,19:40:00,2019-08-13 16:19:19,4.2,1050,15
5775,CZ3157,,16:25:00,19:40:00,2019-08-14 14:36:29,4.2,1050,14
5851,CZ3157,,16:25:00,19:40:00,2019-08-15 15:35:08,4.2,1050,13
5927,CZ3157,,16:25:00,19:40:00,2019-08-16 14:38:19,4.2,1050,12
6003,CZ3157,,16:25:00,19:40:00,2019-08-17 15:40:17,3.8,950,11
6079,CZ3157,,16:25:00,19:40:00,2019-08-18 15:11:31,3.8,960,10
6155,CZ3157,,16:25:00,19:40:00,2019-08-19 16:20:04,3.2,803,9
6231,CZ3157,,16:25:00,19:40:00,2019-08-20 14:43:48,3.2,810,8
6307,CZ3157,,16:25:00,19:40:00,2019-08-21 17:32:48,3.5,880,7
6382,CZ3157,,16:25:00,19:40:00,2019-08-22 16:28:58,3.5,880,6
6458,CZ3157,,16:25:00,19:40:00,2019-08-23 15:55:02,3.5,880,5
6533,CZ3157,,16:25:00,19:40:00,2019-08-24 17:05:07,3.5,875,4
6610,CZ3157,,16:25:00,19:40:00,2019-08-25 17:30:52,6.2,1550,3
6686,CZ3157,,16:25:00,19:40:00,2019-08-26 15:05:42,8.2,2040,2
6762,CZ3157,,16:25:00,19:40:00,2019-08-27 15:40:16,9.1,2280,1
6857,CZ3157,,16:25:00,19:40:00,2019-08-28 13:33:40,8.6,2150,0
3313,CZ3159,,10:30:00,13:45:00,2019-07-14 14:45:41,7.2,1790,45
3391,CZ3159,,10:30:00,13:45:00,2019-07-15 15:25:10,7.2,1790,44
3484,CZ3159,,10:30:00,13:45:00,2019-07-16 14:59:25,7.2,1790,43
3553,CZ3159,,10:30:00,13:45:00,2019-07-17 14:30:16,7.2,1790,42
3633,CZ3159,,10:30:00,13:45:00,2019-07-18 15:55:41,7.2,1790,41
3713,CZ3159,,10:30:00,13:45:00,2019-07-19 14:28:48,7.2,1790,40
3793,CZ3159,,10:30:00,13:45:00,2019-07-20 14:34:15,7.2,1790,39
3873,CZ3159,,10:30:00,13:45:00,2019-07-21 14:53:23,7.2,1790,38
3953,CZ3159,,10:30:00,13:45:00,2019-07-22 15:21:01,7.2,1790,37
4033,CZ3159,,10:30:00,13:45:00,2019-07-23 15:57:44,7.2,1790,36
4113,CZ3159,,10:30:00,13:45:00,2019-07-24 15:18:09,7.2,1790,35
4193,CZ3159,,10:30:00,13:45:00,2019-07-25 15:36:09,7.2,1790,34
4273,CZ3159,,10:30:00,13:45:00,2019-07-26 14:34:20,7.2,1790,33
4353,CZ3159,,10:30:00,13:45:00,2019-07-27 15:25:12,7.2,1790,32
4433,CZ3159,,10:30:00,13:45:00,2019-07-28 15:29:32,7.2,1790,31
4513,CZ3159,,10:30:00,13:45:00,2019-07-29 15:35:15,7.2,1790,30
4593,CZ3159,,10:30:00,13:45:00,2019-07-30 14:41:01,6.2,1550,29
4673,CZ3159,,10:30:00,13:45:00,2019-07-31 15:54:28,6.2,1550,28
4753,CZ3159,,10:30:00,13:45:00,2019-08-01 15:43:43,6.2,1550,27
4833,CZ3159,,10:30:00,13:45:00,2019-08-02 15:04:40,6.2,1550,26
4913,CZ3159,,10:30:00,13:45:00,2019-08-03 14:59:45,6.2,1550,25
4993,CZ3159,,10:30:00,13:45:00,2019-08-04 15:50:36,6.2,1550,24
5073,CZ3159,,10:30:00,13:45:00,2019-08-05 15:03:12,6.2,1550,23
5153,CZ3159,,10:30:00,13:45:00,2019-08-06 14:53:02,5.2,1310,22
5232,CZ3159,,10:30:00,13:45:00,2019-08-07 15:11:18,5.2,1310,21
5338,CZ3159,,10:30:00,13:45:00,2019-08-08 15:31:40,5.2,1310,20
5393,CZ3159,,10:30:00,13:45:00,2019-08-09 15:26:23,4.2,1050,19
5469,CZ3159,,10:30:00,13:45:00,2019-08-10 16:22:22,5.2,1310,18
5540,CZ3159,,10:30:00,13:45:00,2019-08-11 15:10:04,5.2,1310,17
5620,CZ3159,,10:30:00,13:45:00,2019-08-12 13:40:51,5.2,1310,16
5696,CZ3159,,10:30:00,13:45:00,2019-08-13 16:19:19,5.2,1310,15
5772,CZ3159,,10:30:00,13:45:00,2019-08-14 14:36:29,5.2,1310,14
5848,CZ3159,,10:30:00,13:45:00,2019-08-15 15:35:08,5.2,1310,13
5924,CZ3159,,10:30:00,13:45:00,2019-08-16 14:38:19,5.2,1310,12
6000,CZ3159,,10:30:00,13:45:00,2019-08-17 15:40:17,4.9,1230,11
6076,CZ3159,,10:30:00,13:45:00,2019-08-18 15:11:31,5.0,1240,10
6152,CZ3159,,10:30:00,13:45:00,2019-08-19 16:20:04,4.9,1226,9
6228,CZ3159,,10:30:00,13:45:00,2019-08-20 14:43:48,5.0,1240,8
6304,CZ3159,,10:30:00,13:45:00,2019-08-21 17:32:48,5.2,1310,7
6379,CZ3159,,10:30:00,13:45:00,2019-08-22 16:28:58,5.2,1310,6
6455,CZ3159,,10:30:00,13:45:00,2019-08-23 15:55:02,5.2,1310,5
6530,CZ3159,,10:30:00,13:45:00,2019-08-24 17:05:07,5.2,1300,4
6607,CZ3159,,10:30:00,13:45:00,2019-08-25 17:30:52,8.2,2040,3
6683,CZ3159,,10:30:00,13:45:00,2019-08-26 15:05:42,8.2,2040,2
6759,CZ3159,,10:30:00,13:45:00,2019-08-27 15:40:16,9.1,2280,1
6854,CZ3159,,10:30:00,13:45:00,2019-08-28 13:33:40,9.1,2280,0
3323,CZ3171,,20:40:00,00:05:00,2019-07-14 14:45:41,4.0,990,45
3406,CZ3171,,20:40:00,00:05:00,2019-07-15 15:25:10,4.0,990,44
3473,CZ3171,,20:40:00,00:05:00,2019-07-16 14:59:25,4.0,990,43
3564,CZ3171,,20:40:00,00:05:00,2019-07-17 14:30:16,4.0,1000,42
3643,CZ3171,,20:40:00,00:05:00,2019-07-18 15:55:41,4.0,1000,41
3723,CZ3171,,20:40:00,00:05:00,2019-07-19 14:28:48,3.5,880,40
3806,CZ3171,,20:40:00,00:05:00,2019-07-20 14:34:15,3.5,880,39
3884,CZ3171,,20:40:00,00:05:00,2019-07-21 14:53:23,3.5,880,38
3963,CZ3171,,20:40:00,00:05:00,2019-07-22 15:21:01,3.5,880,37
4045,CZ3171,,20:40:00,00:05:00,2019-07-23 15:57:44,3.5,880,36
4123,CZ3171,,20:40:00,00:05:00,2019-07-24 15:18:09,3.5,880,35
4203,CZ3171,,20:40:00,00:05:00,2019-07-25 15:36:09,3.5,880,34
4286,CZ3171,,20:40:00,00:05:00,2019-07-26 14:34:20,3.5,880,33
4363,CZ3171,,20:40:00,00:05:00,2019-07-27 15:25:12,3.5,880,32
4444,CZ3171,,20:40:00,00:05:00,2019-07-28 15:29:32,3.5,880,31
4523,CZ3171,,20:40:00,00:05:00,2019-07-29 15:35:15,3.5,880,30
4603,CZ3171,,20:40:00,00:05:00,2019-07-30 14:41:01,4.0,1000,29
4686,CZ3171,,20:40:00,00:05:00,2019-07-31 15:54:28,4.0,1000,28
4764,CZ3171,,20:40:00,00:05:00,2019-08-01 15:43:43,4.0,1000,27
4843,CZ3171,,20:40:00,00:05:00,2019-08-02 15:04:40,3.5,880,26
4925,CZ3171,,20:40:00,00:05:00,2019-08-03 14:59:45,3.5,887,25
5003,CZ3171,,20:40:00,00:05:00,2019-08-04 15:50:36,3.6,905,24
5083,CZ3171,,20:40:00,00:05:00,2019-08-05 15:03:12,3.6,899,23
5167,CZ3171,,20:40:00,00:05:00,2019-08-06 14:53:02,3.5,880,22
5243,CZ3171,,20:40:00,00:05:00,2019-08-07 15:11:18,3.1,769,21
5349,CZ3171,,20:40:00,00:05:00,2019-08-08 15:31:40,3.0,750,20
5404,CZ3171,,20:40:00,00:05:00,2019-08-09 15:26:23,3.1,768,19
5480,CZ3171,,20:40:00,00:05:00,2019-08-10 16:22:22,3.0,753,18
5551,CZ3171,,20:40:00,00:05:00,2019-08-11 15:10:04,3.0,750,17
5630,CZ3171,,20:40:00,00:05:00,2019-08-12 13:40:51,3.0,750,16
5706,CZ3171,,20:40:00,00:05:00,2019-08-13 16:19:19,3.0,753,15
5784,CZ3171,,20:40:00,00:05:00,2019-08-14 14:36:29,3.1,763,14
5858,CZ3171,,20:40:00,00:05:00,2019-08-15 15:35:08,3.0,750,13
5934,CZ3171,,20:40:00,00:05:00,2019-08-16 14:38:19,3.0,750,12
6013,CZ3171,,20:40:00,00:05:00,2019-08-17 15:40:17,2.7,685,11
6043,CZ3171,,20:40:00,00:05:00,2019-08-18 15:11:31,2.8,690,10
6162,CZ3171,,20:40:00,00:05:00,2019-08-19 16:20:04,2.7,683,9
6240,CZ3171,,20:40:00,00:05:00,2019-08-20 14:43:48,2.8,690,8
6314,CZ3171,,20:40:00,00:05:00,2019-08-21 17:32:48,3.0,750,7
6389,CZ3171,,20:40:00,00:05:00,2019-08-22 16:28:58,3.0,762,6
6468,CZ3171,,20:40:00,00:05:00,2019-08-23 15:55:02,3.5,880,5
6541,CZ3171,,20:40:00,00:05:00,2019-08-24 17:05:07,3.5,875,4
6617,CZ3171,,20:40:00,00:05:00,2019-08-25 17:30:52,7.2,1790,3
6695,CZ3171,,20:40:00,00:05:00,2019-08-26 15:05:42,7.2,1790,2
6770,CZ3171,,20:40:00,00:05:00,2019-08-27 15:40:16,8.2,2040,1
6864,CZ3171,,20:40:00,00:05:00,2019-08-28 13:33:40,8.2,2040,0
6894,CZ3171,,20:40:00,00:05:00,2019-08-29 16:55:42,8.2,2040,0
3306,CZ3189,,15:25:00,18:35:00,2019-07-14 14:45:41,5.2,1310,45
3384,CZ3189,,15:25:00,18:35:00,2019-07-15 15:25:10,5.2,1310,44
3491,CZ3189,,15:25:00,18:35:00,2019-07-16 14:59:25,5.2,1310,43
3546,CZ3189,,15:25:00,18:35:00,2019-07-17 14:30:16,5.2,1310,42
3626,CZ3189,,15:25:00,18:35:00,2019-07-18 15:55:41,5.2,1310,41
3706,CZ3189,,15:25:00,18:35:00,2019-07-19 14:28:48,5.2,1310,40
3786,CZ3189,,15:25:00,18:35:00,2019-07-20 14:34:15,5.2,1310,39
3866,CZ3189,,15:25:00,18:35:00,2019-07-21 14:53:23,5.2,1310,38
3946,CZ3189,,15:25:00,18:35:00,2019-07-22 15:21:01,5.2,1310,37
4026,CZ3189,,15:25:00,18:35:00,2019-07-23 15:57:44,5.2,1310,36
4106,CZ3189,,15:25:00,18:35:00,2019-07-24 15:18:09,5.2,1310,35
4186,CZ3189,,15:25:00,18:35:00,2019-07-25 15:36:09,5.2,1310,34
4266,CZ3189,,15:25:00,18:35:00,2019-07-26 14:34:20,5.2,1310,33
4346,CZ3189,,15:25:00,18:35:00,2019-07-27 15:25:12,5.2,1310,32
4426,CZ3189,,15:25:00,18:35:00,2019-07-28 15:29:32,5.2,1310,31
4506,CZ3189,,15:25:00,18:35:00,2019-07-29 15:35:15,5.2,1310,30
4586,CZ3189,,15:25:00,18:35:00,2019-07-30 14:41:01,5.2,1310,29
4666,CZ3189,,15:25:00,18:35:00,2019-07-31 15:54:28,5.2,1310,28
4746,CZ3189,,15:25:00,18:35:00,2019-08-01 15:43:43,5.2,1310,27
4826,CZ3189,,15:25:00,18:35:00,2019-08-02 15:04:40,5.2,1310,26
4906,CZ3189,,15:25:00,18:35:00,2019-08-03 14:59:45,5.2,1310,25
4986,CZ3189,,15:25:00,18:35:00,2019-08-04 15:50:36,5.2,1310,24
5066,CZ3189,,15:25:00,18:35:00,2019-08-05 15:03:12,5.2,1310,23
5146,CZ3189,,15:25:00,18:35:00,2019-08-06 14:53:02,4.2,1050,22
5225,CZ3189,,15:25:00,18:35:00,2019-08-07 15:11:18,4.2,1050,21
5331,CZ3189,,15:25:00,18:35:00,2019-08-08 15:31:40,4.2,1050,20
5386,CZ3189,,15:25:00,18:35:00,2019-08-09 15:26:23,4.2,1050,19
3281,CZ3191,,17:40:00,20:55:00,2019-07-14 14:45:41,4.8,1190,45
3361,CZ3191,,17:40:00,20:55:00,2019-07-15 15:25:10,4.8,1190,44
3515,CZ3191,,17:40:00,20:55:00,2019-07-16 14:59:25,4.8,1190,43
3521,CZ3191,,17:40:00,20:55:00,2019-07-17 14:30:16,4.2,1050,42
3601,CZ3191,,17:40:00,20:55:00,2019-07-18 15:55:41,4.2,1050,41
3681,CZ3191,,17:40:00,20:55:00,2019-07-19 14:28:48,4.2,1050,40
3761,CZ3191,,17:40:00,20:55:00,2019-07-20 14:34:15,4.2,1050,39
3841,CZ3191,,17:40:00,20:55:00,2019-07-21 14:53:23,4.2,1050,38
3921,CZ3191,,17:40:00,20:55:00,2019-07-22 15:21:01,4.2,1050,37
4001,CZ3191,,17:40:00,20:55:00,2019-07-23 15:57:44,4.2,1050,36
4081,CZ3191,,17:40:00,20:55:00,2019-07-24 15:18:09,4.2,1050,35
4161,CZ3191,,17:40:00,20:55:00,2019-07-25 15:36:09,4.2,1050,34
4241,CZ3191,,17:40:00,20:55:00,2019-07-26 14:34:20,4.2,1050,33
4321,CZ3191,,17:40:00,20:55:00,2019-07-27 15:25:12,4.2,1050,32
4401,CZ3191,,17:40:00,20:55:00,2019-07-28 15:29:32,4.2,1050,31
4481,CZ3191,,17:40:00,20:55:00,2019-07-29 15:35:15,4.2,1050,30
4561,CZ3191,,17:40:00,20:55:00,2019-07-30 14:41:01,4.2,1050,29
4641,CZ3191,,17:40:00,20:55:00,2019-07-31 15:54:28,4.2,1050,28
4721,CZ3191,,17:40:00,20:55:00,2019-08-01 15:43:43,4.2,1050,27
4801,CZ3191,,17:40:00,20:55:00,2019-08-02 15:04:40,4.2,1050,26
4881,CZ3191,,17:40:00,20:55:00,2019-08-03 14:59:45,4.2,1050,25
4961,CZ3191,,17:40:00,20:55:00,2019-08-04 15:50:36,4.2,1050,24
5041,CZ3191,,17:40:00,20:55:00,2019-08-05 15:03:12,4.2,1050,23
5121,CZ3191,,17:40:00,20:55:00,2019-08-06 14:53:02,4.2,1050,22
5201,CZ3191,,17:40:00,20:55:00,2019-08-07 15:11:18,3.5,880,21
5306,CZ3191,,17:40:00,20:55:00,2019-08-08 15:31:40,3.5,880,20
5361,CZ3191,,17:40:00,20:55:00,2019-08-09 15:26:23,3.0,757,19
5440,CZ3191,,17:40:00,20:55:00,2019-08-10 16:22:22,3.0,755,18
5515,CZ3191,,17:40:00,20:55:00,2019-08-11 15:10:04,3.5,880,17
5590,CZ3191,,17:40:00,20:55:00,2019-08-12 13:40:51,4.2,1050,16
5666,CZ3191,,17:40:00,20:55:00,2019-08-13 16:19:19,4.2,1050,15
5742,CZ3191,,17:40:00,20:55:00,2019-08-14 14:36:29,4.2,1050,14
5818,CZ3191,,17:40:00,20:55:00,2019-08-15 15:35:08,4.2,1050,13
5894,CZ3191,,17:40:00,20:55:00,2019-08-16 14:38:19,4.2,1050,12
5970,CZ3191,,17:40:00,20:55:00,2019-08-17 15:40:17,3.2,805,11
6046,CZ3191,,17:40:00,20:55:00,2019-08-18 15:11:31,3.2,810,10
6122,CZ3191,,17:40:00,20:55:00,2019-08-19 16:20:04,3.8,947,9
6198,CZ3191,,17:40:00,20:55:00,2019-08-20 14:43:48,3.2,810,8
6274,CZ3191,,17:40:00,20:55:00,2019-08-21 17:32:48,3.5,880,7
6349,CZ3191,,17:40:00,20:55:00,2019-08-22 16:28:58,3.5,880,6
6425,CZ3191,,17:40:00,20:55:00,2019-08-23 15:55:02,3.5,880,5
6501,CZ3191,,17:40:00,20:55:00,2019-08-24 17:05:07,3.0,745,4
6577,CZ3191,,17:40:00,20:55:00,2019-08-25 17:30:52,8.2,2040,3
6653,CZ3191,,17:40:00,20:55:00,2019-08-26 15:05:42,8.2,2040,2
6729,CZ3191,,17:40:00,20:55:00,2019-08-27 15:40:16,9.1,2280,1
6805,CZ3191,,17:40:00,20:55:00,2019-08-28 13:33:40,9.1,2280,0
3290,CZ3193,,12:15:00,15:30:00,2019-07-14 14:45:41,7.2,1790,45
3370,CZ3193,,12:15:00,15:30:00,2019-07-15 15:25:10,7.2,1790,44
3507,CZ3193,,12:15:00,15:30:00,2019-07-16 14:59:25,7.2,1790,43
3530,CZ3193,,12:15:00,15:30:00,2019-07-17 14:30:16,7.2,1790,42
3610,CZ3193,,12:15:00,15:30:00,2019-07-18 15:55:41,7.2,1790,41
3690,CZ3193,,12:15:00,15:30:00,2019-07-19 14:28:48,7.2,1790,40
3770,CZ3193,,12:15:00,15:30:00,2019-07-20 14:34:15,7.2,1790,39
3850,CZ3193,,12:15:00,15:30:00,2019-07-21 14:53:23,7.2,1790,38
3930,CZ3193,,12:15:00,15:30:00,2019-07-22 15:21:01,7.2,1790,37
4010,CZ3193,,12:15:00,15:30:00,2019-07-23 15:57:44,7.2,1790,36
4090,CZ3193,,12:15:00,15:30:00,2019-07-24 15:18:09,7.2,1790,35
4170,CZ3193,,12:15:00,15:30:00,2019-07-25 15:36:09,7.2,1790,34
4250,CZ3193,,12:15:00,15:30:00,2019-07-26 14:34:20,7.2,1790,33
4330,CZ3193,,12:15:00,15:30:00,2019-07-27 15:25:12,7.2,1790,32
4410,CZ3193,,12:15:00,15:30:00,2019-07-28 15:29:32,7.2,1790,31
4490,CZ3193,,12:15:00,15:30:00,2019-07-29 15:35:15,6.2,1550,30
4570,CZ3193,,12:15:00,15:30:00,2019-07-30 14:41:01,6.2,1550,29
4650,CZ3193,,12:15:00,15:30:00,2019-07-31 15:54:28,6.2,1550,28
4730,CZ3193,,12:15:00,15:30:00,2019-08-01 15:43:43,6.2,1550,27
4810,CZ3193,,12:15:00,15:30:00,2019-08-02 15:04:40,6.2,1550,26
4890,CZ3193,,12:15:00,15:30:00,2019-08-03 14:59:45,6.2,1550,25
4970,CZ3193,,12:15:00,15:30:00,2019-08-04 15:50:36,6.2,1550,24
5050,CZ3193,,12:15:00,15:30:00,2019-08-05 15:03:12,6.2,1550,23
5130,CZ3193,,12:15:00,15:30:00,2019-08-06 14:53:02,5.2,1310,22
5209,CZ3193,,12:15:00,15:30:00,2019-08-07 15:11:18,4.8,1190,21
5315,CZ3193,,12:15:00,15:30:00,2019-08-08 15:31:40,4.8,1190,20
5370,CZ3193,,12:15:00,15:30:00,2019-08-09 15:26:23,4.2,1050,19
5448,CZ3193,,12:15:00,15:30:00,2019-08-10 16:22:22,4.2,1050,18
5523,CZ3193,,12:15:00,15:30:00,2019-08-11 15:10:04,4.2,1050,17
5599,CZ3193,,12:15:00,15:30:00,2019-08-12 13:40:51,4.2,1050,16
5675,CZ3193,,12:15:00,15:30:00,2019-08-13 16:19:19,4.2,1050,15
5751,CZ3193,,12:15:00,15:30:00,2019-08-14 14:36:29,4.2,1050,14
5827,CZ3193,,12:15:00,15:30:00,2019-08-15 15:35:08,4.2,1050,13
5903,CZ3193,,12:15:00,15:30:00,2019-08-16 14:38:19,4.2,1050,12
5979,CZ3193,,12:15:00,15:30:00,2019-08-17 15:40:17,3.8,950,11
6055,CZ3193,,12:15:00,15:30:00,2019-08-18 15:11:31,3.8,960,10
6131,CZ3193,,12:15:00,15:30:00,2019-08-19 16:20:04,3.2,810,9
6207,CZ3193,,12:15:00,15:30:00,2019-08-20 14:43:48,3.2,810,8
6283,CZ3193,,12:15:00,15:30:00,2019-08-21 17:32:48,3.5,880,7
6358,CZ3193,,12:15:00,15:30:00,2019-08-22 16:28:58,4.2,1050,6
6434,CZ3193,,12:15:00,15:30:00,2019-08-23 15:55:02,4.2,1050,5
6509,CZ3193,,12:15:00,15:30:00,2019-08-24 17:05:07,4.7,1180,4
6586,CZ3193,,12:15:00,15:30:00,2019-08-25 17:30:52,8.2,2040,3
6662,CZ3193,,12:15:00,15:30:00,2019-08-26 15:05:42,8.2,2040,2
6738,CZ3193,,12:15:00,15:30:00,2019-08-27 15:40:16,9.1,2280,1
6813,CZ3193,,12:15:00,15:30:00,2019-08-28 13:33:40,9.1,2280,0
3349,CZ3255,,14:10:00,19:20:00,2019-07-14 14:45:41,5.2,1310,45
3432,CZ3255,,14:10:00,19:20:00,2019-07-15 15:25:10,5.2,1310,44
3447,CZ3255,,14:10:00,19:20:00,2019-07-16 14:59:25,5.2,1310,43
3590,CZ3255,,14:10:00,19:20:00,2019-07-17 14:30:16,5.2,1310,42
3669,CZ3255,,14:10:00,19:20:00,2019-07-18 15:55:41,5.2,1310,41
3749,CZ3255,,14:10:00,19:20:00,2019-07-19 14:28:48,5.2,1310,40
3832,CZ3255,,14:10:00,19:20:00,2019-07-20 14:34:15,5.2,1310,39
3910,CZ3255,,14:10:00,19:20:00,2019-07-21 14:53:23,5.2,1310,38
3989,CZ3255,,14:10:00,19:20:00,2019-07-22 15:21:01,5.2,1310,37
4071,CZ3255,,14:10:00,19:20:00,2019-07-23 15:57:44,5.2,1310,36
4149,CZ3255,,14:10:00,19:20:00,2019-07-24 15:18:09,5.2,1310,35
4229,CZ3255,,14:10:00,19:20:00,2019-07-25 15:36:09,5.2,1310,34
4312,CZ3255,,14:10:00,19:20:00,2019-07-26 14:34:20,5.2,1310,33
4389,CZ3255,,14:10:00,19:20:00,2019-07-27 15:25:12,5.2,1310,32
4470,CZ3255,,14:10:00,19:20:00,2019-07-28 15:29:32,5.2,1310,31
4549,CZ3255,,14:10:00,19:20:00,2019-07-29 15:35:15,5.2,1310,30
4629,CZ3255,,14:10:00,19:20:00,2019-07-30 14:41:01,5.2,1310,29
4712,CZ3255,,14:10:00,19:20:00,2019-07-31 15:54:28,5.2,1310,28
4790,CZ3255,,14:10:00,19:20:00,2019-08-01 15:43:43,5.2,1310,27
4869,CZ3255,,14:10:00,19:20:00,2019-08-02 15:04:40,5.2,1310,26
4951,CZ3255,,14:10:00,19:20:00,2019-08-03 14:59:45,5.2,1310,25
5029,CZ3255,,14:10:00,19:20:00,2019-08-04 15:50:36,5.2,1310,24
5109,CZ3255,,14:10:00,19:20:00,2019-08-05 15:03:12,5.2,1310,23
5193,CZ3255,,14:10:00,19:20:00,2019-08-06 14:53:02,5.2,1310,22
5269,CZ3255,,14:10:00,19:20:00,2019-08-07 15:11:18,5.2,1310,21
5295,CZ3255,,14:10:00,19:20:00,2019-08-08 15:31:40,5.2,1310,20
5430,CZ3255,,14:10:00,19:20:00,2019-08-09 15:26:23,5.2,1310,19
5504,CZ3255,,14:10:00,19:20:00,2019-08-10 16:22:22,5.2,1310,18
5577,CZ3255,,14:10:00,19:20:00,2019-08-11 15:10:04,5.2,1310,17
5655,CZ3255,,14:10:00,19:20:00,2019-08-12 13:40:51,5.2,1310,16
5731,CZ3255,,14:10:00,19:20:00,2019-08-13 16:19:19,5.2,1310,15
5809,CZ3255,,14:10:00,19:20:00,2019-08-14 14:36:29,5.2,1310,14
5883,CZ3255,,14:10:00,19:20:00,2019-08-15 15:35:08,5.2,1310,13
5959,CZ3255,,14:10:00,19:20:00,2019-08-16 14:38:19,5.2,1310,12
6038,CZ3255,,14:10:00,19:20:00,2019-08-17 15:40:17,4.9,1230,11
6111,CZ3255,,14:10:00,19:20:00,2019-08-18 15:11:31,5.0,1240,10
6187,CZ3255,,14:10:00,19:20:00,2019-08-19 16:20:04,4.9,1226,9
6265,CZ3255,,14:10:00,19:20:00,2019-08-20 14:43:48,5.0,1240,8
6339,CZ3255,,14:10:00,19:20:00,2019-08-21 17:32:48,5.2,1310,7
6414,CZ3255,,14:10:00,19:20:00,2019-08-22 16:28:58,5.2,1310,6
6493,CZ3255,,14:10:00,19:20:00,2019-08-23 15:55:02,5.2,1310,5
6566,CZ3255,,14:10:00,19:20:00,2019-08-24 17:05:07,5.2,1300,4
6642,CZ3255,,14:10:00,19:20:00,2019-08-25 17:30:52,5.2,1310,3
6720,CZ3255,,14:10:00,19:20:00,2019-08-26 15:05:42,5.2,1310,2
6794,CZ3255,,14:10:00,19:20:00,2019-08-27 15:40:16,4.8,1190,1
6838,CZ3255,,14:10:00,19:20:00,2019-08-28 13:33:40,4.8,1190,0
3341,CZ3962,,21:30:00,00:45:00,2019-07-14 14:45:41,3.9,980,45
3424,CZ3962,,21:30:00,00:45:00,2019-07-15 15:25:10,3.9,980,44
3455,CZ3962,,21:30:00,00:45:00,2019-07-16 14:59:25,3.9,980,43
3582,CZ3962,,21:30:00,00:45:00,2019-07-17 14:30:16,3.5,880,42
3661,CZ3962,,21:30:00,00:45:00,2019-07-18 15:55:41,3.5,880,41
3741,CZ3962,,21:35:00,00:45:00,2019-07-19 14:28:48,3.5,880,40
3824,CZ3962,,21:35:00,00:45:00,2019-07-20 14:34:15,3.5,880,39
3902,CZ3962,,21:35:00,00:45:00,2019-07-21 14:53:23,3.5,880,38
3981,CZ3962,,21:35:00,00:45:00,2019-07-22 15:21:01,3.5,880,37
4063,CZ3962,,21:35:00,00:45:00,2019-07-23 15:57:44,3.5,880,36
4141,CZ3962,,21:35:00,00:45:00,2019-07-24 15:18:09,3.5,880,35
4221,CZ3962,,21:35:00,00:45:00,2019-07-25 15:36:09,3.5,880,34
4304,CZ3962,,21:35:00,00:45:00,2019-07-26 14:34:20,3.5,880,33
4381,CZ3962,,21:35:00,00:45:00,2019-07-27 15:25:12,3.5,880,32
4462,CZ3962,,21:35:00,00:45:00,2019-07-28 15:29:32,3.5,880,31
4541,CZ3962,,21:35:00,00:45:00,2019-07-29 15:35:15,3.5,880,30
4621,CZ3962,,21:35:00,00:45:00,2019-07-30 14:41:01,3.5,880,29
4704,CZ3962,,21:35:00,00:45:00,2019-07-31 15:54:28,3.5,886,28
4782,CZ3962,,21:35:00,00:45:00,2019-08-01 15:43:43,3.6,896,27
4861,CZ3962,,21:35:00,00:45:00,2019-08-02 15:04:40,3.5,884,26
4943,CZ3962,,21:35:00,00:45:00,2019-08-03 14:59:45,3.5,882,25
5021,CZ3962,,21:35:00,00:45:00,2019-08-04 15:50:36,3.5,883,24
5101,CZ3962,,21:35:00,00:45:00,2019-08-05 15:03:12,3.6,894,23
5185,CZ3962,,21:35:00,00:45:00,2019-08-06 14:53:02,3.0,751,22
5261,CZ3962,,21:35:00,00:45:00,2019-08-07 15:11:18,3.1,771,21
5287,CZ3962,,21:35:00,00:45:00,2019-08-08 15:31:40,3.0,750,20
5422,CZ3962,,21:35:00,00:45:00,2019-08-09 15:26:23,3.0,755,19
5497,CZ3962,,21:35:00,00:45:00,2019-08-10 16:22:22,3.1,768,18
5568,CZ3962,,21:35:00,00:45:00,2019-08-11 15:10:04,3.0,750,17
5647,CZ3962,,21:35:00,00:45:00,2019-08-12 13:40:51,3.0,750,16
5723,CZ3962,,21:35:00,00:45:00,2019-08-13 16:19:19,3.1,770,15
5801,CZ3962,,21:35:00,00:45:00,2019-08-14 14:36:29,3.1,765,14
5875,CZ3962,,21:35:00,00:45:00,2019-08-15 15:35:08,3.0,750,13
5951,CZ3962,,21:35:00,00:45:00,2019-08-16 14:38:19,3.0,750,12
6030,CZ3962,,21:35:00,00:45:00,2019-08-17 15:40:17,2.7,670,11
6103,CZ3962,,21:35:00,00:45:00,2019-08-18 15:11:31,2.7,670,10
6179,CZ3962,,21:35:00,00:45:00,2019-08-19 16:20:04,2.7,663,9
6257,CZ3962,,21:35:00,00:45:00,2019-08-20 14:43:48,2.5,634,8
6331,CZ3962,,21:35:00,00:45:00,2019-08-21 17:32:48,2.6,648,7
6406,CZ3962,,21:35:00,00:45:00,2019-08-22 16:28:58,3.0,761,6
6485,CZ3962,,21:35:00,00:45:00,2019-08-23 15:55:02,3.0,757,5
6558,CZ3962,,21:35:00,00:45:00,2019-08-24 17:05:07,2.5,634,4
6634,CZ3962,,21:35:00,00:45:00,2019-08-25 17:30:52,7.2,1790,3
6712,CZ3962,,21:35:00,00:45:00,2019-08-26 15:05:42,7.2,1790,2
6786,CZ3962,,21:35:00,00:45:00,2019-08-27 15:40:16,8.2,2040,1
6830,CZ3962,,21:35:00,00:45:00,2019-08-28 13:33:40,4.9,1230,0
6886,CZ3962,,21:35:00,00:45:00,2019-08-29 16:55:42,8.2,2040,0
3310,CZ5861,MF8141,19:55:00,23:05:00,2019-07-14 14:45:41,7.3,1830,45
3388,CZ5861,MF8141,19:55:00,23:05:00,2019-07-15 15:25:10,7.3,1830,44
3487,CZ5861,MF8141,19:55:00,23:05:00,2019-07-16 14:59:25,7.3,1830,43
3550,CZ5861,MF8141,19:55:00,23:05:00,2019-07-17 14:30:16,7.3,1830,42
3630,CZ5861,MF8141,19:55:00,23:05:00,2019-07-18 15:55:41,7.3,1830,41
3710,CZ5861,MF8141,19:55:00,23:05:00,2019-07-19 14:28:48,7.4,1850,40
3790,CZ5861,MF8141,19:55:00,23:05:00,2019-07-20 14:34:15,7.4,1850,39
3870,CZ5861,MF8141,19:55:00,23:05:00,2019-07-21 14:53:23,7.4,1850,38
3950,CZ5861,MF8141,19:55:00,23:05:00,2019-07-22 15:21:01,7.4,1850,37
4030,CZ5861,MF8141,19:55:00,23:05:00,2019-07-23 15:57:44,7.4,1850,36
4110,CZ5861,MF8141,19:55:00,23:05:00,2019-07-24 15:18:09,7.4,1850,35
4190,CZ5861,MF8141,19:55:00,23:05:00,2019-07-25 15:36:09,7.4,1850,34
4270,CZ5861,MF8141,19:55:00,23:05:00,2019-07-26 14:34:20,7.4,1850,33
4350,CZ5861,MF8141,19:55:00,23:05:00,2019-07-27 15:25:12,7.4,1850,32
4430,CZ5861,MF8141,19:55:00,23:05:00,2019-07-28 15:29:32,7.4,1850,31
4510,CZ5861,MF8141,19:55:00,23:05:00,2019-07-29 15:35:15,7.4,1850,30
4590,CZ5861,MF8141,19:55:00,23:05:00,2019-07-30 14:41:01,7.4,1850,29
4670,CZ5861,MF8141,19:55:00,23:05:00,2019-07-31 15:54:28,7.4,1850,28
4750,CZ5861,MF8141,19:55:00,23:05:00,2019-08-01 15:43:43,7.4,1850,27
4830,CZ5861,MF8141,19:55:00,23:05:00,2019-08-02 15:04:40,7.4,1850,26
4910,CZ5861,MF8141,19:55:00,23:05:00,2019-08-03 14:59:45,7.4,1850,25
4990,CZ5861,MF8141,19:55:00,23:05:00,2019-08-04 15:50:36,7.4,1850,24
5070,CZ5861,MF8141,19:55:00,23:05:00,2019-08-05 15:03:12,7.4,1850,23
5150,CZ5861,MF8141,19:55:00,23:05:00,2019-08-06 14:53:02,7.4,1850,22
5229,CZ5861,MF8141,19:55:00,23:05:00,2019-08-07 15:11:18,7.4,1850,21
5335,CZ5861,MF8141,19:55:00,23:05:00,2019-08-08 15:31:40,7.4,1850,20
5390,CZ5861,MF8141,19:55:00,23:05:00,2019-08-09 15:26:23,7.4,1850,19
5465,CZ5861,MF8141,19:55:00,23:05:00,2019-08-10 16:22:22,7.4,1850,18
5536,CZ5861,MF8141,19:55:00,23:05:00,2019-08-11 15:10:04,7.4,1850,17
5617,CZ5861,MF8141,19:55:00,23:05:00,2019-08-12 13:40:51,7.4,1850,16
5693,CZ5861,MF8141,19:55:00,23:05:00,2019-08-13 16:19:19,7.4,1850,15
5769,CZ5861,MF8141,19:55:00,23:05:00,2019-08-14 14:36:29,7.4,1850,14
5845,CZ5861,MF8141,19:55:00,23:05:00,2019-08-15 15:35:08,7.4,1850,13
5920,CZ5861,MF8141,19:55:00,23:05:00,2019-08-16 14:38:19,7.4,1850,12
5997,CZ5861,MF8141,19:55:00,23:05:00,2019-08-17 15:40:17,7.4,1850,11
6073,CZ5861,MF8141,19:55:00,23:05:00,2019-08-18 15:11:31,7.4,1850,10
6149,CZ5861,MF8141,19:55:00,23:05:00,2019-08-19 16:20:04,7.4,1850,9
6224,CZ5861,MF8141,19:55:00,23:05:00,2019-08-20 14:43:48,7.4,1850,8
6300,CZ5861,MF8141,19:55:00,23:05:00,2019-08-21 17:32:48,7.4,1850,7
6376,CZ5861,MF8141,19:55:00,23:05:00,2019-08-22 16:28:58,7.4,1850,6
6452,CZ5861,MF8141,19:55:00,23:05:00,2019-08-23 15:55:02,7.4,1850,5
6527,CZ5861,MF8141,19:55:00,23:05:00,2019-08-24 17:05:07,7.4,1850,4
6604,CZ5861,MF8141,19:55:00,23:05:00,2019-08-25 17:30:52,5.4,1350,3
6680,CZ5861,MF8141,19:55:00,23:05:00,2019-08-26 15:05:42,5.4,1350,2
6756,CZ5861,MF8141,19:55:00,23:05:00,2019-08-27 15:40:16,5.4,1350,1
6851,CZ5861,MF8141,19:55:00,23:05:00,2019-08-28 13:33:40,5.4,1350,0
6875,CZ5861,MF8141,19:55:00,23:05:00,2019-08-29 16:55:42,5.4,1350,0
3354,DZ6203,,19:15:00,00:25:00,2019-07-14 14:45:41,6.1,1384,45
3437,DZ6203,,19:15:00,00:25:00,2019-07-15 15:25:10,6.1,1384,44
3442,DZ6203,,19:15:00,00:25:00,2019-07-16 14:59:25,6.1,1383,43
3595,DZ6203,,19:15:00,00:25:00,2019-07-17 14:30:16,6.1,1382,42
3674,DZ6203,,19:15:00,00:25:00,2019-07-18 15:55:41,6.1,1383,41
3754,DZ6203,,19:15:00,00:25:00,2019-07-19 14:28:48,6.1,1382,40
3837,DZ6203,,19:15:00,00:25:00,2019-07-20 14:34:15,6.0,1375,39
3915,DZ6203,,19:15:00,00:25:00,2019-07-21 14:53:23,6.1,1382,38
3994,DZ6203,,19:15:00,00:25:00,2019-07-22 15:21:01,6.1,1381,37
4076,DZ6203,,19:15:00,00:25:00,2019-07-23 15:57:44,6.1,1380,36
4154,DZ6203,,19:15:00,00:25:00,2019-07-24 15:18:09,6.0,1378,35
4234,DZ6203,,19:15:00,00:25:00,2019-07-25 15:36:09,6.2,1410,34
4317,DZ6203,,19:15:00,00:25:00,2019-07-26 14:34:20,6.0,1370,33
4394,DZ6203,,19:15:00,00:25:00,2019-07-27 15:25:12,6.0,1370,32
4475,DZ6203,,19:15:00,00:25:00,2019-07-28 15:29:32,6.0,1370,31
4554,DZ6203,,19:15:00,00:25:00,2019-07-29 15:35:15,6.0,1370,30
4634,DZ6203,,19:15:00,00:25:00,2019-07-30 14:41:01,6.1,1380,29
4717,DZ6203,,19:15:00,00:25:00,2019-07-31 15:54:28,6.1,1380,28
4795,DZ6203,,19:15:00,00:25:00,2019-08-01 15:43:43,6.1,1383,27
4874,DZ6203,,19:15:00,00:25:00,2019-08-02 15:04:40,6.1,1382,26
4956,DZ6203,,19:15:00,00:25:00,2019-08-03 14:59:45,6.1,1383,25
5034,DZ6203,,19:15:00,00:25:00,2019-08-04 15:50:36,6.0,1373,24
5114,DZ6203,,19:15:00,00:25:00,2019-08-05 15:03:12,6.1,1383,23
5118,DZ6203,,19:15:00,00:25:00,2019-08-06 14:53:02,6.1,1383,22
5274,DZ6203,,19:15:00,00:25:00,2019-08-07 15:11:18,6.1,1383,21
5300,DZ6203,,19:15:00,00:25:00,2019-08-08 15:31:40,6.1,1382,20
5434,DZ6203,,19:15:00,00:25:00,2019-08-09 15:26:23,6.1,1382,19
5508,DZ6203,,19:15:00,00:25:00,2019-08-10 16:22:22,6.0,1378,18
5581,DZ6203,,19:15:00,00:25:00,2019-08-11 15:10:04,6.0,1376,17
5659,DZ6203,,19:15:00,00:25:00,2019-08-12 13:40:51,6.0,1374,16
5735,DZ6203,,19:15:00,00:25:00,2019-08-13 16:19:19,5.1,1163,15
5813,DZ6203,,19:15:00,00:25:00,2019-08-14 14:36:29,5.1,1162,14
5887,DZ6203,,19:15:00,00:25:00,2019-08-15 15:35:08,5.0,1139,13
5963,DZ6203,,19:15:00,00:25:00,2019-08-16 14:38:19,5.0,1139,12
6042,DZ6203,,19:15:00,00:25:00,2019-08-17 15:40:17,5.0,1138,11
6115,DZ6203,,19:15:00,00:25:00,2019-08-18 15:11:31,5.0,1138,10
6191,DZ6203,,19:15:00,00:25:00,2019-08-19 16:20:04,5.0,1138,9
6269,DZ6203,,19:15:00,00:25:00,2019-08-20 14:43:48,5.0,1139,8
6418,DZ6203,,19:15:00,00:25:00,2019-08-22 16:28:58,5.1,1155,6
6497,DZ6203,,19:15:00,00:25:00,2019-08-23 15:55:02,4.1,934,5
6570,DZ6203,,19:15:00,00:25:00,2019-08-24 17:05:07,4.1,926,4
6646,DZ6203,,19:15:00,00:25:00,2019-08-25 17:30:52,3.5,799,3
6724,DZ6203,,19:15:00,00:25:00,2019-08-26 15:05:42,3.4,783,2
6798,DZ6203,,19:15:00,00:25:00,2019-08-27 15:40:16,3.4,781,1
6842,DZ6203,,19:15:00,00:25:00,2019-08-28 13:33:40,4.1,930,0
6882,DZ6203,,19:15:00,00:25:00,2019-08-29 16:55:42,5.1,1165,0
3286,HU7702,,22:25:00,01:40:00,2019-07-14 14:45:41,6.0,1495,45
3366,HU7702,,22:25:00,01:40:00,2019-07-15 15:25:10,6.0,1495,44
3510,HU7702,,22:25:00,01:40:00,2019-07-16 14:59:25,6.0,1495,43
3526,HU7702,,22:25:00,01:40:00,2019-07-17 14:30:16,6.0,1490,42
3606,HU7702,,22:25:00,01:40:00,2019-07-18 15:55:41,5.1,1280,41
3686,HU7702,,22:25:00,01:40:00,2019-07-19 14:28:48,5.1,1280,40
3766,HU7702,,22:25:00,01:40:00,2019-07-20 14:34:15,5.1,1280,39
3846,HU7702,,22:25:00,01:40:00,2019-07-21 14:53:23,5.1,1280,38
3926,HU7702,,22:25:00,01:40:00,2019-07-22 15:21:01,5.1,1280,37
4006,HU7702,,22:25:00,01:40:00,2019-07-23 15:57:44,5.1,1280,36
4086,HU7702,,22:25:00,01:40:00,2019-07-24 15:18:09,5.1,1280,35
4166,HU7702,,22:25:00,01:40:00,2019-07-25 15:36:09,5.1,1280,34
4246,HU7702,,22:25:00,01:40:00,2019-07-26 14:34:20,5.1,1280,33
4326,HU7702,,22:25:00,01:40:00,2019-07-27 15:25:12,5.1,1280,32
4406,HU7702,,22:25:00,01:40:00,2019-07-28 15:29:32,5.1,1280,31
4486,HU7702,,22:25:00,01:40:00,2019-07-29 15:35:15,5.1,1280,30
4566,HU7702,,22:25:00,01:40:00,2019-07-30 14:41:01,5.1,1280,29
4646,HU7702,,22:25:00,01:40:00,2019-07-31 15:54:28,5.1,1280,28
4726,HU7702,,22:25:00,01:40:00,2019-08-01 15:43:43,5.1,1280,27
4806,HU7702,,22:25:00,01:40:00,2019-08-02 15:04:40,5.1,1280,26
4886,HU7702,,22:25:00,01:40:00,2019-08-03 14:59:45,5.1,1280,25
4966,HU7702,,22:25:00,01:40:00,2019-08-04 15:50:36,5.1,1280,24
5046,HU7702,,22:25:00,01:40:00,2019-08-05 15:03:12,5.1,1280,23
5126,HU7702,,22:25:00,01:40:00,2019-08-06 14:53:02,5.1,1280,22
5206,HU7702,,22:25:00,01:40:00,2019-08-07 15:11:18,5.1,1280,21
5311,HU7702,,22:25:00,01:40:00,2019-08-08 15:31:40,5.1,1280,20
5366,HU7702,,22:25:00,01:40:00,2019-08-09 15:26:23,5.1,1280,19
5595,HU7702,,22:25:00,01:40:00,2019-08-12 13:40:51,5.1,1280,16
5671,HU7702,,22:25:00,01:40:00,2019-08-13 16:19:19,5.1,1280,15
5747,HU7702,,22:25:00,01:40:00,2019-08-14 14:36:29,5.1,1280,14
5823,HU7702,,22:25:00,01:40:00,2019-08-15 15:35:08,4.5,1130,13
5899,HU7702,,22:25:00,01:40:00,2019-08-16 14:38:19,4.5,1130,12
5975,HU7702,,22:25:00,01:40:00,2019-08-17 15:40:17,4.5,1129,11
6051,HU7702,,22:25:00,01:40:00,2019-08-18 15:11:31,4.5,1130,10
6127,HU7702,,22:25:00,01:40:00,2019-08-19 16:20:04,4.5,1130,9
6203,HU7702,,22:25:00,01:40:00,2019-08-20 14:43:48,4.5,1130,8
6279,HU7702,,22:25:00,01:40:00,2019-08-21 17:32:48,4.5,1130,7
6354,HU7702,,22:25:00,01:40:00,2019-08-22 16:28:58,4.5,1130,6
6430,HU7702,,22:25:00,01:40:00,2019-08-23 15:55:02,4.5,1130,5
6506,HU7702,,22:25:00,01:40:00,2019-08-24 17:05:07,3.2,789,4
6582,HU7702,,22:25:00,01:40:00,2019-08-25 17:30:52,4.8,1195,3
6658,HU7702,,22:25:00,01:40:00,2019-08-26 15:05:42,3.6,898,2
6734,HU7702,,22:25:00,01:40:00,2019-08-27 15:40:16,3.6,898,1
6810,HU7702,,22:25:00,01:40:00,2019-08-28 13:33:40,3.6,898,0
6879,HU7702,,22:25:00,01:40:00,2019-08-29 16:55:42,6.0,1495,0
3288,HU7704,,12:50:00,16:00:00,2019-07-14 14:45:41,7.6,1895,45
3368,HU7704,,12:50:00,16:00:00,2019-07-15 15:25:10,7.6,1895,44
3508,HU7704,,12:50:00,16:00:00,2019-07-16 14:59:25,7.6,1895,43
3528,HU7704,,12:50:00,16:00:00,2019-07-17 14:30:16,7.6,1890,42
3608,HU7704,,12:50:00,16:00:00,2019-07-18 15:55:41,7.2,1800,41
3688,HU7704,,12:50:00,16:00:00,2019-07-19 14:28:48,7.2,1800,40
3768,HU7704,,12:50:00,16:00:00,2019-07-20 14:34:15,7.2,1800,39
3848,HU7704,,12:50:00,16:00:00,2019-07-21 14:53:23,7.2,1800,38
3928,HU7704,,12:50:00,16:00:00,2019-07-22 15:21:01,7.2,1800,37
4008,HU7704,,12:50:00,16:00:00,2019-07-23 15:57:44,7.2,1800,36
4088,HU7704,,12:50:00,16:00:00,2019-07-24 15:18:09,7.2,1800,35
4168,HU7704,,12:50:00,16:00:00,2019-07-25 15:36:09,7.2,1800,34
4248,HU7704,,12:50:00,16:00:00,2019-07-26 14:34:20,7.2,1800,33
4328,HU7704,,12:50:00,16:00:00,2019-07-27 15:25:12,7.2,1800,32
4408,HU7704,,12:50:00,16:00:00,2019-07-28 15:29:32,7.2,1800,31
4488,HU7704,,12:50:00,16:00:00,2019-07-29 15:35:15,7.2,1800,30
4568,HU7704,,12:50:00,16:00:00,2019-07-30 14:41:01,7.2,1800,29
4648,HU7704,,12:50:00,16:00:00,2019-07-31 15:54:28,7.2,1800,28
4728,HU7704,,12:50:00,16:00:00,2019-08-01 15:43:43,7.2,1800,27
4808,HU7704,,12:50:00,16:00:00,2019-08-02 15:04:40,7.2,1800,26
4888,HU7704,,12:50:00,16:00:00,2019-08-03 14:59:45,7.2,1800,25
4968,HU7704,,12:50:00,16:00:00,2019-08-04 15:50:36,7.2,1800,24
5048,HU7704,,12:50:00,16:00:00,2019-08-05 15:03:12,7.2,1800,23
5128,HU7704,,12:50:00,16:00:00,2019-08-06 14:53:02,6.4,1600,22
5207,HU7704,,12:50:00,16:00:00,2019-08-07 15:11:18,6.4,1600,21
5313,HU7704,,12:50:00,16:00:00,2019-08-08 15:31:40,6.4,1600,20
5368,HU7704,,12:50:00,16:00:00,2019-08-09 15:26:23,6.4,1600,19
5446,HU7704,,12:50:00,16:00:00,2019-08-10 16:22:22,6.4,1600,18
5521,HU7704,,12:50:00,16:00:00,2019-08-11 15:10:04,6.4,1600,17
5597,HU7704,,12:50:00,16:00:00,2019-08-12 13:40:51,6.4,1600,16
5673,HU7704,,12:50:00,16:00:00,2019-08-13 16:19:19,6.4,1600,15
5749,HU7704,,12:50:00,16:00:00,2019-08-14 14:36:29,6.4,1600,14
5825,HU7704,,12:50:00,16:00:00,2019-08-15 15:35:08,5.7,1430,13
5901,HU7704,,12:50:00,16:00:00,2019-08-16 14:38:19,5.7,1430,12
5977,HU7704,,12:50:00,16:00:00,2019-08-17 15:40:17,5.7,1429,11
6053,HU7704,,12:50:00,16:00:00,2019-08-18 15:11:31,5.7,1430,10
6129,HU7704,,12:50:00,16:00:00,2019-08-19 16:20:04,5.7,1430,9
6205,HU7704,,12:50:00,16:00:00,2019-08-20 14:43:48,5.7,1430,8
6281,HU7704,,12:50:00,16:00:00,2019-08-21 17:32:48,5.7,1430,7
6356,HU7704,,12:50:00,16:00:00,2019-08-22 16:28:58,5.7,1430,6
6432,HU7704,,12:50:00,16:00:00,2019-08-23 15:55:02,5.7,1430,5
6498,HU7704,,12:50:00,16:00:00,2019-08-24 17:05:07,3.2,789,4
6584,HU7704,,12:50:00,16:00:00,2019-08-25 17:30:52,6.0,1495,3
6660,HU7704,,12:50:00,16:00:00,2019-08-26 15:05:42,5.4,1345,2
6736,HU7704,,12:50:00,16:00:00,2019-08-27 15:40:16,5.4,1345,1
6811,HU7704,,12:50:00,16:00:00,2019-08-28 13:33:40,6.4,1600,0
3291,HU7706,,20:00:00,23:25:00,2019-07-14 14:45:41,6.4,1600,45
3371,HU7706,,20:00:00,23:25:00,2019-07-15 15:25:10,6.4,1600,44
3506,HU7706,,20:00:00,23:25:00,2019-07-16 14:59:25,6.4,1600,43
3531,HU7706,,20:00:00,23:25:00,2019-07-17 14:30:16,6.4,1600,42
3611,HU7706,,20:00:00,23:25:00,2019-07-18 15:55:41,5.7,1430,41
3691,HU7706,,20:00:00,23:25:00,2019-07-19 14:28:48,5.7,1430,40
3771,HU7706,,20:00:00,23:25:00,2019-07-20 14:34:15,5.7,1430,39
3851,HU7706,,20:00:00,23:25:00,2019-07-21 14:53:23,5.7,1430,38
3931,HU7706,,20:00:00,23:25:00,2019-07-22 15:21:01,5.7,1430,37
4011,HU7706,,20:00:00,23:25:00,2019-07-23 15:57:44,5.7,1430,36
4091,HU7706,,20:00:00,23:25:00,2019-07-24 15:18:09,5.7,1430,35
4171,HU7706,,20:00:00,23:25:00,2019-07-25 15:36:09,5.7,1430,34
4251,HU7706,,20:00:00,23:25:00,2019-07-26 14:34:20,5.7,1430,33
4331,HU7706,,20:00:00,23:25:00,2019-07-27 15:25:12,5.7,1430,32
4411,HU7706,,20:00:00,23:25:00,2019-07-28 15:29:32,5.7,1430,31
4491,HU7706,,20:00:00,23:25:00,2019-07-29 15:35:15,5.7,1430,30
4571,HU7706,,20:00:00,23:25:00,2019-07-30 14:41:01,5.7,1430,29
4651,HU7706,,20:00:00,23:25:00,2019-07-31 15:54:28,5.7,1430,28
4731,HU7706,,20:00:00,23:25:00,2019-08-01 15:43:43,5.7,1430,27
4811,HU7706,,20:00:00,23:25:00,2019-08-02 15:04:40,5.7,1430,26
4891,HU7706,,20:00:00,23:25:00,2019-08-03 14:59:45,5.7,1430,25
4971,HU7706,,20:00:00,23:25:00,2019-08-04 15:50:36,5.7,1430,24
5051,HU7706,,20:00:00,23:25:00,2019-08-05 15:03:12,5.7,1430,23
5131,HU7706,,20:00:00,23:25:00,2019-08-06 14:53:02,5.7,1430,22
5210,HU7706,,20:00:00,23:25:00,2019-08-07 15:11:18,5.7,1430,21
5316,HU7706,,20:00:00,23:25:00,2019-08-08 15:31:40,5.7,1430,20
5371,HU7706,,20:00:00,23:25:00,2019-08-09 15:26:23,5.7,1430,19
5449,HU7706,,20:00:00,23:25:00,2019-08-10 16:22:22,5.7,1430,18
5524,HU7706,,20:00:00,23:25:00,2019-08-11 15:10:04,5.7,1430,17
5600,HU7706,,20:00:00,23:25:00,2019-08-12 13:40:51,5.7,1430,16
5676,HU7706,,20:00:00,23:25:00,2019-08-13 16:19:19,5.7,1430,15
5752,HU7706,,20:00:00,23:25:00,2019-08-14 14:36:29,5.7,1430,14
5828,HU7706,,20:00:00,23:25:00,2019-08-15 15:35:08,5.1,1280,13
5904,HU7706,,20:00:00,23:25:00,2019-08-16 14:38:19,5.1,1280,12
5980,HU7706,,20:00:00,23:25:00,2019-08-17 15:40:17,5.1,1279,11
6056,HU7706,,20:00:00,23:25:00,2019-08-18 15:11:31,5.1,1280,10
6132,HU7706,,20:00:00,23:25:00,2019-08-19 16:20:04,5.1,1280,9
6208,HU7706,,20:00:00,23:25:00,2019-08-20 14:43:48,5.1,1280,8
6284,HU7706,,20:00:00,23:25:00,2019-08-21 17:32:48,5.1,1280,7
6359,HU7706,,20:00:00,23:25:00,2019-08-22 16:28:58,5.1,1280,6
6435,HU7706,,20:00:00,23:25:00,2019-08-23 15:55:02,5.1,1280,5
6510,HU7706,,20:00:00,23:25:00,2019-08-24 17:05:07,3.6,889,4
6587,HU7706,,20:00:00,23:25:00,2019-08-25 17:30:52,5.1,1280,3
6663,HU7706,,20:00:00,23:25:00,2019-08-26 15:05:42,4.2,1045,2
6739,HU7706,,20:00:00,23:25:00,2019-08-27 15:40:16,3.9,980,1
6814,HU7706,,20:00:00,23:25:00,2019-08-28 13:33:40,4.2,1045,0
6880,HU7706,,20:00:00,23:25:00,2019-08-29 16:55:42,6.8,1695,0
3282,HU7708,,17:25:00,20:45:00,2019-07-14 14:45:41,7.6,1895,45
3362,HU7708,,17:25:00,20:45:00,2019-07-15 15:25:10,7.6,1895,44
3514,HU7708,,17:25:00,20:45:00,2019-07-16 14:59:25,7.6,1895,43
3522,HU7708,,17:25:00,20:45:00,2019-07-17 14:30:16,7.6,1890,42
3602,HU7708,,17:25:00,20:45:00,2019-07-18 15:55:41,7.2,1800,41
3682,HU7708,,17:25:00,20:45:00,2019-07-19 14:28:48,7.2,1800,40
3762,HU7708,,17:25:00,20:45:00,2019-07-20 14:34:15,7.2,1800,39
3842,HU7708,,17:25:00,20:45:00,2019-07-21 14:53:23,7.2,1800,38
3922,HU7708,,17:25:00,20:45:00,2019-07-22 15:21:01,7.2,1800,37
4002,HU7708,,17:25:00,20:45:00,2019-07-23 15:57:44,7.2,1800,36
4082,HU7708,,17:25:00,20:45:00,2019-07-24 15:18:09,7.2,1800,35
4162,HU7708,,17:25:00,20:45:00,2019-07-25 15:36:09,7.2,1800,34
4242,HU7708,,17:25:00,20:45:00,2019-07-26 14:34:20,7.2,1800,33
4322,HU7708,,17:25:00,20:45:00,2019-07-27 15:25:12,7.2,1800,32
4402,HU7708,,17:25:00,20:45:00,2019-07-28 15:29:32,7.2,1800,31
4482,HU7708,,17:25:00,20:45:00,2019-07-29 15:35:15,7.2,1800,30
4562,HU7708,,17:25:00,20:45:00,2019-07-30 14:41:01,7.2,1800,29
4642,HU7708,,17:25:00,20:45:00,2019-07-31 15:54:28,7.2,1800,28
4722,HU7708,,17:25:00,20:45:00,2019-08-01 15:43:43,7.2,1800,27
4802,HU7708,,17:25:00,20:45:00,2019-08-02 15:04:40,7.2,1800,26
4882,HU7708,,17:25:00,20:45:00,2019-08-03 14:59:45,7.2,1800,25
4962,HU7708,,17:25:00,20:45:00,2019-08-04 15:50:36,7.2,1800,24
5042,HU7708,,17:25:00,20:45:00,2019-08-05 15:03:12,7.2,1800,23
5122,HU7708,,17:25:00,20:45:00,2019-08-06 14:53:02,6.4,1600,22
5202,HU7708,,17:25:00,20:45:00,2019-08-07 15:11:18,6.4,1600,21
5307,HU7708,,17:25:00,20:45:00,2019-08-08 15:31:40,6.4,1600,20
5362,HU7708,,17:25:00,20:45:00,2019-08-09 15:26:23,6.4,1600,19
5441,HU7708,,17:25:00,20:45:00,2019-08-10 16:22:22,6.4,1600,18
5516,HU7708,,17:25:00,20:45:00,2019-08-11 15:10:04,6.4,1600,17
5591,HU7708,,17:25:00,20:45:00,2019-08-12 13:40:51,6.4,1600,16
5667,HU7708,,17:25:00,20:45:00,2019-08-13 16:19:19,6.4,1600,15
5743,HU7708,,17:25:00,20:45:00,2019-08-14 14:36:29,6.4,1600,14
5819,HU7708,,17:25:00,20:45:00,2019-08-15 15:35:08,5.7,1430,13
5895,HU7708,,17:25:00,20:45:00,2019-08-16 14:38:19,5.7,1430,12
5971,HU7708,,17:25:00,20:45:00,2019-08-17 15:40:17,5.7,1429,11
6047,HU7708,,17:25:00,20:45:00,2019-08-18 15:11:31,5.7,1430,10
6123,HU7708,,17:25:00,20:45:00,2019-08-19 16:20:04,5.7,1430,9
6199,HU7708,,17:25:00,20:45:00,2019-08-20 14:43:48,5.7,1430,8
6275,HU7708,,17:25:00,20:45:00,2019-08-21 17:32:48,5.7,1430,7
6350,HU7708,,17:25:00,20:45:00,2019-08-22 16:28:58,5.7,1430,6
6426,HU7708,,17:25:00,20:45:00,2019-08-23 15:55:02,5.7,1430,5
6502,HU7708,,17:25:00,20:45:00,2019-08-24 17:05:07,3.6,889,4
6578,HU7708,,17:25:00,20:45:00,2019-08-25 17:30:52,6.0,1495,3
6654,HU7708,,17:25:00,20:45:00,2019-08-26 15:05:42,6.0,1495,2
6730,HU7708,,17:25:00,20:45:00,2019-08-27 15:40:16,6.0,1495,1
6806,HU7708,,17:25:00,20:45:00,2019-08-28 13:33:40,5.4,1345,0
3330,HU7710,,07:25:00,10:55:00,2019-07-14 14:45:41,6.8,1695,45
3413,HU7710,,07:25:00,10:55:00,2019-07-15 15:25:10,6.8,1695,44
3466,HU7710,,07:25:00,10:55:00,2019-07-16 14:59:25,6.8,1695,43
3571,HU7710,,07:25:00,10:55:00,2019-07-17 14:30:16,6.8,1690,42
3650,HU7710,,07:25:00,10:55:00,2019-07-18 15:55:41,6.4,1600,41
3730,HU7710,,07:25:00,10:55:00,2019-07-19 14:28:48,6.4,1600,40
3813,HU7710,,07:25:00,10:55:00,2019-07-20 14:34:15,6.4,1600,39
3891,HU7710,,07:25:00,10:55:00,2019-07-21 14:53:23,6.4,1600,38
3970,HU7710,,07:25:00,10:55:00,2019-07-22 15:21:01,6.4,1600,37
4052,HU7710,,07:25:00,10:55:00,2019-07-23 15:57:44,6.4,1600,36
4130,HU7710,,07:25:00,10:55:00,2019-07-24 15:18:09,6.4,1600,35
4210,HU7710,,07:25:00,10:55:00,2019-07-25 15:36:09,6.4,1600,34
4293,HU7710,,07:25:00,10:55:00,2019-07-26 14:34:20,6.4,1600,33
4370,HU7710,,07:25:00,10:55:00,2019-07-27 15:25:12,6.4,1600,32
4451,HU7710,,07:25:00,10:55:00,2019-07-28 15:29:32,6.4,1600,31
4530,HU7710,,07:25:00,10:55:00,2019-07-29 15:35:15,6.4,1600,30
4610,HU7710,,07:25:00,10:55:00,2019-07-30 14:41:01,6.4,1600,29
4693,HU7710,,07:25:00,10:55:00,2019-07-31 15:54:28,6.4,1600,28
4771,HU7710,,07:25:00,10:55:00,2019-08-01 15:43:43,6.4,1600,27
4850,HU7710,,07:25:00,10:55:00,2019-08-02 15:04:40,6.4,1600,26
4932,HU7710,,07:25:00,10:55:00,2019-08-03 14:59:45,6.4,1600,25
5010,HU7710,,07:25:00,10:55:00,2019-08-04 15:50:36,6.4,1600,24
5090,HU7710,,07:25:00,10:55:00,2019-08-05 15:03:12,6.4,1600,23
5174,HU7710,,07:25:00,10:55:00,2019-08-06 14:53:02,5.7,1430,22
5250,HU7710,,07:25:00,10:55:00,2019-08-07 15:11:18,5.7,1430,21
5356,HU7710,,07:25:00,10:55:00,2019-08-08 15:31:40,5.7,1430,20
5411,HU7710,,07:25:00,10:55:00,2019-08-09 15:26:23,5.7,1430,19
5487,HU7710,,07:25:00,10:55:00,2019-08-10 16:22:22,5.7,1430,18
5558,HU7710,,07:25:00,10:55:00,2019-08-11 15:10:04,5.7,1430,17
5637,HU7710,,07:25:00,10:55:00,2019-08-12 13:40:51,5.7,1430,16
5713,HU7710,,07:25:00,10:55:00,2019-08-13 16:19:19,5.7,1430,15
5791,HU7710,,07:25:00,10:55:00,2019-08-14 14:36:29,5.7,1430,14
5865,HU7710,,07:25:00,10:55:00,2019-08-15 15:35:08,5.7,1430,13
5941,HU7710,,07:25:00,10:55:00,2019-08-16 14:38:19,5.7,1430,12
6020,HU7710,,07:25:00,10:55:00,2019-08-17 15:40:17,5.7,1429,11
6093,HU7710,,07:25:00,10:55:00,2019-08-18 15:11:31,5.7,1430,10
6169,HU7710,,07:25:00,10:55:00,2019-08-19 16:20:04,5.7,1430,9
6247,HU7710,,07:25:00,10:55:00,2019-08-20 14:43:48,5.7,1430,8
6321,HU7710,,07:25:00,10:55:00,2019-08-21 17:32:48,5.7,1430,7
6396,HU7710,,07:25:00,10:55:00,2019-08-22 16:28:58,5.7,1430,6
6475,HU7710,,07:25:00,10:55:00,2019-08-23 15:55:02,5.1,1280,5
6548,HU7710,,07:25:00,10:55:00,2019-08-24 17:05:07,3.2,789,4
6624,HU7710,,07:25:00,10:55:00,2019-08-25 17:30:52,5.4,1345,3
6702,HU7710,,07:25:00,10:55:00,2019-08-26 15:05:42,4.8,1195,2
6776,HU7710,,07:25:00,10:55:00,2019-08-27 15:40:16,5.4,1345,1
6871,HU7710,,07:25:00,10:55:00,2019-08-28 13:33:40,6.0,1495,0
3311,HU7712,,09:05:00,12:35:00,2019-07-14 14:45:41,7.6,1895,45
3389,HU7712,,09:05:00,12:35:00,2019-07-15 15:25:10,7.6,1895,44
3486,HU7712,,09:05:00,12:35:00,2019-07-16 14:59:25,7.6,1895,43
3551,HU7712,,09:05:00,12:35:00,2019-07-17 14:30:16,7.6,1890,42
3631,HU7712,,09:05:00,12:35:00,2019-07-18 15:55:41,7.2,1800,41
3711,HU7712,,09:05:00,12:35:00,2019-07-19 14:28:48,7.2,1800,40
3791,HU7712,,09:05:00,12:35:00,2019-07-20 14:34:15,7.2,1800,39
3871,HU7712,,09:05:00,12:35:00,2019-07-21 14:53:23,7.2,1800,38
3951,HU7712,,09:05:00,12:35:00,2019-07-22 15:21:01,7.2,1800,37
4031,HU7712,,09:05:00,12:35:00,2019-07-23 15:57:44,7.2,1800,36
4111,HU7712,,09:05:00,12:35:00,2019-07-24 15:18:09,7.2,1800,35
4191,HU7712,,09:05:00,12:35:00,2019-07-25 15:36:09,7.2,1800,34
4271,HU7712,,09:05:00,12:35:00,2019-07-26 14:34:20,7.2,1800,33
4351,HU7712,,09:05:00,12:35:00,2019-07-27 15:25:12,7.2,1800,32
4431,HU7712,,09:05:00,12:35:00,2019-07-28 15:29:32,7.2,1800,31
4511,HU7712,,09:05:00,12:35:00,2019-07-29 15:35:15,7.2,1800,30
4591,HU7712,,09:05:00,12:35:00,2019-07-30 14:41:01,7.2,1800,29
4671,HU7712,,09:05:00,12:35:00,2019-07-31 15:54:28,7.2,1800,28
4751,HU7712,,09:05:00,12:35:00,2019-08-01 15:43:43,7.2,1800,27
4831,HU7712,,09:05:00,12:35:00,2019-08-02 15:04:40,7.2,1800,26
4911,HU7712,,09:05:00,12:35:00,2019-08-03 14:59:45,7.2,1800,25
4991,HU7712,,09:05:00,12:35:00,2019-08-04 15:50:36,7.2,1800,24
5071,HU7712,,09:05:00,12:35:00,2019-08-05 15:03:12,7.2,1800,23
5151,HU7712,,09:05:00,12:35:00,2019-08-06 14:53:02,6.4,1600,22
5230,HU7712,,09:05:00,12:35:00,2019-08-07 15:11:18,6.4,1600,21
5336,HU7712,,09:05:00,12:35:00,2019-08-08 15:31:40,6.4,1600,20
5392,HU7712,,09:05:00,12:35:00,2019-08-09 15:26:23,6.4,1600,19
5468,HU7712,,09:05:00,12:35:00,2019-08-10 16:22:22,6.4,1600,18
5539,HU7712,,09:05:00,12:35:00,2019-08-11 15:10:04,6.4,1600,17
5619,HU7712,,09:05:00,12:35:00,2019-08-12 13:40:51,6.4,1600,16
5695,HU7712,,09:05:00,12:35:00,2019-08-13 16:19:19,6.4,1600,15
5771,HU7712,,09:05:00,12:35:00,2019-08-14 14:36:29,6.4,1600,14
5847,HU7712,,09:05:00,12:35:00,2019-08-15 15:35:08,5.7,1430,13
5923,HU7712,,09:05:00,12:35:00,2019-08-16 14:38:19,5.7,1430,12
5999,HU7712,,09:05:00,12:35:00,2019-08-17 15:40:17,5.7,1429,11
6075,HU7712,,09:05:00,12:35:00,2019-08-18 15:11:31,5.7,1430,10
6151,HU7712,,09:05:00,12:35:00,2019-08-19 16:20:04,5.7,1430,9
6227,HU7712,,09:05:00,12:35:00,2019-08-20 14:43:48,5.7,1430,8
6303,HU7712,,09:05:00,12:35:00,2019-08-21 17:32:48,5.7,1430,7
6378,HU7712,,09:05:00,12:35:00,2019-08-22 16:28:58,5.7,1430,6
6454,HU7712,,09:05:00,12:35:00,2019-08-23 15:55:02,5.7,1430,5
6529,HU7712,,09:05:00,12:35:00,2019-08-24 17:05:07,3.6,889,4
6606,HU7712,,09:05:00,12:35:00,2019-08-25 17:30:52,5.4,1345,3
6682,HU7712,,09:05:00,12:35:00,2019-08-26 15:05:42,5.4,1345,2
6758,HU7712,,09:05:00,12:35:00,2019-08-27 15:40:16,5.4,1345,1
6853,HU7712,,09:05:00,12:35:00,2019-08-28 13:33:40,6.4,1600,0
3334,HU7714,,15:50:00,19:20:00,2019-07-14 14:45:41,7.6,1895,45
3417,HU7714,,15:50:00,19:20:00,2019-07-15 15:25:10,7.6,1895,44
3462,HU7714,,15:50:00,19:20:00,2019-07-16 14:59:25,7.6,1895,43
3575,HU7714,,15:50:00,19:20:00,2019-07-17 14:30:16,7.6,1890,42
3654,HU7714,,15:50:00,19:20:00,2019-07-18 15:55:41,7.2,1800,41
3734,HU7714,,15:50:00,19:20:00,2019-07-19 14:28:48,7.2,1800,40
3817,HU7714,,15:50:00,19:20:00,2019-07-20 14:34:15,7.2,1800,39
3895,HU7714,,15:50:00,19:20:00,2019-07-21 14:53:23,7.2,1800,38
3974,HU7714,,15:50:00,19:20:00,2019-07-22 15:21:01,7.2,1800,37
4056,HU7714,,15:50:00,19:20:00,2019-07-23 15:57:44,7.2,1800,36
4134,HU7714,,15:50:00,19:20:00,2019-07-24 15:18:09,7.2,1800,35
4214,HU7714,,15:50:00,19:20:00,2019-07-25 15:36:09,7.2,1800,34
4297,HU7714,,15:50:00,19:20:00,2019-07-26 14:34:20,7.2,1800,33
4374,HU7714,,15:50:00,19:20:00,2019-07-27 15:25:12,7.2,1800,32
4455,HU7714,,15:50:00,19:20:00,2019-07-28 15:29:32,7.2,1800,31
4534,HU7714,,15:50:00,19:20:00,2019-07-29 15:35:15,7.2,1800,30
4614,HU7714,,15:50:00,19:20:00,2019-07-30 14:41:01,7.2,1800,29
4697,HU7714,,15:50:00,19:20:00,2019-07-31 15:54:28,7.2,1800,28
4775,HU7714,,15:50:00,19:20:00,2019-08-01 15:43:43,7.2,1800,27
4854,HU7714,,15:50:00,19:20:00,2019-08-02 15:04:40,7.2,1800,26
4936,HU7714,,15:50:00,19:20:00,2019-08-03 14:59:45,7.2,1800,25
5014,HU7714,,15:50:00,19:20:00,2019-08-04 15:50:36,7.2,1800,24
5094,HU7714,,15:50:00,19:20:00,2019-08-05 15:03:12,7.2,1800,23
5178,HU7714,,15:50:00,19:20:00,2019-08-06 14:53:02,6.4,1600,22
5254,HU7714,,15:50:00,19:20:00,2019-08-07 15:11:18,6.4,1600,21
5280,HU7714,,15:50:00,19:20:00,2019-08-08 15:31:40,6.4,1600,20
5414,HU7714,,15:50:00,19:20:00,2019-08-09 15:26:23,6.4,1600,19
5490,HU7714,,15:50:00,19:20:00,2019-08-10 16:22:22,6.4,1600,18
5561,HU7714,,15:50:00,19:20:00,2019-08-11 15:10:04,6.4,1600,17
5640,HU7714,,15:50:00,19:20:00,2019-08-12 13:40:51,6.4,1600,16
5716,HU7714,,15:50:00,19:20:00,2019-08-13 16:19:19,6.4,1600,15
5794,HU7714,,15:50:00,19:20:00,2019-08-14 14:36:29,6.4,1600,14
5868,HU7714,,15:50:00,19:20:00,2019-08-15 15:35:08,5.7,1430,13
5944,HU7714,,15:50:00,19:20:00,2019-08-16 14:38:19,5.7,1430,12
6023,HU7714,,15:50:00,19:20:00,2019-08-17 15:40:17,5.7,1429,11
6096,HU7714,,15:50:00,19:20:00,2019-08-18 15:11:31,5.7,1430,10
6172,HU7714,,15:50:00,19:20:00,2019-08-19 16:20:04,5.7,1430,9
6250,HU7714,,15:50:00,19:20:00,2019-08-20 14:43:48,5.7,1430,8
6324,HU7714,,15:50:00,19:20:00,2019-08-21 17:32:48,5.7,1430,7
6399,HU7714,,15:50:00,19:20:00,2019-08-22 16:28:58,5.7,1430,6
6478,HU7714,,15:50:00,19:20:00,2019-08-23 15:55:02,5.7,1430,5
6551,HU7714,,15:50:00,19:20:00,2019-08-24 17:05:07,3.2,789,4
6627,HU7714,,15:50:00,19:20:00,2019-08-25 17:30:52,6.0,1495,3
6705,HU7714,,15:50:00,19:20:00,2019-08-26 15:05:42,5.4,1345,2
6779,HU7714,,15:50:00,19:20:00,2019-08-27 15:40:16,5.1,1280,1
6874,HU7714,,15:50:00,19:20:00,2019-08-28 13:33:40,6.0,1495,0
3294,KY9101,ZH9101,07:30:00,10:40:00,2019-07-14 14:45:41,6.3,1582,45
3374,KY9101,ZH9101,07:30:00,10:40:00,2019-07-15 15:25:10,6.3,1582,44
3503,KY9101,ZH9101,07:30:00,10:40:00,2019-07-16 14:59:25,6.3,1582,43
3534,KY9101,ZH9101,07:30:00,10:40:00,2019-07-17 14:30:16,6.3,1582,42
3614,KY9101,ZH9101,07:30:00,10:40:00,2019-07-18 15:55:41,6.3,1582,41
3694,KY9101,ZH9101,07:30:00,10:40:00,2019-07-19 14:28:48,6.2,1550,40
3774,KY9101,ZH9101,07:30:00,10:40:00,2019-07-20 14:34:15,6.3,1572,39
3854,KY9101,ZH9101,07:30:00,10:40:00,2019-07-21 14:53:23,6.3,1572,38
3934,KY9101,ZH9101,07:30:00,10:40:00,2019-07-22 15:21:01,6.2,1550,37
4014,KY9101,ZH9101,07:30:00,10:40:00,2019-07-23 15:57:44,6.2,1550,36
4094,KY9101,ZH9101,07:30:00,10:40:00,2019-07-24 15:18:09,6.2,1550,35
4174,KY9101,ZH9101,07:30:00,10:40:00,2019-07-25 15:36:09,6.3,1572,34
4254,KY9101,ZH9101,07:30:00,10:40:00,2019-07-26 14:34:20,6.3,1572,33
4334,KY9101,ZH9101,07:30:00,10:40:00,2019-07-27 15:25:12,6.3,1572,32
4414,KY9101,ZH9101,07:30:00,10:40:00,2019-07-28 15:29:32,6.3,1572,31
4494,KY9101,ZH9101,07:30:00,10:40:00,2019-07-29 15:35:15,6.3,1572,30
4574,KY9101,ZH9101,07:30:00,10:40:00,2019-07-30 14:41:01,6.2,1550,29
4654,KY9101,ZH9101,07:30:00,10:40:00,2019-07-31 15:54:28,5.8,1462,28
4734,KY9101,ZH9101,07:30:00,10:40:00,2019-08-01 15:43:43,5.8,1462,27
4814,KY9101,ZH9101,07:30:00,10:40:00,2019-08-02 15:04:40,5.8,1462,26
4894,KY9101,ZH9101,07:30:00,10:40:00,2019-08-03 14:59:45,5.8,1462,25
4974,KY9101,ZH9101,07:30:00,10:40:00,2019-08-04 15:50:36,5.8,1462,24
5054,KY9101,ZH9101,07:30:00,10:40:00,2019-08-05 15:03:12,5.8,1462,23
5134,KY9101,ZH9101,07:30:00,10:40:00,2019-08-06 14:53:02,5.3,1332,22
5213,KY9101,ZH9101,07:30:00,10:40:00,2019-08-07 15:11:18,4.8,1212,21
5319,KY9101,ZH9101,07:30:00,10:40:00,2019-08-08 15:31:40,9.9,2475,20
5374,KY9101,ZH9101,07:30:00,10:40:00,2019-08-09 15:26:23,4.1,1030,19
5452,KY9101,ZH9101,07:30:00,10:40:00,2019-08-10 16:22:22,4.1,1030,18
5527,KY9101,ZH9101,07:30:00,10:40:00,2019-08-11 15:10:04,3.0,759,17
5603,KY9101,ZH9101,07:30:00,10:40:00,2019-08-12 13:40:51,3.0,750,16
5679,KY9101,ZH9101,07:30:00,10:40:00,2019-08-13 16:19:19,3.1,767,15
5755,KY9101,ZH9101,07:30:00,10:40:00,2019-08-14 14:36:29,3.0,753,14
5831,KY9101,ZH9101,07:30:00,10:40:00,2019-08-15 15:35:08,3.0,750,13
5907,KY9101,ZH9101,07:30:00,10:40:00,2019-08-16 14:38:19,3.0,740,12
5983,KY9101,ZH9101,07:30:00,10:40:00,2019-08-17 15:40:17,3.0,740,11
6059,KY9101,ZH9101,07:30:00,10:40:00,2019-08-18 15:11:31,2.7,680,10
6135,KY9101,ZH9101,07:30:00,10:40:00,2019-08-19 16:20:04,2.7,670,9
6211,KY9101,ZH9101,07:30:00,10:40:00,2019-08-20 14:43:48,3.0,740,8
6287,KY9101,ZH9101,07:30:00,10:40:00,2019-08-21 17:32:48,4.1,1030,7
6362,KY9101,ZH9101,07:30:00,10:40:00,2019-08-22 16:28:58,4.1,1030,6
6438,KY9101,ZH9101,07:30:00,10:40:00,2019-08-23 15:55:02,4.1,1030,5
6513,KY9101,ZH9101,07:30:00,10:40:00,2019-08-24 17:05:07,6.7,1680,4
6590,KY9101,ZH9101,07:30:00,10:40:00,2019-08-25 17:30:52,6.8,1712,3
6666,KY9101,ZH9101,07:30:00,10:40:00,2019-08-26 15:05:42,6.8,1712,2
6742,KY9101,ZH9101,07:30:00,10:40:00,2019-08-27 15:40:16,7.6,1905,1
6817,KY9101,ZH9101,07:30:00,10:40:00,2019-08-28 13:33:40,7.6,1903,0
3355,KY9103,ZH9103,10:00:00,13:20:00,2019-07-14 14:45:41,7.3,1832,45
3358,KY9103,ZH9103,10:00:00,13:20:00,2019-07-15 15:25:10,7.3,1832,44
3441,KY9103,ZH9103,10:00:00,13:20:00,2019-07-16 14:59:25,7.3,1832,43
3596,KY9103,ZH9103,10:00:00,13:20:00,2019-07-17 14:30:16,7.3,1832,42
3675,KY9103,ZH9103,10:00:00,13:20:00,2019-07-18 15:55:41,7.3,1832,41
3755,KY9103,ZH9103,10:00:00,13:20:00,2019-07-19 14:28:48,7.2,1790,40
3758,KY9103,ZH9103,10:00:00,13:20:00,2019-07-20 14:34:15,7.3,1820,39
3916,KY9103,ZH9103,10:00:00,13:20:00,2019-07-21 14:53:23,7.3,1820,38
3995,KY9103,ZH9103,10:00:00,13:20:00,2019-07-22 15:21:01,7.2,1790,37
4077,KY9103,ZH9103,10:00:00,13:20:00,2019-07-23 15:57:44,7.2,1790,36
4155,KY9103,ZH9103,10:00:00,13:20:00,2019-07-24 15:18:09,7.2,1790,35
4235,KY9103,ZH9103,10:00:00,13:20:00,2019-07-25 15:36:09,7.3,1820,34
4238,KY9103,ZH9103,10:00:00,13:20:00,2019-07-26 14:34:20,7.3,1820,33
4395,KY9103,ZH9103,10:00:00,13:20:00,2019-07-27 15:25:12,7.3,1820,32
4476,KY9103,ZH9103,10:00:00,13:20:00,2019-07-28 15:29:32,7.3,1820,31
4555,KY9103,ZH9103,10:00:00,13:20:00,2019-07-29 15:35:15,6.3,1572,30
4635,KY9103,ZH9103,10:00:00,13:20:00,2019-07-30 14:41:01,6.2,1550,29
4638,KY9103,ZH9103,10:00:00,13:20:00,2019-07-31 15:54:28,6.2,1550,28
4796,KY9103,ZH9103,10:00:00,13:20:00,2019-08-01 15:43:43,6.2,1550,27
4875,KY9103,ZH9103,10:00:00,13:20:00,2019-08-02 15:04:40,6.3,1582,26
4957,KY9103,ZH9103,10:00:00,13:20:00,2019-08-03 14:59:45,6.3,1582,25
5035,KY9103,ZH9103,10:00:00,13:20:00,2019-08-04 15:50:36,6.3,1582,24
5115,KY9103,ZH9103,10:00:00,13:20:00,2019-08-05 15:03:12,9.9,2475,23
5158,KY9103,ZH9103,10:00:00,13:20:00,2019-08-06 14:53:02,5.3,1332,22
5275,KY9103,ZH9103,10:00:00,13:20:00,2019-08-07 15:11:18,5.3,1332,21
5301,KY9103,ZH9103,10:00:00,13:20:00,2019-08-08 15:31:40,9.9,2475,20
5435,KY9103,ZH9103,10:00:00,13:20:00,2019-08-09 15:26:23,4.2,1050,19
5509,KY9103,ZH9103,10:00:00,13:20:00,2019-08-10 16:22:22,4.2,1050,18
5582,KY9103,ZH9103,10:00:00,13:20:00,2019-08-11 15:10:04,4.1,1026,17
5660,KY9103,ZH9103,10:00:00,13:20:00,2019-08-12 13:40:51,4.1,1026,16
5736,KY9103,ZH9103,10:00:00,13:20:00,2019-08-13 16:19:19,4.2,1050,15
5814,KY9103,ZH9103,10:00:00,13:20:00,2019-08-14 14:36:29,4.2,1050,14
5888,KY9103,ZH9103,10:00:00,13:20:00,2019-08-15 15:35:08,4.2,1050,13
5964,KY9103,ZH9103,10:00:00,13:20:00,2019-08-16 14:38:19,3.5,870,12
5967,KY9103,ZH9103,10:00:00,13:20:00,2019-08-17 15:40:17,3.5,870,11
6116,KY9103,ZH9103,10:00:00,13:20:00,2019-08-18 15:11:31,3.5,880,10
6192,KY9103,ZH9103,10:00:00,13:20:00,2019-08-19 16:20:04,4.1,1027,9
6270,KY9103,ZH9103,10:00:00,13:20:00,2019-08-20 14:43:48,4.1,1027,8
6343,KY9103,ZH9103,10:00:00,13:20:00,2019-08-21 17:32:48,4.2,1050,7
6419,KY9103,ZH9103,10:00:00,13:20:00,2019-08-22 16:28:58,4.2,1050,6
6422,KY9103,ZH9103,10:00:00,13:20:00,2019-08-23 15:55:02,4.2,1050,5
6571,KY9103,ZH9103,10:00:00,13:20:00,2019-08-24 17:05:07,7.8,1938,4
6647,KY9103,ZH9103,10:00:00,13:20:00,2019-08-25 17:30:52,6.2,1550,3
6725,KY9103,ZH9103,10:00:00,13:20:00,2019-08-26 15:05:42,7.8,1938,2
6799,KY9103,ZH9103,10:00:00,13:20:00,2019-08-27 15:40:16,8.7,2177,1
6843,KY9103,ZH9103,10:00:00,13:20:00,2019-08-28 13:33:40,8.7,2175,0
3301,KY9105,ZH9105,12:10:00,15:30:00,2019-07-14 14:45:41,8.3,2075,45
3379,KY9105,ZH9105,12:10:00,15:30:00,2019-07-15 15:25:10,8.3,2075,44
3496,KY9105,ZH9105,12:10:00,15:30:00,2019-07-16 14:59:25,7.3,1832,43
3541,KY9105,ZH9105,12:10:00,15:30:00,2019-07-17 14:30:16,7.3,1832,42
3621,KY9105,ZH9105,12:10:00,15:30:00,2019-07-18 15:55:41,7.3,1832,41
3701,KY9105,ZH9105,12:10:00,15:30:00,2019-07-19 14:28:48,7.2,1790,40
3781,KY9105,ZH9105,12:10:00,15:30:00,2019-07-20 14:34:15,7.3,1820,39
3861,KY9105,ZH9105,12:10:00,15:30:00,2019-07-21 14:53:23,7.3,1820,38
3941,KY9105,ZH9105,12:10:00,15:30:00,2019-07-22 15:21:01,7.2,1790,37
4021,KY9105,ZH9105,12:10:00,15:30:00,2019-07-23 15:57:44,7.2,1790,36
4101,KY9105,ZH9105,12:10:00,15:30:00,2019-07-24 15:18:09,7.2,1790,35
4181,KY9105,ZH9105,12:10:00,15:30:00,2019-07-25 15:36:09,7.3,1820,34
4261,KY9105,ZH9105,12:10:00,15:30:00,2019-07-26 14:34:20,7.3,1820,33
4341,KY9105,ZH9105,12:10:00,15:30:00,2019-07-27 15:25:12,7.3,1820,32
4421,KY9105,ZH9105,12:10:00,15:30:00,2019-07-28 15:29:32,7.3,1820,31
4501,KY9105,ZH9105,12:10:00,15:30:00,2019-07-29 15:35:15,6.3,1572,30
4581,KY9105,ZH9105,12:10:00,15:30:00,2019-07-30 14:41:01,6.2,1550,29
4661,KY9105,ZH9105,12:10:00,15:30:00,2019-07-31 15:54:28,6.2,1550,28
4741,KY9105,ZH9105,12:10:00,15:30:00,2019-08-01 15:43:43,6.2,1550,27
4821,KY9105,ZH9105,12:10:00,15:30:00,2019-08-02 15:04:40,6.3,1582,26
4901,KY9105,ZH9105,12:10:00,15:30:00,2019-08-03 14:59:45,6.3,1582,25
4981,KY9105,ZH9105,12:10:00,15:30:00,2019-08-04 15:50:36,6.3,1582,24
5061,KY9105,ZH9105,12:10:00,15:30:00,2019-08-05 15:03:12,9.9,2475,23
5141,KY9105,ZH9105,12:10:00,15:30:00,2019-08-06 14:53:02,6.3,1582,22
5220,KY9105,ZH9105,12:10:00,15:30:00,2019-08-07 15:11:18,5.3,1332,21
5326,KY9105,ZH9105,12:10:00,15:30:00,2019-08-08 15:31:40,9.9,2475,20
5381,KY9105,ZH9105,12:10:00,15:30:00,2019-08-09 15:26:23,4.2,1050,19
5458,KY9105,ZH9105,12:10:00,15:30:00,2019-08-10 16:22:22,4.2,1050,18
5529,KY9105,ZH9105,12:10:00,15:30:00,2019-08-11 15:10:04,4.1,1026,17
5609,KY9105,ZH9105,12:10:00,15:30:00,2019-08-12 13:40:51,4.1,1026,16
5685,KY9105,ZH9105,12:10:00,15:30:00,2019-08-13 16:19:19,4.2,1050,15
5761,KY9105,ZH9105,12:10:00,15:30:00,2019-08-14 14:36:29,4.2,1050,14
5837,KY9105,ZH9105,12:10:00,15:30:00,2019-08-15 15:35:08,4.2,1050,13
5913,KY9105,ZH9105,12:10:00,15:30:00,2019-08-16 14:38:19,4.1,1027,12
5989,KY9105,ZH9105,12:10:00,15:30:00,2019-08-17 15:40:17,3.5,880,11
6065,KY9105,ZH9105,12:10:00,15:30:00,2019-08-18 15:11:31,3.5,880,10
6141,KY9105,ZH9105,12:10:00,15:30:00,2019-08-19 16:20:04,3.5,870,9
6217,KY9105,ZH9105,12:10:00,15:30:00,2019-08-20 14:43:48,3.5,870,8
6293,KY9105,ZH9105,12:10:00,15:30:00,2019-08-21 17:32:48,3.5,880,7
6368,KY9105,ZH9105,12:10:00,15:30:00,2019-08-22 16:28:58,3.5,880,6
6444,KY9105,ZH9105,12:10:00,15:30:00,2019-08-23 15:55:02,4.2,1050,5
6519,KY9105,ZH9105,12:10:00,15:30:00,2019-08-24 17:05:07,8.2,2040,4
6596,KY9105,ZH9105,12:10:00,15:30:00,2019-08-25 17:30:52,7.8,1938,3
6672,KY9105,ZH9105,12:10:00,15:30:00,2019-08-26 15:05:42,7.8,1938,2
6748,KY9105,ZH9105,12:10:00,15:30:00,2019-08-27 15:40:16,8.7,2177,1
6822,KY9105,ZH9105,12:10:00,15:30:00,2019-08-28 13:33:40,8.7,2175,0
3287,KY9107,ZH9107,14:55:00,18:15:00,2019-07-14 14:45:41,5.3,1332,45
3367,KY9107,ZH9107,14:55:00,18:15:00,2019-07-15 15:25:10,5.3,1332,44
3509,KY9107,ZH9107,14:55:00,18:15:00,2019-07-16 14:59:25,5.3,1332,43
3527,KY9107,ZH9107,14:55:00,18:15:00,2019-07-17 14:30:16,5.3,1332,42
3607,KY9107,ZH9107,14:55:00,18:15:00,2019-07-18 15:55:41,5.3,1332,41
3687,KY9107,ZH9107,14:55:00,18:15:00,2019-07-19 14:28:48,5.2,1310,40
3767,KY9107,ZH9107,14:55:00,18:15:00,2019-07-20 14:34:15,5.3,1323,39
3847,KY9107,ZH9107,14:55:00,18:15:00,2019-07-21 14:53:23,5.3,1323,38
3927,KY9107,ZH9107,14:55:00,18:15:00,2019-07-22 15:21:01,5.2,1310,37
4007,KY9107,ZH9107,14:55:00,18:15:00,2019-07-23 15:57:44,5.2,1310,36
4087,KY9107,ZH9107,14:55:00,18:15:00,2019-07-24 15:18:09,5.2,1310,35
4167,KY9107,ZH9107,14:55:00,18:15:00,2019-07-25 15:36:09,5.3,1323,34
4247,KY9107,ZH9107,14:55:00,18:15:00,2019-07-26 14:34:20,5.3,1323,33
4327,KY9107,ZH9107,14:55:00,18:15:00,2019-07-27 15:25:12,5.3,1323,32
4407,KY9107,ZH9107,14:55:00,18:15:00,2019-07-28 15:29:32,5.3,1323,31
4487,KY9107,ZH9107,14:55:00,18:15:00,2019-07-29 15:35:15,5.3,1323,30
4567,KY9107,ZH9107,14:55:00,18:15:00,2019-07-30 14:41:01,5.2,1310,29
4647,KY9107,ZH9107,14:55:00,18:15:00,2019-07-31 15:54:28,5.2,1310,28
4727,KY9107,ZH9107,14:55:00,18:15:00,2019-08-01 15:43:43,5.2,1310,27
4807,KY9107,ZH9107,14:55:00,18:15:00,2019-08-02 15:04:40,5.3,1332,26
4887,KY9107,ZH9107,14:55:00,18:15:00,2019-08-03 14:59:45,5.3,1332,25
4967,KY9107,ZH9107,14:55:00,18:15:00,2019-08-04 15:50:36,5.3,1332,24
5047,KY9107,ZH9107,14:55:00,18:15:00,2019-08-05 15:03:12,9.9,2475,23
5127,KY9107,ZH9107,14:55:00,18:15:00,2019-08-06 14:53:02,5.3,1332,22
5198,KY9107,ZH9107,14:55:00,18:15:00,2019-08-07 15:11:18,4.2,1050,21
5312,KY9107,ZH9107,14:55:00,18:15:00,2019-08-08 15:31:40,4.1,1026,20
5367,KY9107,ZH9107,14:55:00,18:15:00,2019-08-09 15:26:23,4.2,1050,19
5445,KY9107,ZH9107,14:55:00,18:15:00,2019-08-10 16:22:22,4.2,1050,18
5520,KY9107,ZH9107,14:55:00,18:15:00,2019-08-11 15:10:04,4.1,1026,17
5596,KY9107,ZH9107,14:55:00,18:15:00,2019-08-12 13:40:51,4.1,1026,16
5672,KY9107,ZH9107,14:55:00,18:15:00,2019-08-13 16:19:19,4.2,1050,15
5748,KY9107,ZH9107,14:55:00,18:15:00,2019-08-14 14:36:29,4.2,1050,14
5824,KY9107,ZH9107,14:55:00,18:15:00,2019-08-15 15:35:08,3.5,880,13
5900,KY9107,ZH9107,14:55:00,18:15:00,2019-08-16 14:38:19,3.5,870,12
5976,KY9107,ZH9107,14:55:00,18:15:00,2019-08-17 15:40:17,3.5,870,11
6052,KY9107,ZH9107,14:55:00,18:15:00,2019-08-18 15:11:31,3.5,880,10
6128,KY9107,ZH9107,14:55:00,18:15:00,2019-08-19 16:20:04,3.5,870,9
6204,KY9107,ZH9107,14:55:00,18:15:00,2019-08-20 14:43:48,3.5,870,8
6280,KY9107,ZH9107,14:55:00,18:15:00,2019-08-21 17:32:48,3.5,880,7
6355,KY9107,ZH9107,14:55:00,18:15:00,2019-08-22 16:28:58,3.5,880,6
6431,KY9107,ZH9107,14:55:00,18:15:00,2019-08-23 15:55:02,3.5,880,5
6507,KY9107,ZH9107,14:55:00,18:15:00,2019-08-24 17:05:07,7.8,1938,4
6583,KY9107,ZH9107,14:55:00,18:15:00,2019-08-25 17:30:52,6.2,1550,3
6659,KY9107,ZH9107,14:55:00,18:15:00,2019-08-26 15:05:42,7.8,1938,2
6735,KY9107,ZH9107,14:55:00,18:15:00,2019-08-27 15:40:16,8.7,2177,1
3327,KY9109,ZH9109,16:20:00,19:35:00,2019-07-14 14:45:41,6.3,1582,45
3410,KY9109,ZH9109,16:20:00,19:35:00,2019-07-15 15:25:10,6.3,1582,44
3469,KY9109,ZH9109,16:20:00,19:35:00,2019-07-16 14:59:25,5.3,1332,43
3568,KY9109,ZH9109,16:20:00,19:35:00,2019-07-17 14:30:16,5.3,1332,42
3647,KY9109,ZH9109,16:20:00,19:35:00,2019-07-18 15:55:41,5.3,1332,41
3727,KY9109,ZH9109,16:20:00,19:35:00,2019-07-19 14:28:48,5.2,1310,40
3810,KY9109,ZH9109,16:20:00,19:35:00,2019-07-20 14:34:15,5.3,1323,39
3888,KY9109,ZH9109,16:20:00,19:35:00,2019-07-21 14:53:23,5.3,1323,38
3967,KY9109,ZH9109,16:20:00,19:35:00,2019-07-22 15:21:01,5.2,1310,37
4049,KY9109,ZH9109,16:20:00,19:35:00,2019-07-23 15:57:44,5.2,1310,36
4127,KY9109,ZH9109,16:20:00,19:35:00,2019-07-24 15:18:09,5.2,1310,35
4207,KY9109,ZH9109,16:20:00,19:35:00,2019-07-25 15:36:09,5.3,1323,34
4290,KY9109,ZH9109,16:20:00,19:35:00,2019-07-26 14:34:20,5.3,1323,33
4367,KY9109,ZH9109,16:20:00,19:35:00,2019-07-27 15:25:12,5.3,1323,32
4448,KY9109,ZH9109,16:20:00,19:35:00,2019-07-28 15:29:32,5.3,1323,31
4527,KY9109,ZH9109,16:20:00,19:35:00,2019-07-29 15:35:15,5.3,1323,30
4607,KY9109,ZH9109,16:20:00,19:35:00,2019-07-30 14:41:01,5.2,1310,29
4690,KY9109,ZH9109,16:20:00,19:35:00,2019-07-31 15:54:28,5.2,1310,28
4768,KY9109,ZH9109,16:20:00,19:35:00,2019-08-01 15:43:43,5.2,1310,27
4847,KY9109,ZH9109,16:20:00,19:35:00,2019-08-02 15:04:40,5.3,1332,26
4929,KY9109,ZH9109,16:20:00,19:35:00,2019-08-03 14:59:45,5.3,1332,25
5007,KY9109,ZH9109,16:20:00,19:35:00,2019-08-04 15:50:36,5.3,1332,24
5087,KY9109,ZH9109,16:20:00,19:35:00,2019-08-05 15:03:12,5.1,1282,23
5171,KY9109,ZH9109,16:20:00,19:35:00,2019-08-06 14:53:02,4.2,1050,22
5247,KY9109,ZH9109,16:20:00,19:35:00,2019-08-07 15:11:18,4.2,1050,21
5353,KY9109,ZH9109,16:20:00,19:35:00,2019-08-08 15:31:40,4.1,1026,20
5408,KY9109,ZH9109,16:20:00,19:35:00,2019-08-09 15:26:23,4.2,1050,19
5484,KY9109,ZH9109,16:20:00,19:35:00,2019-08-10 16:22:22,4.2,1050,18
5555,KY9109,ZH9109,16:20:00,19:35:00,2019-08-11 15:10:04,3.5,870,17
5634,KY9109,ZH9109,16:20:00,19:35:00,2019-08-12 13:40:51,3.5,870,16
5710,KY9109,ZH9109,16:20:00,19:35:00,2019-08-13 16:19:19,3.5,880,15
5788,KY9109,ZH9109,16:20:00,19:35:00,2019-08-14 14:36:29,3.5,880,14
5862,KY9109,ZH9109,16:20:00,19:35:00,2019-08-15 15:35:08,3.5,880,13
5938,KY9109,ZH9109,16:20:00,19:35:00,2019-08-16 14:38:19,3.5,870,12
6017,KY9109,ZH9109,16:20:00,19:35:00,2019-08-17 15:40:17,3.5,870,11
6090,KY9109,ZH9109,16:20:00,19:35:00,2019-08-18 15:11:31,3.5,880,10
6166,KY9109,ZH9109,16:20:00,19:35:00,2019-08-19 16:20:04,3.5,870,9
6244,KY9109,ZH9109,16:20:00,19:35:00,2019-08-20 14:43:48,3.5,870,8
6318,KY9109,ZH9109,16:20:00,19:35:00,2019-08-21 17:32:48,3.5,880,7
6393,KY9109,ZH9109,16:20:00,19:35:00,2019-08-22 16:28:58,3.5,880,6
6472,KY9109,ZH9109,16:20:00,19:35:00,2019-08-23 15:55:02,3.5,880,5
6545,KY9109,ZH9109,16:20:00,19:35:00,2019-08-24 17:05:07,8.2,2040,4
6621,KY9109,ZH9109,16:20:00,19:35:00,2019-08-25 17:30:52,6.2,1550,3
6699,KY9109,ZH9109,16:20:00,19:35:00,2019-08-26 15:05:42,7.8,1938,2
6774,KY9109,ZH9109,16:20:00,19:35:00,2019-08-27 15:40:16,8.7,2177,1
6868,KY9109,ZH9109,16:20:00,19:35:00,2019-08-28 13:33:40,9.6,2394,0
3295,KY9111,ZH9111,19:25:00,00:30:00,2019-07-14 14:45:41,4.8,1212,45
3375,KY9111,ZH9111,19:25:00,00:30:00,2019-07-15 15:25:10,4.8,1212,44
3502,KY9111,ZH9111,19:25:00,00:30:00,2019-07-16 14:59:25,4.8,1212,43
3535,KY9111,ZH9111,19:25:00,00:30:00,2019-07-17 14:30:16,4.8,1212,42
3615,KY9111,ZH9111,19:25:00,00:30:00,2019-07-18 15:55:41,4.8,1212,41
3695,KY9111,ZH9111,19:25:00,00:30:00,2019-07-19 14:28:48,4.8,1190,40
3775,KY9111,ZH9111,19:25:00,00:30:00,2019-07-20 14:34:15,4.8,1209,39
3855,KY9111,ZH9111,19:25:00,00:30:00,2019-07-21 14:53:23,4.8,1209,38
3935,KY9111,ZH9111,19:25:00,00:30:00,2019-07-22 15:21:01,4.8,1190,37
4015,KY9111,ZH9111,19:25:00,00:30:00,2019-07-23 15:57:44,4.8,1190,36
4095,KY9111,ZH9111,19:25:00,00:30:00,2019-07-24 15:18:09,4.8,1190,35
4175,KY9111,ZH9111,19:25:00,00:30:00,2019-07-25 15:36:09,4.8,1209,34
4255,KY9111,ZH9111,19:25:00,00:30:00,2019-07-26 14:34:20,4.8,1209,33
4335,KY9111,ZH9111,19:25:00,00:30:00,2019-07-27 15:25:12,4.8,1209,32
4415,KY9111,ZH9111,19:25:00,00:30:00,2019-07-28 15:29:32,4.8,1209,31
4495,KY9111,ZH9111,19:25:00,00:30:00,2019-07-29 15:35:15,4.8,1209,30
4575,KY9111,ZH9111,19:25:00,00:30:00,2019-07-30 14:41:01,4.8,1190,29
4655,KY9111,ZH9111,19:25:00,00:30:00,2019-07-31 15:54:28,4.8,1190,28
4735,KY9111,ZH9111,19:25:00,00:30:00,2019-08-01 15:43:43,4.8,1190,27
4815,KY9111,ZH9111,19:25:00,00:30:00,2019-08-02 15:04:40,4.8,1212,26
4895,KY9111,ZH9111,19:25:00,00:30:00,2019-08-03 14:59:45,4.8,1212,25
4975,KY9111,ZH9111,19:25:00,00:30:00,2019-08-04 15:50:36,4.8,1212,24
5055,KY9111,ZH9111,19:25:00,00:30:00,2019-08-05 15:03:12,9.9,2475,23
5135,KY9111,ZH9111,19:25:00,00:30:00,2019-08-06 14:53:02,4.8,1212,22
5214,KY9111,ZH9111,19:25:00,00:30:00,2019-08-07 15:11:18,4.8,1212,21
5320,KY9111,ZH9111,19:25:00,00:30:00,2019-08-08 15:31:40,9.9,2475,20
5375,KY9111,ZH9111,19:25:00,00:30:00,2019-08-09 15:26:23,4.8,1212,19
5453,KY9111,ZH9111,19:25:00,00:30:00,2019-08-10 16:22:22,4.8,1212,18
5584,KY9111,ZH9111,19:25:00,00:30:00,2019-08-11 15:10:04,4.7,1166,17
5604,KY9111,ZH9111,19:25:00,00:30:00,2019-08-12 13:40:51,4.7,1166,16
5680,KY9111,ZH9111,19:25:00,00:30:00,2019-08-13 16:19:19,4.8,1212,15
5756,KY9111,ZH9111,19:25:00,00:30:00,2019-08-14 14:36:29,4.6,1138,14
5832,KY9111,ZH9111,19:25:00,00:30:00,2019-08-15 15:35:08,4.8,1212,13
5908,KY9111,ZH9111,19:25:00,00:30:00,2019-08-16 14:38:19,4.5,1137,12
5984,KY9111,ZH9111,19:25:00,00:30:00,2019-08-17 15:40:17,4.5,1137,11
6060,KY9111,ZH9111,19:25:00,00:30:00,2019-08-18 15:11:31,4.8,1190,10
6136,KY9111,ZH9111,19:25:00,00:30:00,2019-08-19 16:20:04,4.5,1137,9
6212,KY9111,ZH9111,19:25:00,00:30:00,2019-08-20 14:43:48,4.5,1137,8
6288,KY9111,ZH9111,19:25:00,00:30:00,2019-08-21 17:32:48,4.8,1190,7
6363,KY9111,ZH9111,19:25:00,00:30:00,2019-08-22 16:28:58,4.8,1190,6
6439,KY9111,ZH9111,19:25:00,00:30:00,2019-08-23 15:55:02,3.5,880,5
6514,KY9111,ZH9111,19:25:00,00:30:00,2019-08-24 17:05:07,2.5,630,4
6591,KY9111,ZH9111,19:25:00,00:30:00,2019-08-25 17:30:52,3.5,870,3
6667,KY9111,ZH9111,19:25:00,00:30:00,2019-08-26 15:05:42,2.5,621,2
6743,KY9111,ZH9111,19:25:00,00:30:00,2019-08-27 15:40:16,2.5,628,1
6818,KY9111,ZH9111,19:25:00,00:30:00,2019-08-28 13:33:40,3.5,877,0
6885,KY9111,ZH9111,19:25:00,00:30:00,2019-08-29 16:55:42,4.5,1137,0
3352,KY9113,ZH9113,21:10:00,00:15:00,2019-07-14 14:45:41,4.0,1000,45
3435,KY9113,ZH9113,21:10:00,00:15:00,2019-07-15 15:25:10,4.0,1000,44
3444,KY9113,ZH9113,21:10:00,00:15:00,2019-07-16 14:59:25,4.0,1000,43
3593,KY9113,ZH9113,21:10:00,00:15:00,2019-07-17 14:30:16,4.0,1000,42
3672,KY9113,ZH9113,21:10:00,00:15:00,2019-07-18 15:55:41,4.0,1000,41
3752,KY9113,ZH9113,21:10:00,00:15:00,2019-07-19 14:28:48,4.0,1000,40
3835,KY9113,ZH9113,21:10:00,00:15:00,2019-07-20 14:34:15,4.0,1000,39
3913,KY9113,ZH9113,21:10:00,00:15:00,2019-07-21 14:53:23,4.0,1000,38
3992,KY9113,ZH9113,21:10:00,00:15:00,2019-07-22 15:21:01,4.0,1000,37
4074,KY9113,ZH9113,21:10:00,00:15:00,2019-07-23 15:57:44,4.0,1000,36
4152,KY9113,ZH9113,21:10:00,00:15:00,2019-07-24 15:18:09,4.0,1000,35
4232,KY9113,ZH9113,21:10:00,00:15:00,2019-07-25 15:36:09,4.0,1000,34
4315,KY9113,ZH9113,21:10:00,00:15:00,2019-07-26 14:34:20,4.0,1000,33
4392,KY9113,ZH9113,21:10:00,00:15:00,2019-07-27 15:25:12,4.0,1000,32
4473,KY9113,ZH9113,21:10:00,00:15:00,2019-07-28 15:29:32,4.0,1000,31
4552,KY9113,ZH9113,21:10:00,00:15:00,2019-07-29 15:35:15,4.0,1000,30
4632,KY9113,ZH9113,21:10:00,00:15:00,2019-07-30 14:41:01,4.0,1000,29
4715,KY9113,ZH9113,21:10:00,00:15:00,2019-07-31 15:54:28,4.0,1000,28
4793,KY9113,ZH9113,21:10:00,00:15:00,2019-08-01 15:43:43,4.0,1000,27
4872,KY9113,ZH9113,21:10:00,00:15:00,2019-08-02 15:04:40,4.0,1000,26
4954,KY9113,ZH9113,21:10:00,00:15:00,2019-08-03 14:59:45,4.0,1000,25
5032,KY9113,ZH9113,21:10:00,00:15:00,2019-08-04 15:50:36,4.0,1000,24
5112,KY9113,ZH9113,21:10:00,00:15:00,2019-08-05 15:03:12,4.0,1000,23
5196,KY9113,ZH9113,21:10:00,00:15:00,2019-08-06 14:53:02,3.1,765,22
5272,KY9113,ZH9113,21:10:00,00:15:00,2019-08-07 15:11:18,3.0,762,21
5298,KY9113,ZH9113,21:10:00,00:15:00,2019-08-08 15:31:40,3.0,748,20
5432,KY9113,ZH9113,21:10:00,00:15:00,2019-08-09 15:26:23,3.0,756,19
5506,KY9113,ZH9113,21:10:00,00:15:00,2019-08-10 16:22:22,3.0,751,18
5579,KY9113,ZH9113,21:10:00,00:15:00,2019-08-11 15:10:04,3.0,750,17
5657,KY9113,ZH9113,21:10:00,00:15:00,2019-08-12 13:40:51,3.0,751,16
5733,KY9113,ZH9113,21:10:00,00:15:00,2019-08-13 16:19:19,3.0,760,15
5811,KY9113,ZH9113,21:10:00,00:15:00,2019-08-14 14:36:29,3.0,761,14
5885,KY9113,ZH9113,21:10:00,00:15:00,2019-08-15 15:35:08,3.0,745,13
5961,KY9113,ZH9113,21:10:00,00:15:00,2019-08-16 14:38:19,2.5,633,12
6040,KY9113,ZH9113,21:10:00,00:15:00,2019-08-17 15:40:17,2.5,634,11
6113,KY9113,ZH9113,21:10:00,00:15:00,2019-08-18 15:11:31,2.5,630,10
6189,KY9113,ZH9113,21:10:00,00:15:00,2019-08-19 16:20:04,2.5,633,9
6267,KY9113,ZH9113,21:10:00,00:15:00,2019-08-20 14:43:48,3.0,740,8
6341,KY9113,ZH9113,21:10:00,00:15:00,2019-08-21 17:32:48,3.0,750,7
6416,KY9113,ZH9113,21:10:00,00:15:00,2019-08-22 16:28:58,3.1,770,6
6495,KY9113,ZH9113,21:10:00,00:15:00,2019-08-23 15:55:02,3.0,756,5
6568,KY9113,ZH9113,21:10:00,00:15:00,2019-08-24 17:05:07,7.2,1790,4
6644,KY9113,ZH9113,21:10:00,00:15:00,2019-08-25 17:30:52,6.9,1715,3
6722,KY9113,ZH9113,21:10:00,00:15:00,2019-08-26 15:05:42,6.9,1715,2
6796,KY9113,ZH9113,21:10:00,00:15:00,2019-08-27 15:40:16,7.8,1938,1
6840,KY9113,ZH9113,21:10:00,00:15:00,2019-08-28 13:33:40,7.7,1936,0
6883,KY9113,ZH9113,21:10:00,00:15:00,2019-08-29 16:55:42,8.2,2040,0
3305,MF1253,CZ3151,08:30:00,11:45:00,2019-07-14 14:45:41,6.2,1550,45
3383,MF1253,CZ3151,08:30:00,11:45:00,2019-07-15 15:25:10,6.2,1550,44
3492,MF1253,CZ3151,08:30:00,11:45:00,2019-07-16 14:59:25,6.2,1550,43
3545,MF1253,CZ3151,08:30:00,11:45:00,2019-07-17 14:30:16,6.2,1550,42
3625,MF1253,CZ3151,08:30:00,11:45:00,2019-07-18 15:55:41,6.2,1550,41
3705,MF1253,CZ3151,08:30:00,11:45:00,2019-07-19 14:28:48,6.2,1550,40
3785,MF1253,CZ3151,08:30:00,11:45:00,2019-07-20 14:34:15,6.2,1550,39
3865,MF1253,CZ3151,08:30:00,11:45:00,2019-07-21 14:53:23,6.2,1550,38
3945,MF1253,CZ3151,08:30:00,11:45:00,2019-07-22 15:21:01,6.2,1550,37
4025,MF1253,CZ3151,08:30:00,11:45:00,2019-07-23 15:57:44,6.2,1550,36
4105,MF1253,CZ3151,08:30:00,11:45:00,2019-07-24 15:18:09,6.2,1550,35
4185,MF1253,CZ3151,08:30:00,11:45:00,2019-07-25 15:36:09,6.2,1550,34
4265,MF1253,CZ3151,08:30:00,11:45:00,2019-07-26 14:34:20,6.2,1550,33
4345,MF1253,CZ3151,08:30:00,11:45:00,2019-07-27 15:25:12,6.2,1550,32
4425,MF1253,CZ3151,08:30:00,11:45:00,2019-07-28 15:29:32,6.2,1550,31
4505,MF1253,CZ3151,08:30:00,11:45:00,2019-07-29 15:35:15,6.2,1550,30
4585,MF1253,CZ3151,08:30:00,11:45:00,2019-07-30 14:41:01,6.2,1550,29
4665,MF1253,CZ3151,08:30:00,11:45:00,2019-07-31 15:54:28,6.4,1600,28
4745,MF1253,CZ3151,08:30:00,11:45:00,2019-08-01 15:43:43,6.4,1600,27
4825,MF1253,CZ3151,08:30:00,11:45:00,2019-08-02 15:04:40,6.4,1600,26
4905,MF1253,CZ3151,08:30:00,11:45:00,2019-08-03 14:59:45,6.4,1600,25
4985,MF1253,CZ3151,08:30:00,11:45:00,2019-08-04 15:50:36,6.4,1600,24
5065,MF1253,CZ3151,08:30:00,11:45:00,2019-08-05 15:03:12,6.4,1600,23
5145,MF1253,CZ3151,08:30:00,11:45:00,2019-08-06 14:53:02,5.4,1350,22
5224,MF1253,CZ3151,08:30:00,11:45:00,2019-08-07 15:11:18,5.4,1350,21
5330,MF1253,CZ3151,08:30:00,11:45:00,2019-08-08 15:31:40,5.4,1350,20
5385,MF1253,CZ3151,08:30:00,11:45:00,2019-08-09 15:26:23,5.4,1350,19
5462,MF1253,CZ3151,08:30:00,11:45:00,2019-08-10 16:22:22,5.4,1350,18
5533,MF1253,CZ3151,08:30:00,11:45:00,2019-08-11 15:10:04,5.4,1350,17
5613,MF1253,CZ3151,08:30:00,11:45:00,2019-08-12 13:40:51,5.4,1350,16
5689,MF1253,CZ3151,08:30:00,11:45:00,2019-08-13 16:19:19,5.4,1350,15
5765,MF1253,CZ3151,08:30:00,11:45:00,2019-08-14 14:36:29,5.4,1350,14
5841,MF1253,CZ3151,08:30:00,11:45:00,2019-08-15 15:35:08,5.4,1350,13
5917,MF1253,CZ3151,08:30:00,11:45:00,2019-08-16 14:38:19,5.4,1350,12
5993,MF1253,CZ3151,08:30:00,11:45:00,2019-08-17 15:40:17,5.4,1350,11
6069,MF1253,CZ3151,08:30:00,11:45:00,2019-08-18 15:11:31,5.4,1350,10
6145,MF1253,CZ3151,08:30:00,11:45:00,2019-08-19 16:20:04,5.4,1350,9
6221,MF1253,CZ3151,08:30:00,11:45:00,2019-08-20 14:43:48,5.4,1350,8
6297,MF1253,CZ3151,08:30:00,11:45:00,2019-08-21 17:32:48,5.4,1350,7
6372,MF1253,CZ3151,08:30:00,11:45:00,2019-08-22 16:28:58,5.4,1350,6
6448,MF1253,CZ3151,08:30:00,11:45:00,2019-08-23 15:55:02,5.4,1350,5
6523,MF1253,CZ3151,08:30:00,11:45:00,2019-08-24 17:05:07,5.4,1350,4
6600,MF1253,CZ3151,08:30:00,11:45:00,2019-08-25 17:30:52,5.4,1350,3
6676,MF1253,CZ3151,08:30:00,11:45:00,2019-08-26 15:05:42,7.4,1850,2
6752,MF1253,CZ3151,08:30:00,11:45:00,2019-08-27 15:40:16,8.4,2100,1
6847,MF1253,CZ3151,08:30:00,11:45:00,2019-08-28 13:33:40,8.4,2100,0
3328,MF1254,CZ3153,13:30:00,16:45:00,2019-07-14 14:45:41,5.2,1310,45
3411,MF1254,CZ3153,13:30:00,16:45:00,2019-07-15 15:25:10,5.2,1310,44
3468,MF1254,CZ3153,13:30:00,16:45:00,2019-07-16 14:59:25,5.2,1310,43
3569,MF1254,CZ3153,13:30:00,16:45:00,2019-07-17 14:30:16,5.2,1310,42
3648,MF1254,CZ3153,13:30:00,16:45:00,2019-07-18 15:55:41,5.2,1310,41
3728,MF1254,CZ3153,13:30:00,16:45:00,2019-07-19 14:28:48,5.2,1310,40
3811,MF1254,CZ3153,13:30:00,16:45:00,2019-07-20 14:34:15,5.2,1310,39
3889,MF1254,CZ3153,13:30:00,16:45:00,2019-07-21 14:53:23,5.2,1310,38
3968,MF1254,CZ3153,13:30:00,16:45:00,2019-07-22 15:21:01,5.2,1310,37
4050,MF1254,CZ3153,13:30:00,16:45:00,2019-07-23 15:57:44,5.2,1310,36
4128,MF1254,CZ3153,13:30:00,16:45:00,2019-07-24 15:18:09,5.2,1310,35
4208,MF1254,CZ3153,13:30:00,16:45:00,2019-07-25 15:36:09,5.2,1310,34
4291,MF1254,CZ3153,13:30:00,16:45:00,2019-07-26 14:34:20,5.2,1310,33
4368,MF1254,CZ3153,13:30:00,16:45:00,2019-07-27 15:25:12,5.2,1310,32
4449,MF1254,CZ3153,13:30:00,16:45:00,2019-07-28 15:29:32,5.2,1310,31
4528,MF1254,CZ3153,13:30:00,16:45:00,2019-07-29 15:35:15,5.2,1310,30
4608,MF1254,CZ3153,13:30:00,16:45:00,2019-07-30 14:41:01,5.2,1310,29
4691,MF1254,CZ3153,13:30:00,16:45:00,2019-07-31 15:54:28,5.4,1350,28
4769,MF1254,CZ3153,13:30:00,16:45:00,2019-08-01 15:43:43,5.4,1350,27
4848,MF1254,CZ3153,13:30:00,16:45:00,2019-08-02 15:04:40,5.4,1350,26
4930,MF1254,CZ3153,13:30:00,16:45:00,2019-08-03 14:59:45,5.4,1350,25
5008,MF1254,CZ3153,13:30:00,16:45:00,2019-08-04 15:50:36,5.4,1350,24
5088,MF1254,CZ3153,13:30:00,16:45:00,2019-08-05 15:03:12,5.4,1350,23
5172,MF1254,CZ3153,13:30:00,16:45:00,2019-08-06 14:53:02,5.4,1350,22
5248,MF1254,CZ3153,13:30:00,16:45:00,2019-08-07 15:11:18,5.4,1350,21
5354,MF1254,CZ3153,13:30:00,16:45:00,2019-08-08 15:31:40,5.4,1350,20
5409,MF1254,CZ3153,13:30:00,16:45:00,2019-08-09 15:26:23,5.4,1350,19
5485,MF1254,CZ3153,13:30:00,16:45:00,2019-08-10 16:22:22,5.4,1350,18
5556,MF1254,CZ3153,13:30:00,16:45:00,2019-08-11 15:10:04,5.4,1350,17
5635,MF1254,CZ3153,13:30:00,16:45:00,2019-08-12 13:40:51,5.4,1350,16
5711,MF1254,CZ3153,13:30:00,16:45:00,2019-08-13 16:19:19,5.4,1350,15
5789,MF1254,CZ3153,13:30:00,16:45:00,2019-08-14 14:36:29,5.4,1350,14
5863,MF1254,CZ3153,13:30:00,16:45:00,2019-08-15 15:35:08,5.4,1350,13
5939,MF1254,CZ3153,13:30:00,16:45:00,2019-08-16 14:38:19,5.4,1350,12
6018,MF1254,CZ3153,13:30:00,16:45:00,2019-08-17 15:40:17,5.4,1350,11
6091,MF1254,CZ3153,13:30:00,16:45:00,2019-08-18 15:11:31,5.4,1350,10
6167,MF1254,CZ3153,13:30:00,16:45:00,2019-08-19 16:20:04,5.4,1350,9
6245,MF1254,CZ3153,13:30:00,16:45:00,2019-08-20 14:43:48,5.4,1350,8
6319,MF1254,CZ3153,13:30:00,16:45:00,2019-08-21 17:32:48,5.4,1350,7
6394,MF1254,CZ3153,13:30:00,16:45:00,2019-08-22 16:28:58,5.4,1350,6
6473,MF1254,CZ3153,13:30:00,16:45:00,2019-08-23 15:55:02,5.4,1350,5
6546,MF1254,CZ3153,13:30:00,16:45:00,2019-08-24 17:05:07,5.4,1350,4
6622,MF1254,CZ3153,13:30:00,16:45:00,2019-08-25 17:30:52,6.4,1600,3
6700,MF1254,CZ3153,13:30:00,16:45:00,2019-08-26 15:05:42,5.4,1350,2
6726,MF1254,CZ3153,13:30:00,16:45:00,2019-08-27 15:40:16,9.4,2350,1
6869,MF1254,CZ3153,13:30:00,16:45:00,2019-08-28 13:33:40,9.4,2350,0
3339,MF1255,CZ3155,19:45:00,23:00:00,2019-07-14 14:45:41,4.0,990,45
3422,MF1255,CZ3155,19:45:00,23:00:00,2019-07-15 15:25:10,4.0,990,44
3457,MF1255,CZ3155,19:45:00,23:00:00,2019-07-16 14:59:25,4.0,990,43
3580,MF1255,CZ3155,19:45:00,23:00:00,2019-07-17 14:30:16,4.0,1000,42
3659,MF1255,CZ3155,19:45:00,23:00:00,2019-07-18 15:55:41,4.0,1000,41
3739,MF1255,CZ3155,19:45:00,23:00:00,2019-07-19 14:28:48,4.0,1000,40
3822,MF1255,CZ3155,19:45:00,23:00:00,2019-07-20 14:34:15,4.0,1000,39
3900,MF1255,CZ3155,19:45:00,23:00:00,2019-07-21 14:53:23,4.0,1000,38
3979,MF1255,CZ3155,19:45:00,23:00:00,2019-07-22 15:21:01,4.0,1000,37
4061,MF1255,CZ3155,19:45:00,23:00:00,2019-07-23 15:57:44,4.0,1000,36
4139,MF1255,CZ3155,19:45:00,23:00:00,2019-07-24 15:18:09,4.0,1000,35
4219,MF1255,CZ3155,19:45:00,23:00:00,2019-07-25 15:36:09,4.0,1000,34
4302,MF1255,CZ3155,19:45:00,23:00:00,2019-07-26 14:34:20,4.0,1000,33
4379,MF1255,CZ3155,19:45:00,23:00:00,2019-07-27 15:25:12,4.0,1000,32
4460,MF1255,CZ3155,19:45:00,23:00:00,2019-07-28 15:29:32,4.0,1000,31
4539,MF1255,CZ3155,19:45:00,23:00:00,2019-07-29 15:35:15,4.0,1000,30
4619,MF1255,CZ3155,19:45:00,23:00:00,2019-07-30 14:41:01,4.0,1000,29
4702,MF1255,CZ3155,19:45:00,23:00:00,2019-07-31 15:54:28,5.4,1350,28
4780,MF1255,CZ3155,19:45:00,23:00:00,2019-08-01 15:43:43,5.4,1350,27
4859,MF1255,CZ3155,19:45:00,23:00:00,2019-08-02 15:04:40,5.4,1350,26
4941,MF1255,CZ3155,19:45:00,23:00:00,2019-08-03 14:59:45,5.4,1350,25
5019,MF1255,CZ3155,19:45:00,23:00:00,2019-08-04 15:50:36,5.4,1350,24
5099,MF1255,CZ3155,19:45:00,23:00:00,2019-08-05 15:03:12,5.4,1350,23
5183,MF1255,CZ3155,19:45:00,23:00:00,2019-08-06 14:53:02,5.4,1350,22
5259,MF1255,CZ3155,19:45:00,23:00:00,2019-08-07 15:11:18,5.4,1350,21
5285,MF1255,CZ3155,19:45:00,23:00:00,2019-08-08 15:31:40,5.4,1350,20
5420,MF1255,CZ3155,19:45:00,23:00:00,2019-08-09 15:26:23,5.4,1350,19
5496,MF1255,CZ3155,19:45:00,23:00:00,2019-08-10 16:22:22,5.4,1350,18
5567,MF1255,CZ3155,19:45:00,23:00:00,2019-08-11 15:10:04,5.4,1350,17
5646,MF1255,CZ3155,19:45:00,23:00:00,2019-08-12 13:40:51,5.4,1350,16
5722,MF1255,CZ3155,19:45:00,23:00:00,2019-08-13 16:19:19,5.4,1350,15
5800,MF1255,CZ3155,19:45:00,23:00:00,2019-08-14 14:36:29,5.4,1350,14
5874,MF1255,CZ3155,19:45:00,23:00:00,2019-08-15 15:35:08,5.4,1350,13
5950,MF1255,CZ3155,19:45:00,23:00:00,2019-08-16 14:38:19,5.4,1350,12
6029,MF1255,CZ3155,19:45:00,23:00:00,2019-08-17 15:40:17,5.4,1350,11
6102,MF1255,CZ3155,19:45:00,23:00:00,2019-08-18 15:11:31,5.4,1350,10
6178,MF1255,CZ3155,19:45:00,23:00:00,2019-08-19 16:20:04,5.4,1350,9
6256,MF1255,CZ3155,19:45:00,23:00:00,2019-08-20 14:43:48,5.4,1350,8
6330,MF1255,CZ3155,19:45:00,23:00:00,2019-08-21 17:32:48,5.4,1350,7
6405,MF1255,CZ3155,19:45:00,23:00:00,2019-08-22 16:28:58,5.4,1350,6
6484,MF1255,CZ3155,19:45:00,23:00:00,2019-08-23 15:55:02,5.4,1350,5
6557,MF1255,CZ3155,19:45:00,23:00:00,2019-08-24 17:05:07,5.4,1350,4
6633,MF1255,CZ3155,19:45:00,23:00:00,2019-08-25 17:30:52,8.4,2100,3
6711,MF1255,CZ3155,19:45:00,23:00:00,2019-08-26 15:05:42,8.4,2100,2
6785,MF1255,CZ3155,19:45:00,23:00:00,2019-08-27 15:40:16,9.4,2350,1
6829,MF1255,CZ3155,19:45:00,23:00:00,2019-08-28 13:33:40,9.4,2350,0
6881,MF1255,CZ3155,19:45:00,23:00:00,2019-08-29 16:55:42,9.4,2350,0
3279,MF1256,CZ3157,16:25:00,19:40:00,2019-07-14 14:45:41,5.2,1310,45
3359,MF1256,CZ3157,16:25:00,19:40:00,2019-07-15 15:25:10,5.2,1310,44
3517,MF1256,CZ3157,16:25:00,19:40:00,2019-07-16 14:59:25,5.2,1310,43
3519,MF1256,CZ3157,16:25:00,19:40:00,2019-07-17 14:30:16,5.2,1310,42
3599,MF1256,CZ3157,16:25:00,19:40:00,2019-07-18 15:55:41,5.2,1310,41
3679,MF1256,CZ3157,16:25:00,19:40:00,2019-07-19 14:28:48,5.2,1310,40
3759,MF1256,CZ3157,16:25:00,19:40:00,2019-07-20 14:34:15,5.2,1310,39
3839,MF1256,CZ3157,16:25:00,19:40:00,2019-07-21 14:53:23,5.2,1310,38
3919,MF1256,CZ3157,16:25:00,19:40:00,2019-07-22 15:21:01,5.2,1310,37
3999,MF1256,CZ3157,16:25:00,19:40:00,2019-07-23 15:57:44,5.2,1310,36
4079,MF1256,CZ3157,16:25:00,19:40:00,2019-07-24 15:18:09,5.2,1310,35
4159,MF1256,CZ3157,16:25:00,19:40:00,2019-07-25 15:36:09,5.2,1310,34
4239,MF1256,CZ3157,16:25:00,19:40:00,2019-07-26 14:34:20,5.2,1310,33
4319,MF1256,CZ3157,16:25:00,19:40:00,2019-07-27 15:25:12,5.2,1310,32
4399,MF1256,CZ3157,16:25:00,19:40:00,2019-07-28 15:29:32,5.2,1310,31
4479,MF1256,CZ3157,16:25:00,19:40:00,2019-07-29 15:35:15,5.2,1310,30
4559,MF1256,CZ3157,16:25:00,19:40:00,2019-07-30 14:41:01,5.2,1310,29
4639,MF1256,CZ3157,16:25:00,19:40:00,2019-07-31 15:54:28,5.4,1350,28
4719,MF1256,CZ3157,16:25:00,19:40:00,2019-08-01 15:43:43,5.4,1350,27
4799,MF1256,CZ3157,16:25:00,19:40:00,2019-08-02 15:04:40,5.4,1350,26
4879,MF1256,CZ3157,16:25:00,19:40:00,2019-08-03 14:59:45,5.4,1350,25
4959,MF1256,CZ3157,16:25:00,19:40:00,2019-08-04 15:50:36,5.4,1350,24
5039,MF1256,CZ3157,16:25:00,19:40:00,2019-08-05 15:03:12,5.4,1350,23
5119,MF1256,CZ3157,16:25:00,19:40:00,2019-08-06 14:53:02,5.4,1350,22
5199,MF1256,CZ3157,16:25:00,19:40:00,2019-08-07 15:11:18,5.4,1350,21
5304,MF1256,CZ3157,16:25:00,19:40:00,2019-08-08 15:31:40,5.4,1350,20
5359,MF1256,CZ3157,16:25:00,19:40:00,2019-08-09 15:26:23,5.4,1350,19
5438,MF1256,CZ3157,16:25:00,19:40:00,2019-08-10 16:22:22,5.4,1350,18
5513,MF1256,CZ3157,16:25:00,19:40:00,2019-08-11 15:10:04,5.4,1350,17
5588,MF1256,CZ3157,16:25:00,19:40:00,2019-08-12 13:40:51,5.4,1350,16
5664,MF1256,CZ3157,16:25:00,19:40:00,2019-08-13 16:19:19,5.4,1350,15
5740,MF1256,CZ3157,16:25:00,19:40:00,2019-08-14 14:36:29,5.4,1350,14
5816,MF1256,CZ3157,16:25:00,19:40:00,2019-08-15 15:35:08,5.4,1350,13
5892,MF1256,CZ3157,16:25:00,19:40:00,2019-08-16 14:38:19,5.4,1350,12
5968,MF1256,CZ3157,16:25:00,19:40:00,2019-08-17 15:40:17,5.4,1350,11
6044,MF1256,CZ3157,16:25:00,19:40:00,2019-08-18 15:11:31,5.4,1350,10
6120,MF1256,CZ3157,16:25:00,19:40:00,2019-08-19 16:20:04,5.4,1350,9
6196,MF1256,CZ3157,16:25:00,19:40:00,2019-08-20 14:43:48,5.4,1350,8
6272,MF1256,CZ3157,16:25:00,19:40:00,2019-08-21 17:32:48,5.4,1350,7
6347,MF1256,CZ3157,16:25:00,19:40:00,2019-08-22 16:28:58,5.4,1350,6
6423,MF1256,CZ3157,16:25:00,19:40:00,2019-08-23 15:55:02,5.4,1350,5
6499,MF1256,CZ3157,16:25:00,19:40:00,2019-08-24 17:05:07,5.4,1350,4
6575,MF1256,CZ3157,16:25:00,19:40:00,2019-08-25 17:30:52,6.4,1600,3
6651,MF1256,CZ3157,16:25:00,19:40:00,2019-08-26 15:05:42,8.4,2100,2
6727,MF1256,CZ3157,16:25:00,19:40:00,2019-08-27 15:40:16,9.4,2350,1
6803,MF1256,CZ3157,16:25:00,19:40:00,2019-08-28 13:33:40,9.4,2350,0
3292,MF1257,CZ3159,10:30:00,13:45:00,2019-07-14 14:45:41,7.2,1790,45
3372,MF1257,CZ3159,10:30:00,13:45:00,2019-07-15 15:25:10,7.2,1790,44
3505,MF1257,CZ3159,10:30:00,13:45:00,2019-07-16 14:59:25,7.2,1790,43
3532,MF1257,CZ3159,10:30:00,13:45:00,2019-07-17 14:30:16,7.2,1790,42
3612,MF1257,CZ3159,10:30:00,13:45:00,2019-07-18 15:55:41,7.2,1790,41
3692,MF1257,CZ3159,10:30:00,13:45:00,2019-07-19 14:28:48,7.2,1790,40
3772,MF1257,CZ3159,10:30:00,13:45:00,2019-07-20 14:34:15,7.2,1790,39
3852,MF1257,CZ3159,10:30:00,13:45:00,2019-07-21 14:53:23,7.2,1790,38
3932,MF1257,CZ3159,10:30:00,13:45:00,2019-07-22 15:21:01,7.2,1790,37
4012,MF1257,CZ3159,10:30:00,13:45:00,2019-07-23 15:57:44,7.2,1790,36
4092,MF1257,CZ3159,10:30:00,13:45:00,2019-07-24 15:18:09,7.2,1790,35
4172,MF1257,CZ3159,10:30:00,13:45:00,2019-07-25 15:36:09,7.2,1790,34
4252,MF1257,CZ3159,10:30:00,13:45:00,2019-07-26 14:34:20,7.2,1790,33
4332,MF1257,CZ3159,10:30:00,13:45:00,2019-07-27 15:25:12,7.2,1790,32
4412,MF1257,CZ3159,10:30:00,13:45:00,2019-07-28 15:29:32,7.2,1790,31
4492,MF1257,CZ3159,10:30:00,13:45:00,2019-07-29 15:35:15,7.2,1790,30
4572,MF1257,CZ3159,10:30:00,13:45:00,2019-07-30 14:41:01,6.2,1550,29
4652,MF1257,CZ3159,10:30:00,13:45:00,2019-07-31 15:54:28,6.4,1600,28
4732,MF1257,CZ3159,10:30:00,13:45:00,2019-08-01 15:43:43,6.4,1600,27
4812,MF1257,CZ3159,10:30:00,13:45:00,2019-08-02 15:04:40,6.4,1600,26
4892,MF1257,CZ3159,10:30:00,13:45:00,2019-08-03 14:59:45,6.4,1600,25
4972,MF1257,CZ3159,10:30:00,13:45:00,2019-08-04 15:50:36,6.4,1600,24
5052,MF1257,CZ3159,10:30:00,13:45:00,2019-08-05 15:03:12,6.4,1600,23
5132,MF1257,CZ3159,10:30:00,13:45:00,2019-08-06 14:53:02,5.4,1350,22
5211,MF1257,CZ3159,10:30:00,13:45:00,2019-08-07 15:11:18,5.4,1350,21
5317,MF1257,CZ3159,10:30:00,13:45:00,2019-08-08 15:31:40,5.4,1350,20
5372,MF1257,CZ3159,10:30:00,13:45:00,2019-08-09 15:26:23,5.4,1350,19
5450,MF1257,CZ3159,10:30:00,13:45:00,2019-08-10 16:22:22,5.4,1350,18
5525,MF1257,CZ3159,10:30:00,13:45:00,2019-08-11 15:10:04,5.4,1350,17
5601,MF1257,CZ3159,10:30:00,13:45:00,2019-08-12 13:40:51,5.4,1350,16
5677,MF1257,CZ3159,10:30:00,13:45:00,2019-08-13 16:19:19,5.4,1350,15
5753,MF1257,CZ3159,10:30:00,13:45:00,2019-08-14 14:36:29,5.4,1350,14
5829,MF1257,CZ3159,10:30:00,13:45:00,2019-08-15 15:35:08,5.4,1350,13
5905,MF1257,CZ3159,10:30:00,13:45:00,2019-08-16 14:38:19,5.4,1350,12
5981,MF1257,CZ3159,10:30:00,13:45:00,2019-08-17 15:40:17,5.4,1350,11
6057,MF1257,CZ3159,10:30:00,13:45:00,2019-08-18 15:11:31,5.4,1350,10
6133,MF1257,CZ3159,10:30:00,13:45:00,2019-08-19 16:20:04,5.4,1350,9
6209,MF1257,CZ3159,10:30:00,13:45:00,2019-08-20 14:43:48,5.4,1350,8
6285,MF1257,CZ3159,10:30:00,13:45:00,2019-08-21 17:32:48,5.4,1350,7
6360,MF1257,CZ3159,10:30:00,13:45:00,2019-08-22 16:28:58,5.4,1350,6
6436,MF1257,CZ3159,10:30:00,13:45:00,2019-08-23 15:55:02,5.4,1350,5
6511,MF1257,CZ3159,10:30:00,13:45:00,2019-08-24 17:05:07,5.4,1350,4
6588,MF1257,CZ3159,10:30:00,13:45:00,2019-08-25 17:30:52,8.4,2100,3
6664,MF1257,CZ3159,10:30:00,13:45:00,2019-08-26 15:05:42,8.4,2100,2
6740,MF1257,CZ3159,10:30:00,13:45:00,2019-08-27 15:40:16,9.4,2350,1
6815,MF1257,CZ3159,10:30:00,13:45:00,2019-08-28 13:33:40,9.4,2350,0
3326,MF1258,CZ3171,20:40:00,00:05:00,2019-07-14 14:45:41,4.0,990,45
3409,MF1258,CZ3171,20:40:00,00:05:00,2019-07-15 15:25:10,4.0,990,44
3470,MF1258,CZ3171,20:40:00,00:05:00,2019-07-16 14:59:25,4.0,990,43
3567,MF1258,CZ3171,20:40:00,00:05:00,2019-07-17 14:30:16,4.0,1000,42
3646,MF1258,CZ3171,20:40:00,00:05:00,2019-07-18 15:55:41,4.0,1000,41
3726,MF1258,CZ3171,20:40:00,00:05:00,2019-07-19 14:28:48,3.5,880,40
3809,MF1258,CZ3171,20:40:00,00:05:00,2019-07-20 14:34:15,3.5,880,39
3887,MF1258,CZ3171,20:40:00,00:05:00,2019-07-21 14:53:23,3.5,880,38
3966,MF1258,CZ3171,20:40:00,00:05:00,2019-07-22 15:21:01,3.5,880,37
4048,MF1258,CZ3171,20:40:00,00:05:00,2019-07-23 15:57:44,3.5,880,36
4126,MF1258,CZ3171,20:40:00,00:05:00,2019-07-24 15:18:09,3.5,880,35
4206,MF1258,CZ3171,20:40:00,00:05:00,2019-07-25 15:36:09,3.5,880,34
4289,MF1258,CZ3171,20:40:00,00:05:00,2019-07-26 14:34:20,3.5,880,33
4366,MF1258,CZ3171,20:40:00,00:05:00,2019-07-27 15:25:12,3.5,880,32
4447,MF1258,CZ3171,20:40:00,00:05:00,2019-07-28 15:29:32,3.5,880,31
4526,MF1258,CZ3171,20:40:00,00:05:00,2019-07-29 15:35:15,3.5,880,30
4606,MF1258,CZ3171,20:40:00,00:05:00,2019-07-30 14:41:01,4.0,1000,29
4689,MF1258,CZ3171,20:40:00,00:05:00,2019-07-31 15:54:28,5.4,1350,28
4767,MF1258,CZ3171,20:40:00,00:05:00,2019-08-01 15:43:43,5.4,1350,27
4846,MF1258,CZ3171,20:40:00,00:05:00,2019-08-02 15:04:40,5.4,1350,26
4928,MF1258,CZ3171,20:40:00,00:05:00,2019-08-03 14:59:45,5.4,1350,25
5006,MF1258,CZ3171,20:40:00,00:05:00,2019-08-04 15:50:36,5.4,1350,24
5086,MF1258,CZ3171,20:40:00,00:05:00,2019-08-05 15:03:12,5.4,1350,23
5170,MF1258,CZ3171,20:40:00,00:05:00,2019-08-06 14:53:02,5.4,1350,22
5246,MF1258,CZ3171,20:40:00,00:05:00,2019-08-07 15:11:18,5.4,1350,21
5352,MF1258,CZ3171,20:40:00,00:05:00,2019-08-08 15:31:40,5.4,1350,20
5407,MF1258,CZ3171,20:40:00,00:05:00,2019-08-09 15:26:23,5.4,1350,19
5483,MF1258,CZ3171,20:40:00,00:05:00,2019-08-10 16:22:22,5.4,1350,18
5554,MF1258,CZ3171,20:40:00,00:05:00,2019-08-11 15:10:04,5.4,1350,17
5633,MF1258,CZ3171,20:40:00,00:05:00,2019-08-12 13:40:51,5.4,1350,16
5709,MF1258,CZ3171,20:40:00,00:05:00,2019-08-13 16:19:19,5.4,1350,15
5787,MF1258,CZ3171,20:40:00,00:05:00,2019-08-14 14:36:29,5.4,1350,14
5861,MF1258,CZ3171,20:40:00,00:05:00,2019-08-15 15:35:08,5.4,1350,13
5937,MF1258,CZ3171,20:40:00,00:05:00,2019-08-16 14:38:19,5.4,1350,12
6016,MF1258,CZ3171,20:40:00,00:05:00,2019-08-17 15:40:17,5.4,1350,11
6089,MF1258,CZ3171,20:40:00,00:05:00,2019-08-18 15:11:31,5.4,1350,10
6165,MF1258,CZ3171,20:40:00,00:05:00,2019-08-19 16:20:04,5.4,1350,9
6243,MF1258,CZ3171,20:40:00,00:05:00,2019-08-20 14:43:48,5.4,1350,8
6317,MF1258,CZ3171,20:40:00,00:05:00,2019-08-21 17:32:48,5.4,1350,7
6392,MF1258,CZ3171,20:40:00,00:05:00,2019-08-22 16:28:58,5.4,1350,6
6471,MF1258,CZ3171,20:40:00,00:05:00,2019-08-23 15:55:02,5.4,1350,5
6544,MF1258,CZ3171,20:40:00,00:05:00,2019-08-24 17:05:07,5.4,1350,4
6620,MF1258,CZ3171,20:40:00,00:05:00,2019-08-25 17:30:52,7.4,1850,3
6698,MF1258,CZ3171,20:40:00,00:05:00,2019-08-26 15:05:42,7.4,1850,2
6773,MF1258,CZ3171,20:40:00,00:05:00,2019-08-27 15:40:16,8.4,2100,1
6867,MF1258,CZ3171,20:40:00,00:05:00,2019-08-28 13:33:40,8.4,2100,0
6895,MF1258,CZ3171,20:40:00,00:05:00,2019-08-29 16:55:42,8.4,2100,0
3350,MF1259,CZ3189,15:25:00,18:35:00,2019-07-14 14:45:41,5.2,1310,45
3433,MF1259,CZ3189,15:25:00,18:35:00,2019-07-15 15:25:10,5.2,1310,44
3446,MF1259,CZ3189,15:25:00,18:35:00,2019-07-16 14:59:25,5.2,1310,43
3591,MF1259,CZ3189,15:25:00,18:35:00,2019-07-17 14:30:16,5.2,1310,42
3670,MF1259,CZ3189,15:25:00,18:35:00,2019-07-18 15:55:41,5.2,1310,41
3750,MF1259,CZ3189,15:25:00,18:35:00,2019-07-19 14:28:48,5.2,1310,40
3833,MF1259,CZ3189,15:25:00,18:35:00,2019-07-20 14:34:15,5.2,1310,39
3911,MF1259,CZ3189,15:25:00,18:35:00,2019-07-21 14:53:23,5.2,1310,38
3990,MF1259,CZ3189,15:25:00,18:35:00,2019-07-22 15:21:01,5.2,1310,37
4072,MF1259,CZ3189,15:25:00,18:35:00,2019-07-23 15:57:44,5.2,1310,36
4150,MF1259,CZ3189,15:25:00,18:35:00,2019-07-24 15:18:09,5.2,1310,35
4230,MF1259,CZ3189,15:25:00,18:35:00,2019-07-25 15:36:09,5.2,1310,34
4313,MF1259,CZ3189,15:25:00,18:35:00,2019-07-26 14:34:20,5.2,1310,33
4390,MF1259,CZ3189,15:25:00,18:35:00,2019-07-27 15:25:12,5.2,1310,32
4471,MF1259,CZ3189,15:25:00,18:35:00,2019-07-28 15:29:32,5.2,1310,31
4550,MF1259,CZ3189,15:25:00,18:35:00,2019-07-29 15:35:15,5.2,1310,30
4630,MF1259,CZ3189,15:25:00,18:35:00,2019-07-30 14:41:01,5.2,1310,29
4713,MF1259,CZ3189,15:25:00,18:35:00,2019-07-31 15:54:28,5.4,1350,28
4791,MF1259,CZ3189,15:25:00,18:35:00,2019-08-01 15:43:43,5.4,1350,27
4870,MF1259,CZ3189,15:25:00,18:35:00,2019-08-02 15:04:40,5.4,1350,26
4952,MF1259,CZ3189,15:25:00,18:35:00,2019-08-03 14:59:45,5.4,1350,25
5030,MF1259,CZ3189,15:25:00,18:35:00,2019-08-04 15:50:36,5.4,1350,24
5110,MF1259,CZ3189,15:25:00,18:35:00,2019-08-05 15:03:12,5.4,1350,23
5194,MF1259,CZ3189,15:25:00,18:35:00,2019-08-06 14:53:02,5.4,1350,22
5270,MF1259,CZ3189,15:25:00,18:35:00,2019-08-07 15:11:18,5.4,1350,21
5296,MF1259,CZ3189,15:25:00,18:35:00,2019-08-08 15:31:40,5.4,1350,20
3293,MF1260,CZ3191,17:40:00,20:55:00,2019-07-14 14:45:41,4.8,1190,45
3373,MF1260,CZ3191,17:40:00,20:55:00,2019-07-15 15:25:10,4.8,1190,44
3504,MF1260,CZ3191,17:40:00,20:55:00,2019-07-16 14:59:25,4.8,1190,43
3533,MF1260,CZ3191,17:40:00,20:55:00,2019-07-17 14:30:16,4.2,1050,42
3613,MF1260,CZ3191,17:40:00,20:55:00,2019-07-18 15:55:41,4.2,1050,41
3693,MF1260,CZ3191,17:40:00,20:55:00,2019-07-19 14:28:48,4.2,1050,40
3773,MF1260,CZ3191,17:40:00,20:55:00,2019-07-20 14:34:15,4.2,1050,39
3853,MF1260,CZ3191,17:40:00,20:55:00,2019-07-21 14:53:23,4.2,1050,38
3933,MF1260,CZ3191,17:40:00,20:55:00,2019-07-22 15:21:01,4.2,1050,37
4013,MF1260,CZ3191,17:40:00,20:55:00,2019-07-23 15:57:44,4.2,1050,36
4093,MF1260,CZ3191,17:40:00,20:55:00,2019-07-24 15:18:09,4.2,1050,35
4173,MF1260,CZ3191,17:40:00,20:55:00,2019-07-25 15:36:09,4.2,1050,34
4253,MF1260,CZ3191,17:40:00,20:55:00,2019-07-26 14:34:20,4.2,1050,33
4333,MF1260,CZ3191,17:40:00,20:55:00,2019-07-27 15:25:12,4.2,1050,32
4413,MF1260,CZ3191,17:40:00,20:55:00,2019-07-28 15:29:32,4.2,1050,31
4493,MF1260,CZ3191,17:40:00,20:55:00,2019-07-29 15:35:15,4.2,1050,30
4573,MF1260,CZ3191,17:40:00,20:55:00,2019-07-30 14:41:01,4.2,1050,29
4653,MF1260,CZ3191,17:40:00,20:55:00,2019-07-31 15:54:28,5.4,1350,28
4733,MF1260,CZ3191,17:40:00,20:55:00,2019-08-01 15:43:43,5.4,1350,27
4813,MF1260,CZ3191,17:40:00,20:55:00,2019-08-02 15:04:40,5.4,1350,26
4893,MF1260,CZ3191,17:40:00,20:55:00,2019-08-03 14:59:45,5.4,1350,25
4973,MF1260,CZ3191,17:40:00,20:55:00,2019-08-04 15:50:36,5.4,1350,24
5053,MF1260,CZ3191,17:40:00,20:55:00,2019-08-05 15:03:12,5.4,1350,23
5133,MF1260,CZ3191,17:40:00,20:55:00,2019-08-06 14:53:02,5.4,1350,22
5212,MF1260,CZ3191,17:40:00,20:55:00,2019-08-07 15:11:18,5.4,1350,21
5318,MF1260,CZ3191,17:40:00,20:55:00,2019-08-08 15:31:40,5.4,1350,20
5373,MF1260,CZ3191,17:40:00,20:55:00,2019-08-09 15:26:23,5.4,1350,19
5451,MF1260,CZ3191,17:40:00,20:55:00,2019-08-10 16:22:22,5.4,1350,18
5526,MF1260,CZ3191,17:40:00,20:55:00,2019-08-11 15:10:04,5.4,1350,17
5602,MF1260,CZ3191,17:40:00,20:55:00,2019-08-12 13:40:51,5.4,1350,16
5678,MF1260,CZ3191,17:40:00,20:55:00,2019-08-13 16:19:19,5.4,1350,15
5754,MF1260,CZ3191,17:40:00,20:55:00,2019-08-14 14:36:29,5.4,1350,14
5830,MF1260,CZ3191,17:40:00,20:55:00,2019-08-15 15:35:08,5.4,1350,13
5906,MF1260,CZ3191,17:40:00,20:55:00,2019-08-16 14:38:19,5.4,1350,12
5982,MF1260,CZ3191,17:40:00,20:55:00,2019-08-17 15:40:17,5.4,1350,11
6058,MF1260,CZ3191,17:40:00,20:55:00,2019-08-18 15:11:31,5.4,1350,10
6134,MF1260,CZ3191,17:40:00,20:55:00,2019-08-19 16:20:04,5.4,1350,9
6210,MF1260,CZ3191,17:40:00,20:55:00,2019-08-20 14:43:48,5.4,1350,8
6286,MF1260,CZ3191,17:40:00,20:55:00,2019-08-21 17:32:48,5.4,1350,7
6361,MF1260,CZ3191,17:40:00,20:55:00,2019-08-22 16:28:58,5.4,1350,6
6437,MF1260,CZ3191,17:40:00,20:55:00,2019-08-23 15:55:02,5.4,1350,5
6512,MF1260,CZ3191,17:40:00,20:55:00,2019-08-24 17:05:07,5.4,1350,4
6589,MF1260,CZ3191,17:40:00,20:55:00,2019-08-25 17:30:52,8.4,2100,3
6665,MF1260,CZ3191,17:40:00,20:55:00,2019-08-26 15:05:42,8.4,2100,2
6741,MF1260,CZ3191,17:40:00,20:55:00,2019-08-27 15:40:16,9.4,2350,1
6816,MF1260,CZ3191,17:40:00,20:55:00,2019-08-28 13:33:40,9.4,2350,0
3283,MF1261,CZ3193,12:15:00,15:30:00,2019-07-14 14:45:41,7.2,1790,45
3363,MF1261,CZ3193,12:15:00,15:30:00,2019-07-15 15:25:10,7.2,1790,44
3513,MF1261,CZ3193,12:15:00,15:30:00,2019-07-16 14:59:25,7.2,1790,43
3523,MF1261,CZ3193,12:15:00,15:30:00,2019-07-17 14:30:16,7.2,1790,42
3603,MF1261,CZ3193,12:15:00,15:30:00,2019-07-18 15:55:41,7.2,1790,41
3683,MF1261,CZ3193,12:15:00,15:30:00,2019-07-19 14:28:48,7.2,1790,40
3763,MF1261,CZ3193,12:15:00,15:30:00,2019-07-20 14:34:15,7.2,1790,39
3843,MF1261,CZ3193,12:15:00,15:30:00,2019-07-21 14:53:23,7.2,1790,38
3923,MF1261,CZ3193,12:15:00,15:30:00,2019-07-22 15:21:01,7.2,1790,37
4003,MF1261,CZ3193,12:15:00,15:30:00,2019-07-23 15:57:44,7.2,1790,36
4083,MF1261,CZ3193,12:15:00,15:30:00,2019-07-24 15:18:09,7.2,1790,35
4163,MF1261,CZ3193,12:15:00,15:30:00,2019-07-25 15:36:09,7.2,1790,34
4243,MF1261,CZ3193,12:15:00,15:30:00,2019-07-26 14:34:20,7.2,1790,33
4323,MF1261,CZ3193,12:15:00,15:30:00,2019-07-27 15:25:12,7.2,1790,32
4403,MF1261,CZ3193,12:15:00,15:30:00,2019-07-28 15:29:32,7.2,1790,31
4483,MF1261,CZ3193,12:15:00,15:30:00,2019-07-29 15:35:15,6.2,1550,30
4563,MF1261,CZ3193,12:15:00,15:30:00,2019-07-30 14:41:01,6.2,1550,29
4643,MF1261,CZ3193,12:15:00,15:30:00,2019-07-31 15:54:28,6.4,1600,28
4723,MF1261,CZ3193,12:15:00,15:30:00,2019-08-01 15:43:43,6.4,1600,27
4803,MF1261,CZ3193,12:15:00,15:30:00,2019-08-02 15:04:40,6.4,1600,26
4883,MF1261,CZ3193,12:15:00,15:30:00,2019-08-03 14:59:45,6.4,1600,25
4963,MF1261,CZ3193,12:15:00,15:30:00,2019-08-04 15:50:36,6.4,1600,24
5043,MF1261,CZ3193,12:15:00,15:30:00,2019-08-05 15:03:12,6.4,1600,23
5123,MF1261,CZ3193,12:15:00,15:30:00,2019-08-06 14:53:02,5.4,1350,22
5203,MF1261,CZ3193,12:15:00,15:30:00,2019-08-07 15:11:18,5.4,1350,21
5308,MF1261,CZ3193,12:15:00,15:30:00,2019-08-08 15:31:40,5.4,1350,20
5363,MF1261,CZ3193,12:15:00,15:30:00,2019-08-09 15:26:23,5.4,1350,19
5442,MF1261,CZ3193,12:15:00,15:30:00,2019-08-10 16:22:22,5.4,1350,18
5517,MF1261,CZ3193,12:15:00,15:30:00,2019-08-11 15:10:04,5.4,1350,17
5592,MF1261,CZ3193,12:15:00,15:30:00,2019-08-12 13:40:51,5.4,1350,16
5668,MF1261,CZ3193,12:15:00,15:30:00,2019-08-13 16:19:19,5.4,1350,15
5744,MF1261,CZ3193,12:15:00,15:30:00,2019-08-14 14:36:29,5.4,1350,14
5820,MF1261,CZ3193,12:15:00,15:30:00,2019-08-15 15:35:08,5.4,1350,13
5896,MF1261,CZ3193,12:15:00,15:30:00,2019-08-16 14:38:19,5.4,1350,12
5972,MF1261,CZ3193,12:15:00,15:30:00,2019-08-17 15:40:17,5.4,1350,11
6048,MF1261,CZ3193,12:15:00,15:30:00,2019-08-18 15:11:31,5.4,1350,10
6124,MF1261,CZ3193,12:15:00,15:30:00,2019-08-19 16:20:04,5.4,1350,9
6200,MF1261,CZ3193,12:15:00,15:30:00,2019-08-20 14:43:48,5.4,1350,8
6276,MF1261,CZ3193,12:15:00,15:30:00,2019-08-21 17:32:48,5.4,1350,7
6351,MF1261,CZ3193,12:15:00,15:30:00,2019-08-22 16:28:58,5.4,1350,6
6427,MF1261,CZ3193,12:15:00,15:30:00,2019-08-23 15:55:02,5.4,1350,5
6503,MF1261,CZ3193,12:15:00,15:30:00,2019-08-24 17:05:07,5.4,1350,4
6579,MF1261,CZ3193,12:15:00,15:30:00,2019-08-25 17:30:52,8.4,2100,3
6655,MF1261,CZ3193,12:15:00,15:30:00,2019-08-26 15:05:42,8.4,2100,2
6731,MF1261,CZ3193,12:15:00,15:30:00,2019-08-27 15:40:16,9.4,2350,1
6807,MF1261,CZ3193,12:15:00,15:30:00,2019-08-28 13:33:40,9.4,2350,0
3317,MF1262,CZ3962,21:30:00,00:45:00,2019-07-14 14:45:41,3.9,980,45
3395,MF1262,CZ3962,21:30:00,00:45:00,2019-07-15 15:25:10,3.9,980,44
3480,MF1262,CZ3962,21:30:00,00:45:00,2019-07-16 14:59:25,3.9,980,43
3557,MF1262,CZ3962,21:30:00,00:45:00,2019-07-17 14:30:16,3.5,880,42
3637,MF1262,CZ3962,21:30:00,00:45:00,2019-07-18 15:55:41,3.5,880,41
3717,MF1262,CZ3962,21:35:00,00:45:00,2019-07-19 14:28:48,3.5,880,40
3797,MF1262,CZ3962,21:35:00,00:45:00,2019-07-20 14:34:15,3.5,880,39
3877,MF1262,CZ3962,21:35:00,00:45:00,2019-07-21 14:53:23,3.5,880,38
3957,MF1262,CZ3962,21:35:00,00:45:00,2019-07-22 15:21:01,3.5,880,37
4037,MF1262,CZ3962,21:35:00,00:45:00,2019-07-23 15:57:44,3.5,880,36
4117,MF1262,CZ3962,21:35:00,00:45:00,2019-07-24 15:18:09,3.5,880,35
4197,MF1262,CZ3962,21:35:00,00:45:00,2019-07-25 15:36:09,3.5,880,34
4277,MF1262,CZ3962,21:35:00,00:45:00,2019-07-26 14:34:20,3.5,880,33
4357,MF1262,CZ3962,21:35:00,00:45:00,2019-07-27 15:25:12,3.5,880,32
4437,MF1262,CZ3962,21:35:00,00:45:00,2019-07-28 15:29:32,3.5,880,31
4517,MF1262,CZ3962,21:35:00,00:45:00,2019-07-29 15:35:15,3.5,880,30
4597,MF1262,CZ3962,21:35:00,00:45:00,2019-07-30 14:41:01,3.5,880,29
4677,MF1262,CZ3962,21:35:00,00:45:00,2019-07-31 15:54:28,5.4,1350,28
4757,MF1262,CZ3962,21:35:00,00:45:00,2019-08-01 15:43:43,5.4,1350,27
4837,MF1262,CZ3962,21:35:00,00:45:00,2019-08-02 15:04:40,5.4,1350,26
4917,MF1262,CZ3962,21:35:00,00:45:00,2019-08-03 14:59:45,5.4,1350,25
4997,MF1262,CZ3962,21:35:00,00:45:00,2019-08-04 15:50:36,5.4,1350,24
5077,MF1262,CZ3962,21:35:00,00:45:00,2019-08-05 15:03:12,5.4,1350,23
5157,MF1262,CZ3962,21:35:00,00:45:00,2019-08-06 14:53:02,5.4,1350,22
5236,MF1262,CZ3962,21:35:00,00:45:00,2019-08-07 15:11:18,5.4,1350,21
5342,MF1262,CZ3962,21:35:00,00:45:00,2019-08-08 15:31:40,5.4,1350,20
5397,MF1262,CZ3962,21:35:00,00:45:00,2019-08-09 15:26:23,5.4,1350,19
5473,MF1262,CZ3962,21:35:00,00:45:00,2019-08-10 16:22:22,5.4,1350,18
5544,MF1262,CZ3962,21:35:00,00:45:00,2019-08-11 15:10:04,5.4,1350,17
5623,MF1262,CZ3962,21:35:00,00:45:00,2019-08-12 13:40:51,5.4,1350,16
5700,MF1262,CZ3962,21:35:00,00:45:00,2019-08-13 16:19:19,5.4,1350,15
5776,MF1262,CZ3962,21:35:00,00:45:00,2019-08-14 14:36:29,5.4,1350,14
5852,MF1262,CZ3962,21:35:00,00:45:00,2019-08-15 15:35:08,5.4,1350,13
5928,MF1262,CZ3962,21:35:00,00:45:00,2019-08-16 14:38:19,5.4,1350,12
6004,MF1262,CZ3962,21:35:00,00:45:00,2019-08-17 15:40:17,5.4,1350,11
6080,MF1262,CZ3962,21:35:00,00:45:00,2019-08-18 15:11:31,5.4,1350,10
6156,MF1262,CZ3962,21:35:00,00:45:00,2019-08-19 16:20:04,5.4,1350,9
6232,MF1262,CZ3962,21:35:00,00:45:00,2019-08-20 14:43:48,5.4,1350,8
6271,MF1262,CZ3962,21:35:00,00:45:00,2019-08-21 17:32:48,5.4,1350,7
6383,MF1262,CZ3962,21:35:00,00:45:00,2019-08-22 16:28:58,5.4,1350,6
6459,MF1262,CZ3962,21:35:00,00:45:00,2019-08-23 15:55:02,5.4,1350,5
6534,MF1262,CZ3962,21:35:00,00:45:00,2019-08-24 17:05:07,5.4,1350,4
6611,MF1262,CZ3962,21:35:00,00:45:00,2019-08-25 17:30:52,7.4,1850,3
6687,MF1262,CZ3962,21:35:00,00:45:00,2019-08-26 15:05:42,7.4,1850,2
6763,MF1262,CZ3962,21:35:00,00:45:00,2019-08-27 15:40:16,8.4,2100,1
6858,MF1262,CZ3962,21:35:00,00:45:00,2019-08-28 13:33:40,8.4,2100,0
6878,MF1262,CZ3962,21:35:00,00:45:00,2019-08-29 16:55:42,8.4,2100,0
3280,MF8141,,19:55:00,23:05:00,2019-07-14 14:45:41,7.4,1850,45
3360,MF8141,,19:55:00,23:05:00,2019-07-15 15:25:10,7.4,1850,44
3516,MF8141,,19:55:00,23:05:00,2019-07-16 14:59:25,7.4,1850,43
3520,MF8141,,19:55:00,23:05:00,2019-07-17 14:30:16,7.4,1850,42
3600,MF8141,,19:55:00,23:05:00,2019-07-18 15:55:41,7.4,1850,41
3680,MF8141,,19:55:00,23:05:00,2019-07-19 14:28:48,7.4,1850,40
3760,MF8141,,19:55:00,23:05:00,2019-07-20 14:34:15,7.4,1850,39
3840,MF8141,,19:55:00,23:05:00,2019-07-21 14:53:23,7.4,1850,38
3920,MF8141,,19:55:00,23:05:00,2019-07-22 15:21:01,7.4,1850,37
4000,MF8141,,19:55:00,23:05:00,2019-07-23 15:57:44,7.4,1850,36
4080,MF8141,,19:55:00,23:05:00,2019-07-24 15:18:09,7.4,1850,35
4160,MF8141,,19:55:00,23:05:00,2019-07-25 15:36:09,7.4,1850,34
4240,MF8141,,19:55:00,23:05:00,2019-07-26 14:34:20,7.4,1850,33
4320,MF8141,,19:55:00,23:05:00,2019-07-27 15:25:12,7.4,1850,32
4400,MF8141,,19:55:00,23:05:00,2019-07-28 15:29:32,7.4,1850,31
4480,MF8141,,19:55:00,23:05:00,2019-07-29 15:35:15,7.4,1850,30
4560,MF8141,,19:55:00,23:05:00,2019-07-30 14:41:01,7.4,1850,29
4640,MF8141,,19:55:00,23:05:00,2019-07-31 15:54:28,7.4,1850,28
4720,MF8141,,19:55:00,23:05:00,2019-08-01 15:43:43,7.4,1850,27
4800,MF8141,,19:55:00,23:05:00,2019-08-02 15:04:40,7.4,1850,26
4880,MF8141,,19:55:00,23:05:00,2019-08-03 14:59:45,7.4,1850,25
4960,MF8141,,19:55:00,23:05:00,2019-08-04 15:50:36,7.4,1850,24
5040,MF8141,,19:55:00,23:05:00,2019-08-05 15:03:12,7.4,1850,23
5120,MF8141,,19:55:00,23:05:00,2019-08-06 14:53:02,7.4,1850,22
5200,MF8141,,19:55:00,23:05:00,2019-08-07 15:11:18,7.4,1850,21
5305,MF8141,,19:55:00,23:05:00,2019-08-08 15:31:40,7.4,1850,20
5360,MF8141,,19:55:00,23:05:00,2019-08-09 15:26:23,7.4,1850,19
5439,MF8141,,19:55:00,23:05:00,2019-08-10 16:22:22,7.4,1850,18
5514,MF8141,,19:55:00,23:05:00,2019-08-11 15:10:04,7.4,1850,17
5589,MF8141,,19:55:00,23:05:00,2019-08-12 13:40:51,7.4,1850,16
5665,MF8141,,19:55:00,23:05:00,2019-08-13 16:19:19,7.4,1850,15
5741,MF8141,,19:55:00,23:05:00,2019-08-14 14:36:29,7.4,1850,14
5817,MF8141,,19:55:00,23:05:00,2019-08-15 15:35:08,7.4,1850,13
5893,MF8141,,19:55:00,23:05:00,2019-08-16 14:38:19,7.4,1850,12
5969,MF8141,,19:55:00,23:05:00,2019-08-17 15:40:17,7.4,1850,11
6045,MF8141,,19:55:00,23:05:00,2019-08-18 15:11:31,7.4,1850,10
6121,MF8141,,19:55:00,23:05:00,2019-08-19 16:20:04,7.4,1850,9
6197,MF8141,,19:55:00,23:05:00,2019-08-20 14:43:48,7.4,1850,8
6273,MF8141,,19:55:00,23:05:00,2019-08-21 17:32:48,7.4,1850,7
6348,MF8141,,19:55:00,23:05:00,2019-08-22 16:28:58,7.4,1850,6
6424,MF8141,,19:55:00,23:05:00,2019-08-23 15:55:02,7.4,1850,5
6500,MF8141,,19:55:00,23:05:00,2019-08-24 17:05:07,7.4,1850,4
6576,MF8141,,19:55:00,23:05:00,2019-08-25 17:30:52,4.0,1000,3
6652,MF8141,,19:55:00,23:05:00,2019-08-26 15:05:42,4.0,1000,2
6728,MF8141,,19:55:00,23:05:00,2019-08-27 15:40:16,4.0,1000,1
6804,MF8141,,19:55:00,23:05:00,2019-08-28 13:33:40,3.8,950,0
6893,MF8141,,19:55:00,23:05:00,2019-08-29 16:55:42,5.4,1350,0
3346,MU4107,MF8141,19:55:00,23:05:00,2019-07-14 14:45:41,9.1,2270,45
3429,MU4107,MF8141,19:55:00,23:05:00,2019-07-15 15:25:10,9.1,2270,44
3450,MU4107,MF8141,19:55:00,23:05:00,2019-07-16 14:59:25,7.4,1850,43
3587,MU4107,MF8141,19:55:00,23:05:00,2019-07-17 14:30:16,7.4,1850,42
3666,MU4107,MF8141,19:55:00,23:05:00,2019-07-18 15:55:41,7.4,1850,41
3746,MU4107,MF8141,19:55:00,23:05:00,2019-07-19 14:28:48,7.4,1850,40
3829,MU4107,MF8141,19:55:00,23:05:00,2019-07-20 14:34:15,7.4,1850,39
3907,MU4107,MF8141,19:55:00,23:05:00,2019-07-21 14:53:23,7.4,1850,38
3986,MU4107,MF8141,19:55:00,23:05:00,2019-07-22 15:21:01,7.4,1850,37
4068,MU4107,MF8141,19:55:00,23:05:00,2019-07-23 15:57:44,7.4,1850,36
4146,MU4107,MF8141,19:55:00,23:05:00,2019-07-24 15:18:09,7.4,1850,35
4226,MU4107,MF8141,19:55:00,23:05:00,2019-07-25 15:36:09,7.4,1850,34
4309,MU4107,MF8141,19:55:00,23:05:00,2019-07-26 14:34:20,7.4,1850,33
4386,MU4107,MF8141,19:55:00,23:05:00,2019-07-27 15:25:12,7.4,1850,32
4467,MU4107,MF8141,19:55:00,23:05:00,2019-07-28 15:29:32,7.4,1850,31
4546,MU4107,MF8141,19:55:00,23:05:00,2019-07-29 15:35:15,7.4,1850,30
4626,MU4107,MF8141,19:55:00,23:05:00,2019-07-30 14:41:01,7.4,1850,29
4709,MU4107,MF8141,19:55:00,23:05:00,2019-07-31 15:54:28,7.4,1850,28
4787,MU4107,MF8141,19:55:00,23:05:00,2019-08-01 15:43:43,7.4,1850,27
4866,MU4107,MF8141,19:55:00,23:05:00,2019-08-02 15:04:40,7.4,1850,26
4948,MU4107,MF8141,19:55:00,23:05:00,2019-08-03 14:59:45,7.4,1850,25
5026,MU4107,MF8141,19:55:00,23:05:00,2019-08-04 15:50:36,7.4,1850,24
5106,MU4107,MF8141,19:55:00,23:05:00,2019-08-05 15:03:12,7.4,1850,23
5190,MU4107,MF8141,19:55:00,23:05:00,2019-08-06 14:53:02,7.4,1850,22
5266,MU4107,MF8141,19:55:00,23:05:00,2019-08-07 15:11:18,7.4,1850,21
5292,MU4107,MF8141,19:55:00,23:05:00,2019-08-08 15:31:40,7.4,1850,20
5426,MU4107,MF8141,19:55:00,23:05:00,2019-08-09 15:26:23,7.4,1850,19
5500,MU4107,MF8141,19:55:00,23:05:00,2019-08-10 16:22:22,7.4,1850,18
5572,MU4107,MF8141,19:55:00,23:05:00,2019-08-11 15:10:04,7.4,1850,17
5651,MU4107,MF8141,19:55:00,23:05:00,2019-08-12 13:40:51,7.4,1850,16
5727,MU4107,MF8141,19:55:00,23:05:00,2019-08-13 16:19:19,7.4,1850,15
5805,MU4107,MF8141,19:55:00,23:05:00,2019-08-14 14:36:29,7.4,1850,14
5879,MU4107,MF8141,19:55:00,23:05:00,2019-08-15 15:35:08,7.4,1850,13
5955,MU4107,MF8141,19:55:00,23:05:00,2019-08-16 14:38:19,7.4,1850,12
6034,MU4107,MF8141,19:55:00,23:05:00,2019-08-17 15:40:17,7.4,1850,11
6107,MU4107,MF8141,19:55:00,23:05:00,2019-08-18 15:11:31,7.4,1850,10
6183,MU4107,MF8141,19:55:00,23:05:00,2019-08-19 16:20:04,7.4,1850,9
6261,MU4107,MF8141,19:55:00,23:05:00,2019-08-20 14:43:48,7.4,1850,8
6335,MU4107,MF8141,19:55:00,23:05:00,2019-08-21 17:32:48,7.4,1850,7
6410,MU4107,MF8141,19:55:00,23:05:00,2019-08-22 16:28:58,7.4,1850,6
6489,MU4107,MF8141,19:55:00,23:05:00,2019-08-23 15:55:02,7.4,1850,5
6562,MU4107,MF8141,19:55:00,23:05:00,2019-08-24 17:05:07,7.4,1850,4
6638,MU4107,MF8141,19:55:00,23:05:00,2019-08-25 17:30:52,4.0,1000,3
6716,MU4107,MF8141,19:55:00,23:05:00,2019-08-26 15:05:42,4.0,1000,2
6790,MU4107,MF8141,19:55:00,23:05:00,2019-08-27 15:40:16,4.0,1000,1
6834,MU4107,MF8141,19:55:00,23:05:00,2019-08-28 13:33:40,4.0,1000,0
6890,MU4107,MF8141,19:55:00,23:05:00,2019-08-29 16:55:42,5.5,1380,0
3321,MU5392,,13:40:00,16:55:00,2019-07-14 14:45:41,6.6,1500,45
3403,MU5392,,13:40:00,16:55:00,2019-07-15 15:25:10,6.6,1500,44
3475,MU5392,,13:40:00,16:55:00,2019-07-16 14:59:25,6.6,1500,43
3562,MU5392,,13:40:00,16:55:00,2019-07-17 14:30:16,6.6,1500,42
3641,MU5392,,13:40:00,16:55:00,2019-07-18 15:55:41,6.1,1390,41
3721,MU5392,,13:40:00,16:55:00,2019-07-19 14:28:48,6.1,1390,40
3804,MU5392,,13:40:00,16:55:00,2019-07-20 14:34:15,6.1,1390,39
3882,MU5392,,13:40:00,16:55:00,2019-07-21 14:53:23,6.1,1390,38
3961,MU5392,,13:40:00,16:55:00,2019-07-22 15:21:01,6.1,1390,37
4043,MU5392,,13:40:00,16:55:00,2019-07-23 15:57:44,6.1,1390,36
4121,MU5392,,13:40:00,16:55:00,2019-07-24 15:18:09,6.1,1390,35
4201,MU5392,,13:40:00,16:55:00,2019-07-25 15:36:09,6.1,1390,34
4284,MU5392,,13:40:00,16:55:00,2019-07-26 14:34:20,6.1,1390,33
4361,MU5392,,13:40:00,16:55:00,2019-07-27 15:25:12,5.8,1320,32
4442,MU5392,,13:40:00,16:55:00,2019-07-28 15:29:32,5.8,1320,31
4521,MU5392,,13:40:00,16:55:00,2019-07-29 15:35:15,5.8,1320,30
4601,MU5392,,13:40:00,16:55:00,2019-07-30 14:41:01,5.8,1320,29
4684,MU5392,,13:40:00,16:55:00,2019-07-31 15:54:28,5.8,1320,28
4762,MU5392,,13:40:00,16:55:00,2019-08-01 15:43:43,5.8,1320,27
4841,MU5392,,13:40:00,16:55:00,2019-08-02 15:04:40,5.8,1320,26
4923,MU5392,,13:40:00,16:55:00,2019-08-03 14:59:45,5.8,1320,25
5001,MU5392,,13:40:00,16:55:00,2019-08-04 15:50:36,5.8,1320,24
5081,MU5392,,13:40:00,16:55:00,2019-08-05 15:03:12,5.6,1280,23
5165,MU5392,,13:40:00,16:55:00,2019-08-06 14:53:02,4.9,1110,22
5241,MU5392,,13:40:00,16:55:00,2019-08-07 15:11:18,4.4,1000,21
5347,MU5392,,13:40:00,16:55:00,2019-08-08 15:31:40,4.4,1000,20
5402,MU5392,,13:40:00,16:55:00,2019-08-09 15:26:23,4.4,1000,19
5478,MU5392,,13:40:00,16:55:00,2019-08-10 16:22:22,4.4,1000,18
5549,MU5392,,13:40:00,16:55:00,2019-08-11 15:10:04,4.3,990,17
5628,MU5392,,13:40:00,16:55:00,2019-08-12 13:40:51,4.3,970,16
5704,MU5392,,13:40:00,16:55:00,2019-08-13 16:19:19,4.4,1000,15
5782,MU5392,,13:40:00,16:55:00,2019-08-14 14:36:29,4.4,1000,14
5856,MU5392,,13:40:00,16:55:00,2019-08-15 15:35:08,4.4,1000,13
5932,MU5392,,13:40:00,16:55:00,2019-08-16 14:38:19,4.4,1000,12
6011,MU5392,,13:40:00,16:55:00,2019-08-17 15:40:17,4.3,970,11
6085,MU5392,,13:40:00,16:55:00,2019-08-18 15:11:31,4.4,1000,10
6160,MU5392,,13:40:00,16:55:00,2019-08-19 16:20:04,3.8,870,9
6238,MU5392,,13:40:00,16:55:00,2019-08-20 14:43:48,3.7,840,8
6312,MU5392,,13:40:00,16:55:00,2019-08-21 17:32:48,3.8,870,7
6387,MU5392,,13:40:00,16:55:00,2019-08-22 16:28:58,3.8,870,6
6466,MU5392,,13:40:00,16:55:00,2019-08-23 15:55:02,3.8,870,5
6539,MU5392,,13:40:00,16:55:00,2019-08-24 17:05:07,4.4,1000,4
6615,MU5392,,13:40:00,16:55:00,2019-08-25 17:30:52,4.4,1000,3
6693,MU5392,,13:40:00,16:55:00,2019-08-26 15:05:42,5.8,1320,2
6768,MU5392,,13:40:00,16:55:00,2019-08-27 15:40:16,6.4,1460,1
6862,MU5392,,13:40:00,16:55:00,2019-08-28 13:33:40,7.1,1620,0
3329,NS8141,MF8141,19:55:00,23:05:00,2019-07-14 14:45:41,7.4,1840,45
3412,NS8141,MF8141,19:55:00,23:05:00,2019-07-15 15:25:10,7.4,1840,44
3467,NS8141,MF8141,19:55:00,23:05:00,2019-07-16 14:59:25,7.4,1840,43
3570,NS8141,MF8141,19:55:00,23:05:00,2019-07-17 14:30:16,7.4,1840,42
3649,NS8141,MF8141,19:55:00,23:05:00,2019-07-18 15:55:41,7.4,1840,41
3729,NS8141,MF8141,19:55:00,23:05:00,2019-07-19 14:28:48,7.4,1840,40
3812,NS8141,MF8141,19:55:00,23:05:00,2019-07-20 14:34:15,7.4,1840,39
3890,NS8141,MF8141,19:55:00,23:05:00,2019-07-21 14:53:23,7.4,1840,38
3969,NS8141,MF8141,19:55:00,23:05:00,2019-07-22 15:21:01,7.4,1840,37
4051,NS8141,MF8141,19:55:00,23:05:00,2019-07-23 15:57:44,7.4,1840,36
4129,NS8141,MF8141,19:55:00,23:05:00,2019-07-24 15:18:09,7.4,1840,35
4209,NS8141,MF8141,19:55:00,23:05:00,2019-07-25 15:36:09,7.4,1840,34
4292,NS8141,MF8141,19:55:00,23:05:00,2019-07-26 14:34:20,7.4,1840,33
4369,NS8141,MF8141,19:55:00,23:05:00,2019-07-27 15:25:12,7.4,1840,32
4450,NS8141,MF8141,19:55:00,23:05:00,2019-07-28 15:29:32,7.4,1840,31
4529,NS8141,MF8141,19:55:00,23:05:00,2019-07-29 15:35:15,7.4,1840,30
4609,NS8141,MF8141,19:55:00,23:05:00,2019-07-30 14:41:01,7.4,1840,29
4692,NS8141,MF8141,19:55:00,23:05:00,2019-07-31 15:54:28,7.4,1840,28
4770,NS8141,MF8141,19:55:00,23:05:00,2019-08-01 15:43:43,7.4,1840,27
4849,NS8141,MF8141,19:55:00,23:05:00,2019-08-02 15:04:40,7.4,1840,26
4931,NS8141,MF8141,19:55:00,23:05:00,2019-08-03 14:59:45,7.4,1840,25
5009,NS8141,MF8141,19:55:00,23:05:00,2019-08-04 15:50:36,7.4,1840,24
5089,NS8141,MF8141,19:55:00,23:05:00,2019-08-05 15:03:12,7.4,1840,23
5173,NS8141,MF8141,19:55:00,23:05:00,2019-08-06 14:53:02,7.4,1840,22
5249,NS8141,MF8141,19:55:00,23:05:00,2019-08-07 15:11:18,7.4,1840,21
5355,NS8141,MF8141,19:55:00,23:05:00,2019-08-08 15:31:40,7.4,1840,20
5410,NS8141,MF8141,19:55:00,23:05:00,2019-08-09 15:26:23,7.4,1840,19
5486,NS8141,MF8141,19:55:00,23:05:00,2019-08-10 16:22:22,7.4,1840,18
5557,NS8141,MF8141,19:55:00,23:05:00,2019-08-11 15:10:04,7.4,1840,17
5636,NS8141,MF8141,19:55:00,23:05:00,2019-08-12 13:40:51,7.4,1840,16
5712,NS8141,MF8141,19:55:00,23:05:00,2019-08-13 16:19:19,7.4,1840,15
5790,NS8141,MF8141,19:55:00,23:05:00,2019-08-14 14:36:29,7.4,1840,14
5864,NS8141,MF8141,19:55:00,23:05:00,2019-08-15 15:35:08,7.4,1840,13
5940,NS8141,MF8141,19:55:00,23:05:00,2019-08-16 14:38:19,7.4,1840,12
6019,NS8141,MF8141,19:55:00,23:05:00,2019-08-17 15:40:17,7.4,1840,11
6092,NS8141,MF8141,19:55:00,23:05:00,2019-08-18 15:11:31,7.4,1840,10
6168,NS8141,MF8141,19:55:00,23:05:00,2019-08-19 16:20:04,7.4,1840,9
6246,NS8141,MF8141,19:55:00,23:05:00,2019-08-20 14:43:48,7.4,1840,8
6320,NS8141,MF8141,19:55:00,23:05:00,2019-08-21 17:32:48,7.4,1840,7
6395,NS8141,MF8141,19:55:00,23:05:00,2019-08-22 16:28:58,7.4,1840,6
6474,NS8141,MF8141,19:55:00,23:05:00,2019-08-23 15:55:02,7.4,1840,5
6547,NS8141,MF8141,19:55:00,23:05:00,2019-08-24 17:05:07,7.4,1840,4
6623,NS8141,MF8141,19:55:00,23:05:00,2019-08-25 17:30:52,4.0,1000,3
6701,NS8141,MF8141,19:55:00,23:05:00,2019-08-26 15:05:42,4.0,1000,2
6775,NS8141,MF8141,19:55:00,23:05:00,2019-08-27 15:40:16,4.0,1000,1
6870,NS8141,MF8141,19:55:00,23:05:00,2019-08-28 13:33:40,4.0,1000,0
6896,NS8141,MF8141,19:55:00,23:05:00,2019-08-29 16:55:42,5.4,1350,0
3353,Y87704,HU7704,12:50:00,16:00:00,2019-07-14 14:45:41,7.6,1900,45
3436,Y87704,HU7704,12:50:00,16:00:00,2019-07-15 15:25:10,7.6,1900,44
3443,Y87704,HU7704,12:50:00,16:00:00,2019-07-16 14:59:25,7.6,1900,43
3594,Y87704,HU7704,12:50:00,16:00:00,2019-07-17 14:30:16,7.6,1900,42
3673,Y87704,HU7704,12:50:00,16:00:00,2019-07-18 15:55:41,7.6,1900,41
3753,Y87704,HU7704,12:50:00,16:00:00,2019-07-19 14:28:48,7.6,1900,40
3836,Y87704,HU7704,12:50:00,16:00:00,2019-07-20 14:34:15,7.6,1900,39
3914,Y87704,HU7704,12:50:00,16:00:00,2019-07-21 14:53:23,7.6,1900,38
3993,Y87704,HU7704,12:50:00,16:00:00,2019-07-22 15:21:01,7.6,1900,37
4075,Y87704,HU7704,12:50:00,16:00:00,2019-07-23 15:57:44,7.6,1900,36
4153,Y87704,HU7704,12:50:00,16:00:00,2019-07-24 15:18:09,7.6,1900,35
4233,Y87704,HU7704,12:50:00,16:00:00,2019-07-25 15:36:09,7.6,1900,34
4316,Y87704,HU7704,12:50:00,16:00:00,2019-07-26 14:34:20,7.6,1900,33
4393,Y87704,HU7704,12:50:00,16:00:00,2019-07-27 15:25:12,7.6,1900,32
4474,Y87704,HU7704,12:50:00,16:00:00,2019-07-28 15:29:32,7.6,1900,31
4553,Y87704,HU7704,12:50:00,16:00:00,2019-07-29 15:35:15,7.6,1900,30
4633,Y87704,HU7704,12:50:00,16:00:00,2019-07-30 14:41:01,7.6,1900,29
4716,Y87704,HU7704,12:50:00,16:00:00,2019-07-31 15:54:28,7.6,1900,28
4794,Y87704,HU7704,12:50:00,16:00:00,2019-08-01 15:43:43,7.6,1900,27
4873,Y87704,HU7704,12:50:00,16:00:00,2019-08-02 15:04:40,7.6,1900,26
4955,Y87704,HU7704,12:50:00,16:00:00,2019-08-03 14:59:45,7.6,1900,25
5033,Y87704,HU7704,12:50:00,16:00:00,2019-08-04 15:50:36,7.6,1900,24
5113,Y87704,HU7704,12:50:00,16:00:00,2019-08-05 15:03:12,7.6,1900,23
5197,Y87704,HU7704,12:50:00,16:00:00,2019-08-06 14:53:02,6.8,1700,22
5273,Y87704,HU7704,12:50:00,16:00:00,2019-08-07 15:11:18,6.8,1700,21
5299,Y87704,HU7704,12:50:00,16:00:00,2019-08-08 15:31:40,6.8,1700,20
5433,Y87704,HU7704,12:50:00,16:00:00,2019-08-09 15:26:23,6.8,1700,19
5507,Y87704,HU7704,12:50:00,16:00:00,2019-08-10 16:22:22,6.8,1700,18
5580,Y87704,HU7704,12:50:00,16:00:00,2019-08-11 15:10:04,6.8,1700,17
5658,Y87704,HU7704,12:50:00,16:00:00,2019-08-12 13:40:51,6.8,1700,16
5734,Y87704,HU7704,12:50:00,16:00:00,2019-08-13 16:19:19,6.8,1700,15
5812,Y87704,HU7704,12:50:00,16:00:00,2019-08-14 14:36:29,6.8,1700,14
5886,Y87704,HU7704,12:50:00,16:00:00,2019-08-15 15:35:08,6.0,1500,13
5962,Y87704,HU7704,12:50:00,16:00:00,2019-08-16 14:38:19,6.0,1500,12
6041,Y87704,HU7704,12:50:00,16:00:00,2019-08-17 15:40:17,6.0,1500,11
6114,Y87704,HU7704,12:50:00,16:00:00,2019-08-18 15:11:31,6.0,1500,10
6190,Y87704,HU7704,12:50:00,16:00:00,2019-08-19 16:20:04,6.0,1500,9
6268,Y87704,HU7704,12:50:00,16:00:00,2019-08-20 14:43:48,6.0,1500,8
6342,Y87704,HU7704,12:50:00,16:00:00,2019-08-21 17:32:48,6.0,1500,7
6417,Y87704,HU7704,12:50:00,16:00:00,2019-08-22 16:28:58,6.0,1500,6
6496,Y87704,HU7704,12:50:00,16:00:00,2019-08-23 15:55:02,6.0,1500,5
6569,Y87704,HU7704,12:50:00,16:00:00,2019-08-24 17:05:07,3.2,800,4
6645,Y87704,HU7704,12:50:00,16:00:00,2019-08-25 17:30:52,6.0,1500,3
6723,Y87704,HU7704,12:50:00,16:00:00,2019-08-26 15:05:42,5.4,1350,2
6797,Y87704,HU7704,12:50:00,16:00:00,2019-08-27 15:40:16,5.4,1350,1
6841,Y87704,HU7704,12:50:00,16:00:00,2019-08-28 13:33:40,6.8,1700,0
3300,ZH1304,CA1304,18:00:00,21:15:00,2019-07-14 14:45:41,6.6,1640,45
3405,ZH1304,CA1304,18:00:00,21:15:00,2019-07-15 15:25:10,6.6,1640,44
3497,ZH1304,CA1304,18:00:00,21:15:00,2019-07-16 14:59:25,6.6,1640,43
3540,ZH1304,CA1304,18:00:00,21:15:00,2019-07-17 14:30:16,6.6,1640,42
3620,ZH1304,CA1304,18:00:00,21:15:00,2019-07-18 15:55:41,6.6,1640,41
3700,ZH1304,CA1304,18:00:00,21:15:00,2019-07-19 14:28:48,6.6,1640,40
3780,ZH1304,CA1304,18:00:00,21:15:00,2019-07-20 14:34:15,6.6,1640,39
3860,ZH1304,CA1304,18:00:00,21:15:00,2019-07-21 14:53:23,6.6,1640,38
3940,ZH1304,CA1304,18:00:00,21:15:00,2019-07-22 15:21:01,6.6,1640,37
4020,ZH1304,CA1304,18:00:00,21:15:00,2019-07-23 15:57:44,6.6,1640,36
4100,ZH1304,CA1304,18:00:00,21:15:00,2019-07-24 15:18:09,6.6,1640,35
4180,ZH1304,CA1304,18:00:00,21:15:00,2019-07-25 15:36:09,6.6,1640,34
4260,ZH1304,CA1304,18:00:00,21:15:00,2019-07-26 14:34:20,6.6,1640,33
4340,ZH1304,CA1304,18:00:00,21:15:00,2019-07-27 15:25:12,6.6,1640,32
4420,ZH1304,CA1304,18:00:00,21:15:00,2019-07-28 15:29:32,6.6,1640,31
4500,ZH1304,CA1304,18:00:00,21:15:00,2019-07-29 15:35:15,6.6,1640,30
4580,ZH1304,CA1304,18:00:00,21:15:00,2019-07-30 14:41:01,6.6,1640,29
4660,ZH1304,CA1304,18:00:00,21:15:00,2019-07-31 15:54:28,6.6,1640,28
4740,ZH1304,CA1304,18:00:00,21:15:00,2019-08-01 15:43:43,6.6,1640,27
4820,ZH1304,CA1304,18:00:00,21:15:00,2019-08-02 15:04:40,6.6,1640,26
4900,ZH1304,CA1304,18:00:00,21:15:00,2019-08-03 14:59:45,6.6,1650,25
4980,ZH1304,CA1304,18:00:00,21:15:00,2019-08-04 15:50:36,6.6,1640,24
5060,ZH1304,CA1304,18:00:00,21:15:00,2019-08-05 15:03:12,6.6,1640,23
5140,ZH1304,CA1304,18:00:00,21:15:00,2019-08-06 14:53:02,4.2,1050,22
5219,ZH1304,CA1304,18:00:00,21:15:00,2019-08-07 15:11:18,3.5,880,21
5325,ZH1304,CA1304,18:00:00,21:15:00,2019-08-08 15:31:40,3.0,750,20
5380,ZH1304,CA1304,18:00:00,21:15:00,2019-08-09 15:26:23,3.1,771,19
5457,ZH1304,CA1304,18:00:00,21:15:00,2019-08-10 16:22:22,3.5,880,18
5528,ZH1304,CA1304,18:00:00,21:15:00,2019-08-11 15:10:04,3.5,880,17
5608,ZH1304,CA1304,18:00:00,21:15:00,2019-08-12 13:40:51,3.5,880,16
5684,ZH1304,CA1304,18:00:00,21:15:00,2019-08-13 16:19:19,3.5,880,15
5760,ZH1304,CA1304,18:00:00,21:15:00,2019-08-14 14:36:29,3.5,880,14
5836,ZH1304,CA1304,18:00:00,21:15:00,2019-08-15 15:35:08,4.2,1050,13
5912,ZH1304,CA1304,18:00:00,21:15:00,2019-08-16 14:38:19,4.2,1050,12
5988,ZH1304,CA1304,18:00:00,21:15:00,2019-08-17 15:40:17,4.2,1050,11
6064,ZH1304,CA1304,18:00:00,21:15:00,2019-08-18 15:11:31,4.2,1050,10
6140,ZH1304,CA1304,18:00:00,21:15:00,2019-08-19 16:20:04,4.2,1050,9
6216,ZH1304,CA1304,18:00:00,21:15:00,2019-08-20 14:43:48,4.2,1050,8
6292,ZH1304,CA1304,18:00:00,21:15:00,2019-08-21 17:32:48,4.2,1050,7
6367,ZH1304,CA1304,18:00:00,21:15:00,2019-08-22 16:28:58,4.2,1050,6
6443,ZH1304,CA1304,18:00:00,21:15:00,2019-08-23 15:55:02,4.2,1050,5
6518,ZH1304,CA1304,18:00:00,21:15:00,2019-08-24 17:05:07,8.4,2090,4
6595,ZH1304,CA1304,18:00:00,21:15:00,2019-08-25 17:30:52,6.6,1640,3
6671,ZH1304,CA1304,18:00:00,21:15:00,2019-08-26 15:05:42,8.4,2090,2
6747,ZH1304,CA1304,18:00:00,21:15:00,2019-08-27 15:40:16,9.3,2330,1
6821,ZH1304,CA1304,18:00:00,21:15:00,2019-08-28 13:33:40,9.7,2430,0
6889,ZH1304,CA1304,18:00:00,21:15:00,2019-08-29 16:55:42,9.7,2430,0
3322,ZH1306,CA1306,08:55:00,12:05:00,2019-07-14 14:45:41,7.4,1840,45
3404,ZH1306,CA1306,08:55:00,12:05:00,2019-07-15 15:25:10,7.4,1840,44
3474,ZH1306,CA1306,08:55:00,12:05:00,2019-07-16 14:59:25,7.4,1840,43
3563,ZH1306,CA1306,08:55:00,12:05:00,2019-07-17 14:30:16,7.4,1840,42
3642,ZH1306,CA1306,08:55:00,12:05:00,2019-07-18 15:55:41,7.4,1840,41
3722,ZH1306,CA1306,08:55:00,12:05:00,2019-07-19 14:28:48,7.4,1840,40
3805,ZH1306,CA1306,08:55:00,12:05:00,2019-07-20 14:34:15,6.6,1640,39
3883,ZH1306,CA1306,08:55:00,12:05:00,2019-07-21 14:53:23,6.6,1640,38
3962,ZH1306,CA1306,08:55:00,12:05:00,2019-07-22 15:21:01,6.6,1640,37
4044,ZH1306,CA1306,08:55:00,12:05:00,2019-07-23 15:57:44,6.6,1640,36
4122,ZH1306,CA1306,08:55:00,12:05:00,2019-07-24 15:18:09,6.6,1640,35
4202,ZH1306,CA1306,08:55:00,12:05:00,2019-07-25 15:36:09,6.6,1640,34
4285,ZH1306,CA1306,08:55:00,12:05:00,2019-07-26 14:34:20,6.6,1640,33
4362,ZH1306,CA1306,08:55:00,12:05:00,2019-07-27 15:25:12,6.6,1640,32
4443,ZH1306,CA1306,08:55:00,12:05:00,2019-07-28 15:29:32,6.6,1640,31
4522,ZH1306,CA1306,08:55:00,12:05:00,2019-07-29 15:35:15,6.6,1640,30
4602,ZH1306,CA1306,08:55:00,12:05:00,2019-07-30 14:41:01,6.6,1640,29
4685,ZH1306,CA1306,08:55:00,12:05:00,2019-07-31 15:54:28,6.6,1640,28
4763,ZH1306,CA1306,08:55:00,12:05:00,2019-08-01 15:43:43,6.6,1640,27
4842,ZH1306,CA1306,08:55:00,12:05:00,2019-08-02 15:04:40,6.6,1640,26
4924,ZH1306,CA1306,08:55:00,12:05:00,2019-08-03 14:59:45,6.6,1650,25
5002,ZH1306,CA1306,08:55:00,12:05:00,2019-08-04 15:50:36,6.6,1640,24
5082,ZH1306,CA1306,08:55:00,12:05:00,2019-08-05 15:03:12,6.6,1640,23
5166,ZH1306,CA1306,08:55:00,12:05:00,2019-08-06 14:53:02,5.4,1340,22
5242,ZH1306,CA1306,08:55:00,12:05:00,2019-08-07 15:11:18,5.4,1340,21
5348,ZH1306,CA1306,08:55:00,12:05:00,2019-08-08 15:31:40,4.2,1050,20
5403,ZH1306,CA1306,08:55:00,12:05:00,2019-08-09 15:26:23,4.2,1050,19
5479,ZH1306,CA1306,08:55:00,12:05:00,2019-08-10 16:22:22,4.2,1050,18
5550,ZH1306,CA1306,08:55:00,12:05:00,2019-08-11 15:10:04,4.2,1050,17
5629,ZH1306,CA1306,08:55:00,12:05:00,2019-08-12 13:40:51,4.2,1050,16
5705,ZH1306,CA1306,08:55:00,12:05:00,2019-08-13 16:19:19,4.2,1050,15
5783,ZH1306,CA1306,08:55:00,12:05:00,2019-08-14 14:36:29,4.2,1050,14
5857,ZH1306,CA1306,08:55:00,12:05:00,2019-08-15 15:35:08,4.2,1050,13
5933,ZH1306,CA1306,08:55:00,12:05:00,2019-08-16 14:38:19,3.5,880,12
6012,ZH1306,CA1306,08:55:00,12:05:00,2019-08-17 15:40:17,3.5,880,11
6086,ZH1306,CA1306,08:55:00,12:05:00,2019-08-18 15:11:31,3.5,880,10
6161,ZH1306,CA1306,08:55:00,12:05:00,2019-08-19 16:20:04,3.5,874,9
6239,ZH1306,CA1306,08:55:00,12:05:00,2019-08-20 14:43:48,3.5,880,8
6313,ZH1306,CA1306,08:55:00,12:05:00,2019-08-21 17:32:48,4.2,1050,7
6388,ZH1306,CA1306,08:55:00,12:05:00,2019-08-22 16:28:58,4.2,1050,6
6467,ZH1306,CA1306,08:55:00,12:05:00,2019-08-23 15:55:02,5.4,1340,5
6540,ZH1306,CA1306,08:55:00,12:05:00,2019-08-24 17:05:07,7.4,1840,4
6616,ZH1306,CA1306,08:55:00,12:05:00,2019-08-25 17:30:52,7.4,1840,3
6694,ZH1306,CA1306,08:55:00,12:05:00,2019-08-26 15:05:42,5.4,1340,2
6769,ZH1306,CA1306,08:55:00,12:05:00,2019-08-27 15:40:16,6.6,1640,1
6863,ZH1306,CA1306,08:55:00,12:05:00,2019-08-28 13:33:40,7.4,1840,0
3351,ZH1308,CA1308,09:55:00,13:05:00,2019-07-14 14:45:41,8.4,2090,45
3434,ZH1308,CA1308,09:55:00,13:05:00,2019-07-15 15:25:10,8.4,2090,44
3445,ZH1308,CA1308,09:55:00,13:05:00,2019-07-16 14:59:25,8.4,2090,43
3592,ZH1308,CA1308,09:55:00,13:05:00,2019-07-17 14:30:16,8.4,2090,42
3671,ZH1308,CA1308,09:55:00,13:05:00,2019-07-18 15:55:41,8.4,2090,41
3751,ZH1308,CA1308,09:55:00,13:05:00,2019-07-19 14:28:48,8.4,2090,40
3834,ZH1308,CA1308,09:55:00,13:05:00,2019-07-20 14:34:15,7.4,1840,39
3912,ZH1308,CA1308,09:55:00,13:05:00,2019-07-21 14:53:23,7.4,1840,38
3991,ZH1308,CA1308,09:55:00,13:05:00,2019-07-22 15:21:01,7.4,1840,37
4073,ZH1308,CA1308,09:55:00,13:05:00,2019-07-23 15:57:44,7.4,1840,36
4151,ZH1308,CA1308,09:55:00,13:05:00,2019-07-24 15:18:09,7.4,1840,35
4231,ZH1308,CA1308,09:55:00,13:05:00,2019-07-25 15:36:09,7.4,1840,34
4314,ZH1308,CA1308,09:55:00,13:05:00,2019-07-26 14:34:20,7.4,1840,33
4391,ZH1308,CA1308,09:55:00,13:05:00,2019-07-27 15:25:12,7.4,1840,32
4472,ZH1308,CA1308,09:55:00,13:05:00,2019-07-28 15:29:32,7.4,1840,31
4551,ZH1308,CA1308,09:55:00,13:05:00,2019-07-29 15:35:15,7.4,1840,30
4631,ZH1308,CA1308,09:55:00,13:05:00,2019-07-30 14:41:01,7.4,1840,29
4714,ZH1308,CA1308,09:55:00,13:05:00,2019-07-31 15:54:28,7.4,1840,28
4792,ZH1308,CA1308,09:55:00,13:05:00,2019-08-01 15:43:43,7.4,1840,27
4871,ZH1308,CA1308,09:55:00,13:05:00,2019-08-02 15:04:40,7.4,1840,26
4953,ZH1308,CA1308,09:55:00,13:05:00,2019-08-03 14:59:45,7.4,1840,25
5031,ZH1308,CA1308,09:55:00,13:05:00,2019-08-04 15:50:36,7.4,1840,24
5111,ZH1308,CA1308,09:55:00,13:05:00,2019-08-05 15:03:12,7.4,1840,23
5195,ZH1308,CA1308,09:55:00,13:05:00,2019-08-06 14:53:02,5.4,1340,22
5271,ZH1308,CA1308,09:55:00,13:05:00,2019-08-07 15:11:18,5.4,1340,21
5297,ZH1308,CA1308,09:55:00,13:05:00,2019-08-08 15:31:40,4.2,1050,20
5431,ZH1308,CA1308,09:55:00,13:05:00,2019-08-09 15:26:23,4.2,1050,19
5505,ZH1308,CA1308,09:55:00,13:05:00,2019-08-10 16:22:22,4.2,1050,18
5578,ZH1308,CA1308,09:55:00,13:05:00,2019-08-11 15:10:04,4.2,1050,17
5656,ZH1308,CA1308,09:55:00,13:05:00,2019-08-12 13:40:51,4.2,1050,16
5732,ZH1308,CA1308,09:55:00,13:05:00,2019-08-13 16:19:19,4.2,1050,15
5810,ZH1308,CA1308,09:55:00,13:05:00,2019-08-14 14:36:29,4.2,1050,14
5884,ZH1308,CA1308,09:55:00,13:05:00,2019-08-15 15:35:08,4.2,1050,13
5960,ZH1308,CA1308,09:55:00,13:05:00,2019-08-16 14:38:19,5.4,1340,12
6039,ZH1308,CA1308,09:55:00,13:05:00,2019-08-17 15:40:17,5.4,1340,11
6112,ZH1308,CA1308,09:55:00,13:05:00,2019-08-18 15:11:31,5.4,1340,10
6188,ZH1308,CA1308,09:55:00,13:05:00,2019-08-19 16:20:04,5.4,1340,9
6266,ZH1308,CA1308,09:55:00,13:05:00,2019-08-20 14:43:48,4.2,1050,8
6340,ZH1308,CA1308,09:55:00,13:05:00,2019-08-21 17:32:48,4.2,1050,7
6415,ZH1308,CA1308,09:55:00,13:05:00,2019-08-22 16:28:58,5.4,1340,6
6494,ZH1308,CA1308,09:55:00,13:05:00,2019-08-23 15:55:02,5.4,1340,5
6567,ZH1308,CA1308,09:55:00,13:05:00,2019-08-24 17:05:07,8.4,2090,4
6643,ZH1308,CA1308,09:55:00,13:05:00,2019-08-25 17:30:52,8.4,2090,3
6721,ZH1308,CA1308,09:55:00,13:05:00,2019-08-26 15:05:42,6.6,1640,2
6795,ZH1308,CA1308,09:55:00,13:05:00,2019-08-27 15:40:16,7.4,1840,1
6839,ZH1308,CA1308,09:55:00,13:05:00,2019-08-28 13:33:40,7.4,1840,0
3357,ZH1314,CA1314,16:00:00,19:20:00,2019-07-14 14:45:41,7.4,1840,45
3399,ZH1314,CA1314,16:00:00,19:20:00,2019-07-15 15:25:10,7.4,1840,44
3439,ZH1314,CA1314,16:00:00,19:20:00,2019-07-16 14:59:25,7.4,1840,43
3518,ZH1314,CA1314,16:00:00,19:20:00,2019-07-17 14:30:16,7.4,1840,42
3677,ZH1314,CA1314,16:00:00,19:20:00,2019-07-18 15:55:41,7.4,1840,41
3757,ZH1314,CA1314,16:00:00,19:20:00,2019-07-19 14:28:48,7.4,1840,40
3799,ZH1314,CA1314,16:00:00,19:20:00,2019-07-20 14:34:15,6.6,1640,39
3838,ZH1314,CA1314,16:00:00,19:20:00,2019-07-21 14:53:23,6.6,1640,38
3997,ZH1314,CA1314,16:00:00,19:20:00,2019-07-22 15:21:01,6.6,1640,37
4038,ZH1314,CA1314,16:00:00,19:20:00,2019-07-23 15:57:44,6.6,1640,36
4157,ZH1314,CA1314,16:00:00,19:20:00,2019-07-24 15:18:09,6.6,1640,35
4237,ZH1314,CA1314,16:00:00,19:20:00,2019-07-25 15:36:09,6.6,1640,34
4279,ZH1314,CA1314,16:00:00,19:20:00,2019-07-26 14:34:20,6.6,1640,33
4397,ZH1314,CA1314,16:00:00,19:20:00,2019-07-27 15:25:12,6.6,1640,32
4398,ZH1314,CA1314,16:00:00,19:20:00,2019-07-28 15:29:32,6.6,1640,31
4557,ZH1314,CA1314,16:00:00,19:20:00,2019-07-29 15:35:15,6.6,1640,30
4637,ZH1314,CA1314,16:00:00,19:20:00,2019-07-30 14:41:01,6.6,1640,29
4679,ZH1314,CA1314,16:00:00,19:20:00,2019-07-31 15:54:28,6.6,1640,28
4718,ZH1314,CA1314,16:00:00,19:20:00,2019-08-01 15:43:43,6.6,1640,27
4877,ZH1314,CA1314,16:00:00,19:20:00,2019-08-02 15:04:40,6.6,1640,26
4918,ZH1314,CA1314,16:00:00,19:20:00,2019-08-03 14:59:45,6.6,1650,25
5037,ZH1314,CA1314,16:00:00,19:20:00,2019-08-04 15:50:36,6.6,1640,24
5117,ZH1314,CA1314,16:00:00,19:20:00,2019-08-05 15:03:12,6.6,1640,23
5160,ZH1314,CA1314,16:00:00,19:20:00,2019-08-06 14:53:02,4.2,1050,22
5277,ZH1314,CA1314,16:00:00,19:20:00,2019-08-07 15:11:18,4.2,1050,21
5303,ZH1314,CA1314,16:00:00,19:20:00,2019-08-08 15:31:40,4.2,1050,20
5358,ZH1314,CA1314,16:00:00,19:20:00,2019-08-09 15:26:23,4.2,1050,19
5511,ZH1314,CA1314,16:00:00,19:20:00,2019-08-10 16:22:22,4.2,1050,18
5575,ZH1314,CA1314,16:00:00,19:20:00,2019-08-11 15:10:04,4.2,1050,17
5662,ZH1314,CA1314,16:00:00,19:20:00,2019-08-12 13:40:51,4.2,1050,16
5738,ZH1314,CA1314,16:00:00,19:20:00,2019-08-13 16:19:19,4.2,1050,15
5777,ZH1314,CA1314,16:00:00,19:20:00,2019-08-14 14:36:29,4.2,1050,14
5890,ZH1314,CA1314,16:00:00,19:20:00,2019-08-15 15:35:08,4.2,1050,13
5966,ZH1314,CA1314,16:00:00,19:20:00,2019-08-16 14:38:19,4.2,1050,12
6006,ZH1314,CA1314,16:00:00,19:20:00,2019-08-17 15:40:17,4.2,1050,11
6118,ZH1314,CA1314,16:00:00,19:20:00,2019-08-18 15:11:31,4.2,1050,10
6194,ZH1314,CA1314,16:00:00,19:20:00,2019-08-19 16:20:04,4.2,1050,9
6233,ZH1314,CA1314,16:00:00,19:20:00,2019-08-20 14:43:48,4.2,1050,8
6345,ZH1314,CA1314,16:00:00,19:20:00,2019-08-21 17:32:48,4.2,1050,7
6421,ZH1314,CA1314,16:00:00,19:20:00,2019-08-22 16:28:58,4.2,1050,6
6461,ZH1314,CA1314,16:00:00,19:20:00,2019-08-23 15:55:02,4.2,1050,5
6573,ZH1314,CA1314,16:00:00,19:20:00,2019-08-24 17:05:07,8.4,2090,4
6649,ZH1314,CA1314,16:00:00,19:20:00,2019-08-25 17:30:52,6.6,1640,3
6688,ZH1314,CA1314,16:00:00,19:20:00,2019-08-26 15:05:42,7.4,1840,2
6801,ZH1314,CA1314,16:00:00,19:20:00,2019-08-27 15:40:16,7.4,1840,1
6845,ZH1314,CA1314,16:00:00,19:20:00,2019-08-28 13:33:40,9.3,2330,0
3304,ZH1338,CA1338,08:25:00,11:30:00,2019-07-14 14:45:41,7.4,1840,45
3382,ZH1338,CA1338,08:25:00,11:30:00,2019-07-15 15:25:10,7.4,1840,44
3493,ZH1338,CA1338,08:25:00,11:30:00,2019-07-16 14:59:25,7.4,1840,43
3544,ZH1338,CA1338,08:25:00,11:30:00,2019-07-17 14:30:16,7.4,1840,42
3624,ZH1338,CA1338,08:25:00,11:30:00,2019-07-18 15:55:41,7.4,1840,41
3704,ZH1338,CA1338,08:25:00,11:30:00,2019-07-19 14:28:48,7.4,1840,40
3784,ZH1338,CA1338,08:25:00,11:30:00,2019-07-20 14:34:15,6.6,1640,39
3864,ZH1338,CA1338,08:25:00,11:30:00,2019-07-21 14:53:23,6.6,1640,38
3944,ZH1338,CA1338,08:25:00,11:30:00,2019-07-22 15:21:01,6.6,1640,37
4024,ZH1338,CA1338,08:25:00,11:30:00,2019-07-23 15:57:44,6.6,1640,36
4104,ZH1338,CA1338,08:25:00,11:30:00,2019-07-24 15:18:09,6.6,1640,35
4184,ZH1338,CA1338,08:25:00,11:30:00,2019-07-25 15:36:09,6.6,1640,34
4264,ZH1338,CA1338,08:25:00,11:30:00,2019-07-26 14:34:20,6.6,1640,33
4344,ZH1338,CA1338,08:25:00,11:30:00,2019-07-27 15:25:12,6.6,1640,32
4424,ZH1338,CA1338,08:25:00,11:30:00,2019-07-28 15:29:32,6.6,1640,31
4504,ZH1338,CA1338,08:25:00,11:30:00,2019-07-29 15:35:15,6.6,1640,30
4584,ZH1338,CA1338,08:25:00,11:30:00,2019-07-30 14:41:01,6.6,1640,29
4664,ZH1338,CA1338,08:25:00,11:30:00,2019-07-31 15:54:28,6.6,1640,28
4744,ZH1338,CA1338,08:25:00,11:30:00,2019-08-01 15:43:43,6.6,1640,27
4824,ZH1338,CA1338,08:25:00,11:30:00,2019-08-02 15:04:40,6.6,1640,26
4904,ZH1338,CA1338,08:25:00,11:30:00,2019-08-03 14:59:45,6.6,1650,25
4984,ZH1338,CA1338,08:25:00,11:30:00,2019-08-04 15:50:36,6.6,1640,24
5064,ZH1338,CA1338,08:25:00,11:30:00,2019-08-05 15:03:12,6.6,1640,23
5144,ZH1338,CA1338,08:25:00,11:30:00,2019-08-06 14:53:02,5.4,1340,22
5223,ZH1338,CA1338,08:25:00,11:30:00,2019-08-07 15:11:18,4.2,1050,21
5329,ZH1338,CA1338,08:25:00,11:30:00,2019-08-08 15:31:40,4.2,1050,20
5384,ZH1338,CA1338,08:25:00,11:30:00,2019-08-09 15:26:23,4.2,1050,19
5461,ZH1338,CA1338,08:25:00,11:30:00,2019-08-10 16:22:22,4.2,1050,18
5532,ZH1338,CA1338,08:25:00,11:30:00,2019-08-11 15:10:04,4.2,1050,17
5612,ZH1338,CA1338,08:25:00,11:30:00,2019-08-12 13:40:51,4.2,1050,16
5688,ZH1338,CA1338,08:25:00,11:30:00,2019-08-13 16:19:19,4.2,1050,15
5764,ZH1338,CA1338,08:25:00,11:30:00,2019-08-14 14:36:29,4.2,1050,14
5840,ZH1338,CA1338,08:25:00,11:30:00,2019-08-15 15:35:08,3.0,750,13
5916,ZH1338,CA1338,08:25:00,11:30:00,2019-08-16 14:38:19,3.0,750,12
5992,ZH1338,CA1338,08:25:00,11:30:00,2019-08-17 15:40:17,3.0,750,11
6068,ZH1338,CA1338,08:25:00,11:30:00,2019-08-18 15:11:31,3.0,750,10
6144,ZH1338,CA1338,08:25:00,11:30:00,2019-08-19 16:20:04,3.0,744,9
6220,ZH1338,CA1338,08:25:00,11:30:00,2019-08-20 14:43:48,4.2,1050,8
6296,ZH1338,CA1338,08:25:00,11:30:00,2019-08-21 17:32:48,4.2,1050,7
6371,ZH1338,CA1338,08:25:00,11:30:00,2019-08-22 16:28:58,4.2,1050,6
6447,ZH1338,CA1338,08:25:00,11:30:00,2019-08-23 15:55:02,4.2,1050,5
6522,ZH1338,CA1338,08:25:00,11:30:00,2019-08-24 17:05:07,7.4,1840,4
6599,ZH1338,CA1338,08:25:00,11:30:00,2019-08-25 17:30:52,4.2,1050,3
6675,ZH1338,CA1338,08:25:00,11:30:00,2019-08-26 15:05:42,5.4,1340,2
6751,ZH1338,CA1338,08:25:00,11:30:00,2019-08-27 15:40:16,6.6,1640,1
6846,ZH1338,CA1338,08:25:00,11:30:00,2019-08-28 13:33:40,6.6,1640,0
3347,ZH1358,CA1358,20:00:00,23:10:00,2019-07-14 14:45:41,5.4,1340,45
3430,ZH1358,CA1358,20:00:00,23:10:00,2019-07-15 15:25:10,5.4,1340,44
3449,ZH1358,CA1358,20:00:00,23:10:00,2019-07-16 14:59:25,5.4,1340,43
3588,ZH1358,CA1358,20:00:00,23:10:00,2019-07-17 14:30:16,5.5,1370,42
3667,ZH1358,CA1358,20:00:00,23:10:00,2019-07-18 15:55:41,5.4,1340,41
3747,ZH1358,CA1358,20:00:00,23:10:00,2019-07-19 14:28:48,5.4,1340,40
3830,ZH1358,CA1358,20:00:00,23:10:00,2019-07-20 14:34:15,5.4,1340,39
3908,ZH1358,CA1358,20:00:00,23:10:00,2019-07-21 14:53:23,5.4,1340,38
3987,ZH1358,CA1358,20:00:00,23:10:00,2019-07-22 15:21:01,5.4,1340,37
4069,ZH1358,CA1358,20:00:00,23:10:00,2019-07-23 15:57:44,5.4,1340,36
4147,ZH1358,CA1358,20:00:00,23:10:00,2019-07-24 15:18:09,5.4,1340,35
4227,ZH1358,CA1358,20:00:00,23:10:00,2019-07-25 15:36:09,5.4,1340,34
4310,ZH1358,CA1358,20:00:00,23:10:00,2019-07-26 14:34:20,5.4,1340,33
4387,ZH1358,CA1358,20:00:00,23:10:00,2019-07-27 15:25:12,5.4,1340,32
4468,ZH1358,CA1358,20:00:00,23:10:00,2019-07-28 15:29:32,5.4,1340,31
4547,ZH1358,CA1358,20:00:00,23:10:00,2019-07-29 15:35:15,5.4,1340,30
4627,ZH1358,CA1358,20:00:00,23:10:00,2019-07-30 14:41:01,5.4,1340,29
4710,ZH1358,CA1358,20:00:00,23:10:00,2019-07-31 15:54:28,5.4,1340,28
4788,ZH1358,CA1358,20:00:00,23:10:00,2019-08-01 15:43:43,5.4,1340,27
4867,ZH1358,CA1358,20:00:00,23:10:00,2019-08-02 15:04:40,5.4,1340,26
4949,ZH1358,CA1358,20:00:00,23:10:00,2019-08-03 14:59:45,5.4,1340,25
5027,ZH1358,CA1358,20:00:00,23:10:00,2019-08-04 15:50:36,5.4,1340,24
5107,ZH1358,CA1358,20:00:00,23:10:00,2019-08-05 15:03:12,5.4,1340,23
5191,ZH1358,CA1358,20:00:00,23:10:00,2019-08-06 14:53:02,4.2,1050,22
5267,ZH1358,CA1358,20:00:00,23:10:00,2019-08-07 15:11:18,3.1,765,21
5293,ZH1358,CA1358,20:00:00,23:10:00,2019-08-08 15:31:40,3.0,750,20
5428,ZH1358,CA1358,20:00:00,23:10:00,2019-08-09 15:26:23,3.1,769,19
5502,ZH1358,CA1358,20:00:00,23:10:00,2019-08-10 16:22:22,3.0,757,18
5574,ZH1358,CA1358,20:00:00,23:10:00,2019-08-11 15:10:04,3.0,750,17
5653,ZH1358,CA1358,20:00:00,23:10:00,2019-08-12 13:40:51,3.0,750,16
5729,ZH1358,CA1358,20:00:00,23:10:00,2019-08-13 16:19:19,3.0,750,15
5807,ZH1358,CA1358,20:00:00,23:10:00,2019-08-14 14:36:29,3.0,754,14
5881,ZH1358,CA1358,20:00:00,23:10:00,2019-08-15 15:35:08,4.2,1050,13
5957,ZH1358,CA1358,20:00:00,23:10:00,2019-08-16 14:38:19,4.2,1050,12
6036,ZH1358,CA1358,20:00:00,23:10:00,2019-08-17 15:40:17,4.2,1050,11
6109,ZH1358,CA1358,20:00:00,23:10:00,2019-08-18 15:11:31,4.2,1050,10
6185,ZH1358,CA1358,20:00:00,23:10:00,2019-08-19 16:20:04,4.2,1050,9
6263,ZH1358,CA1358,20:00:00,23:10:00,2019-08-20 14:43:48,4.2,1050,8
6337,ZH1358,CA1358,20:00:00,23:10:00,2019-08-21 17:32:48,4.2,1050,7
6412,ZH1358,CA1358,20:00:00,23:10:00,2019-08-22 16:28:58,4.2,1050,6
6491,ZH1358,CA1358,20:00:00,23:10:00,2019-08-23 15:55:02,5.4,1340,5
6564,ZH1358,CA1358,20:00:00,23:10:00,2019-08-24 17:05:07,8.4,2090,4
6640,ZH1358,CA1358,20:00:00,23:10:00,2019-08-25 17:30:52,8.4,2090,3
6718,ZH1358,CA1358,20:00:00,23:10:00,2019-08-26 15:05:42,8.4,2090,2
6792,ZH1358,CA1358,20:00:00,23:10:00,2019-08-27 15:40:16,9.3,2330,1
6836,ZH1358,CA1358,20:00:00,23:10:00,2019-08-28 13:33:40,9.7,2430,0
3345,ZH1368,CA1368,14:05:00,17:20:00,2019-07-14 14:45:41,7.4,1840,45
3428,ZH1368,CA1368,14:05:00,17:20:00,2019-07-15 15:25:10,7.4,1840,44
3451,ZH1368,CA1368,14:05:00,17:20:00,2019-07-16 14:59:25,7.4,1840,43
3586,ZH1368,CA1368,14:05:00,17:20:00,2019-07-17 14:30:16,7.4,1840,42
3665,ZH1368,CA1368,14:05:00,17:20:00,2019-07-18 15:55:41,7.4,1840,41
3745,ZH1368,CA1368,14:05:00,17:20:00,2019-07-19 14:28:48,7.4,1840,40
3828,ZH1368,CA1368,14:05:00,17:20:00,2019-07-20 14:34:15,6.6,1640,39
3906,ZH1368,CA1368,14:05:00,17:20:00,2019-07-21 14:53:23,6.6,1640,38
3985,ZH1368,CA1368,14:05:00,17:20:00,2019-07-22 15:21:01,6.6,1640,37
4067,ZH1368,CA1368,14:05:00,17:20:00,2019-07-23 15:57:44,6.6,1640,36
4145,ZH1368,CA1368,14:05:00,17:20:00,2019-07-24 15:18:09,6.6,1640,35
4225,ZH1368,CA1368,14:05:00,17:20:00,2019-07-25 15:36:09,6.6,1640,34
4308,ZH1368,CA1368,14:05:00,17:20:00,2019-07-26 14:34:20,6.6,1640,33
4385,ZH1368,CA1368,14:05:00,17:20:00,2019-07-27 15:25:12,6.6,1640,32
4466,ZH1368,CA1368,14:05:00,17:20:00,2019-07-28 15:29:32,6.6,1640,31
4545,ZH1368,CA1368,14:05:00,17:20:00,2019-07-29 15:35:15,6.6,1640,30
4625,ZH1368,CA1368,14:05:00,17:20:00,2019-07-30 14:41:01,6.6,1640,29
4708,ZH1368,CA1368,14:05:00,17:20:00,2019-07-31 15:54:28,6.6,1640,28
4786,ZH1368,CA1368,14:05:00,17:20:00,2019-08-01 15:43:43,6.6,1640,27
4865,ZH1368,CA1368,14:05:00,17:20:00,2019-08-02 15:04:40,6.6,1640,26
4947,ZH1368,CA1368,14:05:00,17:20:00,2019-08-03 14:59:45,6.6,1650,25
5025,ZH1368,CA1368,14:05:00,17:20:00,2019-08-04 15:50:36,6.6,1640,24
5105,ZH1368,CA1368,14:05:00,17:20:00,2019-08-05 15:03:12,6.6,1640,23
5189,ZH1368,CA1368,14:05:00,17:20:00,2019-08-06 14:53:02,4.2,1050,22
5265,ZH1368,CA1368,14:05:00,17:20:00,2019-08-07 15:11:18,4.2,1050,21
5291,ZH1368,CA1368,14:05:00,17:20:00,2019-08-08 15:31:40,4.2,1050,20
5427,ZH1368,CA1368,14:05:00,17:20:00,2019-08-09 15:26:23,4.2,1050,19
5501,ZH1368,CA1368,14:05:00,17:20:00,2019-08-10 16:22:22,4.2,1050,18
5573,ZH1368,CA1368,14:05:00,17:20:00,2019-08-11 15:10:04,4.2,1050,17
5652,ZH1368,CA1368,14:05:00,17:20:00,2019-08-12 13:40:51,4.2,1050,16
5728,ZH1368,CA1368,14:05:00,17:20:00,2019-08-13 16:19:19,4.2,1050,15
5806,ZH1368,CA1368,14:05:00,17:20:00,2019-08-14 14:36:29,4.2,1050,14
5880,ZH1368,CA1368,14:05:00,17:20:00,2019-08-15 15:35:08,4.2,1050,13
5956,ZH1368,CA1368,14:05:00,17:20:00,2019-08-16 14:38:19,4.2,1050,12
6035,ZH1368,CA1368,14:05:00,17:20:00,2019-08-17 15:40:17,4.2,1050,11
6108,ZH1368,CA1368,14:05:00,17:20:00,2019-08-18 15:11:31,4.2,1050,10
6184,ZH1368,CA1368,14:05:00,17:20:00,2019-08-19 16:20:04,4.2,1050,9
6262,ZH1368,CA1368,14:05:00,17:20:00,2019-08-20 14:43:48,3.5,880,8
6336,ZH1368,CA1368,14:05:00,17:20:00,2019-08-21 17:32:48,3.5,880,7
6411,ZH1368,CA1368,14:05:00,17:20:00,2019-08-22 16:28:58,3.5,880,6
6490,ZH1368,CA1368,14:05:00,17:20:00,2019-08-23 15:55:02,3.5,880,5
6563,ZH1368,CA1368,14:05:00,17:20:00,2019-08-24 17:05:07,8.4,2090,4
6639,ZH1368,CA1368,14:05:00,17:20:00,2019-08-25 17:30:52,8.4,2090,3
6717,ZH1368,CA1368,14:05:00,17:20:00,2019-08-26 15:05:42,7.4,1840,2
6791,ZH1368,CA1368,14:05:00,17:20:00,2019-08-27 15:40:16,7.4,1840,1
6835,ZH1368,CA1368,14:05:00,17:20:00,2019-08-28 13:33:40,7.4,1840,0
3284,ZH1384,CA1384,15:00:00,18:15:00,2019-07-14 14:45:41,7.4,1840,45
3364,ZH1384,CA1384,15:00:00,18:15:00,2019-07-15 15:25:10,7.4,1840,44
3512,ZH1384,CA1384,15:00:00,18:15:00,2019-07-16 14:59:25,7.4,1840,43
3524,ZH1384,CA1384,15:00:00,18:15:00,2019-07-17 14:30:16,7.4,1840,42
3604,ZH1384,CA1384,15:00:00,18:15:00,2019-07-18 15:55:41,7.4,1840,41
3684,ZH1384,CA1384,15:00:00,18:15:00,2019-07-19 14:28:48,7.4,1840,40
3764,ZH1384,CA1384,15:00:00,18:15:00,2019-07-20 14:34:15,6.6,1640,39
3844,ZH1384,CA1384,15:00:00,18:15:00,2019-07-21 14:53:23,6.6,1640,38
3924,ZH1384,CA1384,15:00:00,18:15:00,2019-07-22 15:21:01,6.6,1640,37
4004,ZH1384,CA1384,15:00:00,18:15:00,2019-07-23 15:57:44,6.6,1640,36
4084,ZH1384,CA1384,15:00:00,18:15:00,2019-07-24 15:18:09,6.6,1640,35
4164,ZH1384,CA1384,15:00:00,18:15:00,2019-07-25 15:36:09,6.6,1640,34
4244,ZH1384,CA1384,15:00:00,18:15:00,2019-07-26 14:34:20,6.6,1640,33
4324,ZH1384,CA1384,15:00:00,18:15:00,2019-07-27 15:25:12,6.6,1640,32
4404,ZH1384,CA1384,15:00:00,18:15:00,2019-07-28 15:29:32,6.6,1640,31
4484,ZH1384,CA1384,15:00:00,18:15:00,2019-07-29 15:35:15,6.6,1640,30
4564,ZH1384,CA1384,15:00:00,18:15:00,2019-07-30 14:41:01,6.6,1640,29
4644,ZH1384,CA1384,15:00:00,18:15:00,2019-07-31 15:54:28,6.6,1640,28
4724,ZH1384,CA1384,15:00:00,18:15:00,2019-08-01 15:43:43,6.6,1640,27
4804,ZH1384,CA1384,15:00:00,18:15:00,2019-08-02 15:04:40,6.6,1640,26
4884,ZH1384,CA1384,15:00:00,18:15:00,2019-08-03 14:59:45,6.6,1650,25
4964,ZH1384,CA1384,15:00:00,18:15:00,2019-08-04 15:50:36,6.6,1640,24
5044,ZH1384,CA1384,15:00:00,18:15:00,2019-08-05 15:03:12,6.6,1640,23
5124,ZH1384,CA1384,15:00:00,18:15:00,2019-08-06 14:53:02,4.2,1050,22
5204,ZH1384,CA1384,15:00:00,18:15:00,2019-08-07 15:11:18,4.2,1050,21
5309,ZH1384,CA1384,15:00:00,18:15:00,2019-08-08 15:31:40,4.2,1050,20
5364,ZH1384,CA1384,15:00:00,18:15:00,2019-08-09 15:26:23,4.2,1050,19
5443,ZH1384,CA1384,15:00:00,18:15:00,2019-08-10 16:22:22,4.2,1050,18
5518,ZH1384,CA1384,15:00:00,18:15:00,2019-08-11 15:10:04,4.2,1050,17
5593,ZH1384,CA1384,15:00:00,18:15:00,2019-08-12 13:40:51,4.2,1050,16
5669,ZH1384,CA1384,15:00:00,18:15:00,2019-08-13 16:19:19,4.2,1050,15
5745,ZH1384,CA1384,15:00:00,18:15:00,2019-08-14 14:36:29,4.2,1050,14
5821,ZH1384,CA1384,15:00:00,18:15:00,2019-08-15 15:35:08,4.2,1050,13
5897,ZH1384,CA1384,15:00:00,18:15:00,2019-08-16 14:38:19,4.2,1050,12
5973,ZH1384,CA1384,15:00:00,18:15:00,2019-08-17 15:40:17,4.2,1050,11
6049,ZH1384,CA1384,15:00:00,18:15:00,2019-08-18 15:11:31,4.2,1050,10
6125,ZH1384,CA1384,15:00:00,18:15:00,2019-08-19 16:20:04,4.2,1050,9
6201,ZH1384,CA1384,15:00:00,18:15:00,2019-08-20 14:43:48,3.5,880,8
6277,ZH1384,CA1384,15:00:00,18:15:00,2019-08-21 17:32:48,3.5,880,7
6352,ZH1384,CA1384,15:00:00,18:15:00,2019-08-22 16:28:58,3.5,880,6
6428,ZH1384,CA1384,15:00:00,18:15:00,2019-08-23 15:55:02,3.5,880,5
6504,ZH1384,CA1384,15:00:00,18:15:00,2019-08-24 17:05:07,8.4,2090,4
6580,ZH1384,CA1384,15:00:00,18:15:00,2019-08-25 17:30:52,8.4,2090,3
6656,ZH1384,CA1384,15:00:00,18:15:00,2019-08-26 15:05:42,6.6,1640,2
6732,ZH1384,CA1384,15:00:00,18:15:00,2019-08-27 15:40:16,7.4,1840,1
6808,ZH1384,CA1384,15:00:00,18:15:00,2019-08-28 13:33:40,9.3,2330,0
3299,ZH1398,CA1398,19:00:00,22:15:00,2019-07-14 14:45:41,5.4,1340,45
3396,ZH1398,CA1398,19:00:00,22:15:00,2019-07-15 15:25:10,5.4,1340,44
3498,ZH1398,CA1398,19:00:00,22:15:00,2019-07-16 14:59:25,5.4,1340,43
3539,ZH1398,CA1398,19:00:00,22:15:00,2019-07-17 14:30:16,5.5,1370,42
3619,ZH1398,CA1398,19:00:00,22:15:00,2019-07-18 15:55:41,5.4,1340,41
3699,ZH1398,CA1398,19:00:00,22:15:00,2019-07-19 14:28:48,5.4,1340,40
3779,ZH1398,CA1398,19:00:00,22:15:00,2019-07-20 14:34:15,5.4,1340,39
3859,ZH1398,CA1398,19:00:00,22:15:00,2019-07-21 14:53:23,5.4,1340,38
3939,ZH1398,CA1398,19:00:00,22:15:00,2019-07-22 15:21:01,5.4,1340,37
4019,ZH1398,CA1398,19:00:00,22:15:00,2019-07-23 15:57:44,5.4,1340,36
4099,ZH1398,CA1398,19:00:00,22:15:00,2019-07-24 15:18:09,5.4,1340,35
4179,ZH1398,CA1398,19:00:00,22:15:00,2019-07-25 15:36:09,5.4,1340,34
4259,ZH1398,CA1398,19:00:00,22:15:00,2019-07-26 14:34:20,5.4,1340,33
4339,ZH1398,CA1398,19:00:00,22:15:00,2019-07-27 15:25:12,5.4,1340,32
4419,ZH1398,CA1398,19:00:00,22:15:00,2019-07-28 15:29:32,5.4,1340,31
4499,ZH1398,CA1398,19:00:00,22:15:00,2019-07-29 15:35:15,5.4,1340,30
4579,ZH1398,CA1398,19:00:00,22:15:00,2019-07-30 14:41:01,5.4,1340,29
4659,ZH1398,CA1398,19:00:00,22:15:00,2019-07-31 15:54:28,5.4,1340,28
4739,ZH1398,CA1398,19:00:00,22:15:00,2019-08-01 15:43:43,5.4,1340,27
4819,ZH1398,CA1398,19:00:00,22:15:00,2019-08-02 15:04:40,5.4,1340,26
4899,ZH1398,CA1398,19:00:00,22:15:00,2019-08-03 14:59:45,5.4,1340,25
4979,ZH1398,CA1398,19:00:00,22:15:00,2019-08-04 15:50:36,5.4,1340,24
5059,ZH1398,CA1398,19:00:00,22:15:00,2019-08-05 15:03:12,5.4,1340,23
5139,ZH1398,CA1398,19:00:00,22:15:00,2019-08-06 14:53:02,4.2,1050,22
5218,ZH1398,CA1398,19:00:00,22:15:00,2019-08-07 15:11:18,3.1,771,21
5324,ZH1398,CA1398,19:00:00,22:15:00,2019-08-08 15:31:40,3.0,750,20
5379,ZH1398,CA1398,19:00:00,22:15:00,2019-08-09 15:26:23,9.7,2430,19
3309,ZH1896,CA1896,13:05:00,16:10:00,2019-07-14 14:45:41,7.4,1840,45
3387,ZH1896,CA1896,13:05:00,16:10:00,2019-07-15 15:25:10,7.4,1840,44
3488,ZH1896,CA1896,13:05:00,16:10:00,2019-07-16 14:59:25,7.4,1840,43
3549,ZH1896,CA1896,13:05:00,16:10:00,2019-07-17 14:30:16,7.4,1840,42
3629,ZH1896,CA1896,13:05:00,16:10:00,2019-07-18 15:55:41,7.4,1840,41
3709,ZH1896,CA1896,13:05:00,16:10:00,2019-07-19 14:28:48,7.4,1840,40
3789,ZH1896,CA1896,13:05:00,16:10:00,2019-07-20 14:34:15,7.4,1840,39
3869,ZH1896,CA1896,13:05:00,16:10:00,2019-07-21 14:53:23,7.4,1840,38
3949,ZH1896,CA1896,13:05:00,16:10:00,2019-07-22 15:21:01,7.4,1840,37
4029,ZH1896,CA1896,13:05:00,16:10:00,2019-07-23 15:57:44,7.4,1840,36
4109,ZH1896,CA1896,13:05:00,16:10:00,2019-07-24 15:18:09,7.4,1840,35
4189,ZH1896,CA1896,13:05:00,16:10:00,2019-07-25 15:36:09,7.4,1840,34
4269,ZH1896,CA1896,13:05:00,16:10:00,2019-07-26 14:34:20,7.4,1840,33
4349,ZH1896,CA1896,13:05:00,16:10:00,2019-07-27 15:25:12,7.4,1840,32
4429,ZH1896,CA1896,13:05:00,16:10:00,2019-07-28 15:29:32,7.4,1840,31
4509,ZH1896,CA1896,13:05:00,16:10:00,2019-07-29 15:35:15,7.4,1840,30
4589,ZH1896,CA1896,13:05:00,16:10:00,2019-07-30 14:41:01,7.4,1840,29
4669,ZH1896,CA1896,13:05:00,16:10:00,2019-07-31 15:54:28,7.4,1840,28
4749,ZH1896,CA1896,13:05:00,16:10:00,2019-08-01 15:43:43,7.4,1840,27
4829,ZH1896,CA1896,13:05:00,16:10:00,2019-08-02 15:04:40,7.4,1840,26
4909,ZH1896,CA1896,13:05:00,16:10:00,2019-08-03 14:59:45,7.4,1840,25
4989,ZH1896,CA1896,13:05:00,16:10:00,2019-08-04 15:50:36,7.4,1840,24
5069,ZH1896,CA1896,13:05:00,16:10:00,2019-08-05 15:03:12,7.4,1840,23
5149,ZH1896,CA1896,13:05:00,16:10:00,2019-08-06 14:53:02,5.4,1340,22
5228,ZH1896,CA1896,13:05:00,16:10:00,2019-08-07 15:11:18,4.2,1050,21
5334,ZH1896,CA1896,13:05:00,16:10:00,2019-08-08 15:31:40,4.2,1050,20
5389,ZH1896,CA1896,13:05:00,16:10:00,2019-08-09 15:26:23,4.2,1050,19
5466,ZH1896,CA1896,13:05:00,16:10:00,2019-08-10 16:22:22,4.2,1050,18
5537,ZH1896,CA1896,13:05:00,16:10:00,2019-08-11 15:10:04,4.2,1050,17
5616,ZH1896,CA1896,13:05:00,16:10:00,2019-08-12 13:40:51,4.2,1050,16
5692,ZH1896,CA1896,13:05:00,16:10:00,2019-08-13 16:19:19,4.2,1050,15
5768,ZH1896,CA1896,13:05:00,16:10:00,2019-08-14 14:36:29,4.2,1050,14
5844,ZH1896,CA1896,13:05:00,16:10:00,2019-08-15 15:35:08,4.2,1050,13
5921,ZH1896,CA1896,13:05:00,16:10:00,2019-08-16 14:38:19,4.2,1050,12
5996,ZH1896,CA1896,13:05:00,16:10:00,2019-08-17 15:40:17,4.2,1050,11
6072,ZH1896,CA1896,13:05:00,16:10:00,2019-08-18 15:11:31,4.2,1050,10
6148,ZH1896,CA1896,13:05:00,16:10:00,2019-08-19 16:20:04,4.2,1050,9
6225,ZH1896,CA1896,13:05:00,16:10:00,2019-08-20 14:43:48,3.5,880,8
6301,ZH1896,CA1896,13:05:00,16:10:00,2019-08-21 17:32:48,3.5,880,7
6375,ZH1896,CA1896,13:05:00,16:10:00,2019-08-22 16:28:58,3.5,880,6
6451,ZH1896,CA1896,13:05:00,16:10:00,2019-08-23 15:55:02,3.5,880,5
6526,ZH1896,CA1896,13:05:00,16:10:00,2019-08-24 17:05:07,8.4,2090,4
6603,ZH1896,CA1896,13:05:00,16:10:00,2019-08-25 17:30:52,8.4,2090,3
6679,ZH1896,CA1896,13:05:00,16:10:00,2019-08-26 15:05:42,6.6,1640,2
6755,ZH1896,CA1896,13:05:00,16:10:00,2019-08-27 15:40:16,7.4,1840,1
6850,ZH1896,CA1896,13:05:00,16:10:00,2019-08-28 13:33:40,7.4,1840,0
3314,ZH9101,,07:30:00,10:40:00,2019-07-14 14:45:41,6.2,1550,45
3392,ZH9101,,07:30:00,10:40:00,2019-07-15 15:25:10,6.2,1550,44
3483,ZH9101,,07:30:00,10:40:00,2019-07-16 14:59:25,6.2,1550,43
3554,ZH9101,,07:30:00,10:40:00,2019-07-17 14:30:16,6.2,1550,42
3634,ZH9101,,07:30:00,10:40:00,2019-07-18 15:55:41,6.2,1550,41
3714,ZH9101,,07:30:00,10:40:00,2019-07-19 14:28:48,6.2,1550,40
3794,ZH9101,,07:30:00,10:40:00,2019-07-20 14:34:15,6.2,1550,39
3874,ZH9101,,07:30:00,10:40:00,2019-07-21 14:53:23,6.2,1550,38
3954,ZH9101,,07:30:00,10:40:00,2019-07-22 15:21:01,6.2,1550,37
4034,ZH9101,,07:30:00,10:40:00,2019-07-23 15:57:44,6.2,1550,36
4114,ZH9101,,07:30:00,10:40:00,2019-07-24 15:18:09,6.2,1550,35
4194,ZH9101,,07:30:00,10:40:00,2019-07-25 15:36:09,6.4,1600,34
4274,ZH9101,,07:30:00,10:40:00,2019-07-26 14:34:20,6.2,1550,33
4354,ZH9101,,07:30:00,10:40:00,2019-07-27 15:25:12,6.2,1550,32
4434,ZH9101,,07:30:00,10:40:00,2019-07-28 15:29:32,6.2,1550,31
4514,ZH9101,,07:30:00,10:40:00,2019-07-29 15:35:15,6.2,1550,30
4594,ZH9101,,07:30:00,10:40:00,2019-07-30 14:41:01,6.2,1550,29
4674,ZH9101,,07:30:00,10:40:00,2019-07-31 15:54:28,5.8,1440,28
4754,ZH9101,,07:30:00,10:40:00,2019-08-01 15:43:43,5.8,1440,27
4834,ZH9101,,07:30:00,10:40:00,2019-08-02 15:04:40,5.8,1440,26
4914,ZH9101,,07:30:00,10:40:00,2019-08-03 14:59:45,5.8,1440,25
4994,ZH9101,,07:30:00,10:40:00,2019-08-04 15:50:36,5.8,1440,24
5074,ZH9101,,07:30:00,10:40:00,2019-08-05 15:03:12,5.6,1400,23
5154,ZH9101,,07:30:00,10:40:00,2019-08-06 14:53:02,5.2,1310,22
5233,ZH9101,,07:30:00,10:40:00,2019-08-07 15:11:18,4.8,1190,21
5339,ZH9101,,07:30:00,10:40:00,2019-08-08 15:31:40,4.6,1150,20
5394,ZH9101,,07:30:00,10:40:00,2019-08-09 15:26:23,4.1,1030,19
5470,ZH9101,,07:30:00,10:40:00,2019-08-10 16:22:22,4.1,1030,18
5541,ZH9101,,07:30:00,10:40:00,2019-08-11 15:10:04,3.0,750,17
5587,ZH9101,,07:30:00,10:40:00,2019-08-12 13:40:51,3.0,750,16
5697,ZH9101,,07:30:00,10:40:00,2019-08-13 16:19:19,3.0,761,15
5773,ZH9101,,07:30:00,10:40:00,2019-08-14 14:36:29,3.0,762,14
5849,ZH9101,,07:30:00,10:40:00,2019-08-15 15:35:08,3.0,750,13
5925,ZH9101,,07:30:00,10:40:00,2019-08-16 14:38:19,3.0,750,12
6001,ZH9101,,07:30:00,10:40:00,2019-08-17 15:40:17,2.7,680,11
6077,ZH9101,,07:30:00,10:40:00,2019-08-18 15:11:31,2.7,680,10
6153,ZH9101,,07:30:00,10:40:00,2019-08-19 16:20:04,2.7,670,9
6229,ZH9101,,07:30:00,10:40:00,2019-08-20 14:43:48,3.0,750,8
6305,ZH9101,,07:30:00,10:40:00,2019-08-21 17:32:48,4.1,1030,7
6380,ZH9101,,07:30:00,10:40:00,2019-08-22 16:28:58,4.1,1030,6
6456,ZH9101,,07:30:00,10:40:00,2019-08-23 15:55:02,4.1,1030,5
6531,ZH9101,,07:30:00,10:40:00,2019-08-24 17:05:07,6.5,1630,4
6608,ZH9101,,07:30:00,10:40:00,2019-08-25 17:30:52,6.7,1680,3
6684,ZH9101,,07:30:00,10:40:00,2019-08-26 15:05:42,6.7,1680,2
6760,ZH9101,,07:30:00,10:40:00,2019-08-27 15:40:16,7.7,1930,1
6855,ZH9101,,07:30:00,10:40:00,2019-08-28 13:33:40,7.7,1930,0
3315,ZH9103,,10:00:00,13:20:00,2019-07-14 14:45:41,7.2,1790,45
3393,ZH9103,,10:00:00,13:20:00,2019-07-15 15:25:10,7.2,1790,44
3482,ZH9103,,10:00:00,13:20:00,2019-07-16 14:59:25,7.2,1790,43
3555,ZH9103,,10:00:00,13:20:00,2019-07-17 14:30:16,7.2,1790,42
3635,ZH9103,,10:00:00,13:20:00,2019-07-18 15:55:41,7.2,1790,41
3715,ZH9103,,10:00:00,13:20:00,2019-07-19 14:28:48,7.2,1790,40
3795,ZH9103,,10:00:00,13:20:00,2019-07-20 14:34:15,7.2,1790,39
3875,ZH9103,,10:00:00,13:20:00,2019-07-21 14:53:23,7.2,1790,38
3955,ZH9103,,10:00:00,13:20:00,2019-07-22 15:21:01,7.2,1790,37
4035,ZH9103,,10:00:00,13:20:00,2019-07-23 15:57:44,7.2,1790,36
4115,ZH9103,,10:00:00,13:20:00,2019-07-24 15:18:09,7.2,1790,35
4195,ZH9103,,10:00:00,13:20:00,2019-07-25 15:36:09,7.4,1850,34
4275,ZH9103,,10:00:00,13:20:00,2019-07-26 14:34:20,7.2,1790,33
4355,ZH9103,,10:00:00,13:20:00,2019-07-27 15:25:12,7.2,1790,32
4435,ZH9103,,10:00:00,13:20:00,2019-07-28 15:29:32,7.2,1790,31
4515,ZH9103,,10:00:00,13:20:00,2019-07-29 15:35:15,6.2,1550,30
4595,ZH9103,,10:00:00,13:20:00,2019-07-30 14:41:01,6.2,1550,29
4675,ZH9103,,10:00:00,13:20:00,2019-07-31 15:54:28,6.2,1550,28
4755,ZH9103,,10:00:00,13:20:00,2019-08-01 15:43:43,6.2,1550,27
4835,ZH9103,,10:00:00,13:20:00,2019-08-02 15:04:40,6.2,1550,26
4915,ZH9103,,10:00:00,13:20:00,2019-08-03 14:59:45,6.2,1550,25
4995,ZH9103,,10:00:00,13:20:00,2019-08-04 15:50:36,6.2,1550,24
5075,ZH9103,,10:00:00,13:20:00,2019-08-05 15:03:12,6.0,1500,23
5155,ZH9103,,10:00:00,13:20:00,2019-08-06 14:53:02,5.2,1310,22
5234,ZH9103,,10:00:00,13:20:00,2019-08-07 15:11:18,5.2,1310,21
5340,ZH9103,,10:00:00,13:20:00,2019-08-08 15:31:40,5.1,1270,20
5395,ZH9103,,10:00:00,13:20:00,2019-08-09 15:26:23,4.2,1050,19
5471,ZH9103,,10:00:00,13:20:00,2019-08-10 16:22:22,4.2,1050,18
5542,ZH9103,,10:00:00,13:20:00,2019-08-11 15:10:04,4.2,1050,17
5621,ZH9103,,10:00:00,13:20:00,2019-08-12 13:40:51,4.2,1050,16
5698,ZH9103,,10:00:00,13:20:00,2019-08-13 16:19:19,4.2,1050,15
5774,ZH9103,,10:00:00,13:20:00,2019-08-14 14:36:29,4.2,1050,14
5850,ZH9103,,10:00:00,13:20:00,2019-08-15 15:35:08,4.2,1050,13
5926,ZH9103,,10:00:00,13:20:00,2019-08-16 14:38:19,3.5,880,12
6002,ZH9103,,10:00:00,13:20:00,2019-08-17 15:40:17,3.5,880,11
6078,ZH9103,,10:00:00,13:20:00,2019-08-18 15:11:31,3.5,880,10
6154,ZH9103,,10:00:00,13:20:00,2019-08-19 16:20:04,4.1,1030,9
6230,ZH9103,,10:00:00,13:20:00,2019-08-20 14:43:48,4.2,1050,8
6306,ZH9103,,10:00:00,13:20:00,2019-08-21 17:32:48,4.2,1050,7
6381,ZH9103,,10:00:00,13:20:00,2019-08-22 16:28:58,4.2,1050,6
6457,ZH9103,,10:00:00,13:20:00,2019-08-23 15:55:02,4.2,1050,5
6532,ZH9103,,10:00:00,13:20:00,2019-08-24 17:05:07,7.9,1980,4
6609,ZH9103,,10:00:00,13:20:00,2019-08-25 17:30:52,6.2,1550,3
6685,ZH9103,,10:00:00,13:20:00,2019-08-26 15:05:42,8.2,2040,2
6761,ZH9103,,10:00:00,13:20:00,2019-08-27 15:40:16,8.8,2210,1
6856,ZH9103,,10:00:00,13:20:00,2019-08-28 13:33:40,9.1,2280,0
3307,ZH9105,,12:10:00,15:30:00,2019-07-14 14:45:41,8.2,2040,45
3385,ZH9105,,12:10:00,15:30:00,2019-07-15 15:25:10,8.2,2040,44
3490,ZH9105,,12:10:00,15:30:00,2019-07-16 14:59:25,7.2,1790,43
3547,ZH9105,,12:10:00,15:30:00,2019-07-17 14:30:16,7.2,1790,42
3627,ZH9105,,12:10:00,15:30:00,2019-07-18 15:55:41,7.2,1790,41
3707,ZH9105,,12:10:00,15:30:00,2019-07-19 14:28:48,7.2,1790,40
3787,ZH9105,,12:10:00,15:30:00,2019-07-20 14:34:15,7.2,1790,39
3867,ZH9105,,12:10:00,15:30:00,2019-07-21 14:53:23,7.2,1790,38
3947,ZH9105,,12:10:00,15:30:00,2019-07-22 15:21:01,7.2,1790,37
4027,ZH9105,,12:10:00,15:30:00,2019-07-23 15:57:44,7.2,1790,36
4107,ZH9105,,12:10:00,15:30:00,2019-07-24 15:18:09,7.2,1790,35
4187,ZH9105,,12:10:00,15:30:00,2019-07-25 15:36:09,7.4,1850,34
4267,ZH9105,,12:10:00,15:30:00,2019-07-26 14:34:20,7.2,1790,33
4347,ZH9105,,12:10:00,15:30:00,2019-07-27 15:25:12,7.2,1790,32
4427,ZH9105,,12:10:00,15:30:00,2019-07-28 15:29:32,7.2,1790,31
4507,ZH9105,,12:10:00,15:30:00,2019-07-29 15:35:15,6.2,1550,30
4587,ZH9105,,12:10:00,15:30:00,2019-07-30 14:41:01,6.2,1550,29
4667,ZH9105,,12:10:00,15:30:00,2019-07-31 15:54:28,6.2,1550,28
4747,ZH9105,,12:10:00,15:30:00,2019-08-01 15:43:43,6.2,1550,27
4827,ZH9105,,12:10:00,15:30:00,2019-08-02 15:04:40,6.2,1550,26
4907,ZH9105,,12:10:00,15:30:00,2019-08-03 14:59:45,6.2,1550,25
4987,ZH9105,,12:10:00,15:30:00,2019-08-04 15:50:36,6.2,1550,24
5067,ZH9105,,12:10:00,15:30:00,2019-08-05 15:03:12,6.0,1500,23
5147,ZH9105,,12:10:00,15:30:00,2019-08-06 14:53:02,6.2,1550,22
5226,ZH9105,,12:10:00,15:30:00,2019-08-07 15:11:18,5.2,1310,21
5332,ZH9105,,12:10:00,15:30:00,2019-08-08 15:31:40,5.1,1270,20
5387,ZH9105,,12:10:00,15:30:00,2019-08-09 15:26:23,4.2,1050,19
5463,ZH9105,,12:10:00,15:30:00,2019-08-10 16:22:22,4.2,1050,18
5534,ZH9105,,12:10:00,15:30:00,2019-08-11 15:10:04,4.2,1050,17
5614,ZH9105,,12:10:00,15:30:00,2019-08-12 13:40:51,4.2,1050,16
5690,ZH9105,,12:10:00,15:30:00,2019-08-13 16:19:19,4.2,1050,15
5766,ZH9105,,12:10:00,15:30:00,2019-08-14 14:36:29,4.2,1050,14
5842,ZH9105,,12:10:00,15:30:00,2019-08-15 15:35:08,4.2,1050,13
5918,ZH9105,,12:10:00,15:30:00,2019-08-16 14:38:19,4.2,1050,12
5994,ZH9105,,12:10:00,15:30:00,2019-08-17 15:40:17,3.5,880,11
6070,ZH9105,,12:10:00,15:30:00,2019-08-18 15:11:31,3.5,880,10
6146,ZH9105,,12:10:00,15:30:00,2019-08-19 16:20:04,3.5,870,9
6222,ZH9105,,12:10:00,15:30:00,2019-08-20 14:43:48,3.5,880,8
6298,ZH9105,,12:10:00,15:30:00,2019-08-21 17:32:48,3.5,880,7
6373,ZH9105,,12:10:00,15:30:00,2019-08-22 16:28:58,3.5,880,6
6449,ZH9105,,12:10:00,15:30:00,2019-08-23 15:55:02,4.2,1050,5
6524,ZH9105,,12:10:00,15:30:00,2019-08-24 17:05:07,7.9,1980,4
6601,ZH9105,,12:10:00,15:30:00,2019-08-25 17:30:52,8.2,2040,3
6677,ZH9105,,12:10:00,15:30:00,2019-08-26 15:05:42,8.2,2040,2
6753,ZH9105,,12:10:00,15:30:00,2019-08-27 15:40:16,8.8,2210,1
6848,ZH9105,,12:10:00,15:30:00,2019-08-28 13:33:40,9.1,2280,0
3319,ZH9107,,14:55:00,18:15:00,2019-07-14 14:45:41,5.2,1310,45
3401,ZH9107,,14:55:00,18:15:00,2019-07-15 15:25:10,5.2,1310,44
3477,ZH9107,,14:55:00,18:15:00,2019-07-16 14:59:25,5.2,1310,43
3560,ZH9107,,14:55:00,18:15:00,2019-07-17 14:30:16,5.2,1310,42
3639,ZH9107,,14:55:00,18:15:00,2019-07-18 15:55:41,5.2,1310,41
3719,ZH9107,,14:55:00,18:15:00,2019-07-19 14:28:48,5.2,1310,40
3802,ZH9107,,14:55:00,18:15:00,2019-07-20 14:34:15,5.2,1310,39
3880,ZH9107,,14:55:00,18:15:00,2019-07-21 14:53:23,5.2,1310,38
3959,ZH9107,,14:55:00,18:15:00,2019-07-22 15:21:01,5.2,1310,37
4041,ZH9107,,14:55:00,18:15:00,2019-07-23 15:57:44,5.2,1310,36
4119,ZH9107,,14:55:00,18:15:00,2019-07-24 15:18:09,5.2,1310,35
4199,ZH9107,,14:55:00,18:15:00,2019-07-25 15:36:09,5.4,1350,34
4282,ZH9107,,14:55:00,18:15:00,2019-07-26 14:34:20,5.2,1310,33
4359,ZH9107,,14:55:00,18:15:00,2019-07-27 15:25:12,5.2,1310,32
4440,ZH9107,,14:55:00,18:15:00,2019-07-28 15:29:32,5.2,1310,31
4519,ZH9107,,14:55:00,18:15:00,2019-07-29 15:35:15,5.2,1310,30
4599,ZH9107,,14:55:00,18:15:00,2019-07-30 14:41:01,5.2,1310,29
4682,ZH9107,,14:55:00,18:15:00,2019-07-31 15:54:28,5.2,1310,28
4760,ZH9107,,14:55:00,18:15:00,2019-08-01 15:43:43,5.2,1310,27
4839,ZH9107,,14:55:00,18:15:00,2019-08-02 15:04:40,5.2,1310,26
4921,ZH9107,,14:55:00,18:15:00,2019-08-03 14:59:45,5.2,1310,25
4999,ZH9107,,14:55:00,18:15:00,2019-08-04 15:50:36,5.2,1310,24
5079,ZH9107,,14:55:00,18:15:00,2019-08-05 15:03:12,5.1,1270,23
5163,ZH9107,,14:55:00,18:15:00,2019-08-06 14:53:02,5.2,1310,22
5239,ZH9107,,14:55:00,18:15:00,2019-08-07 15:11:18,4.2,1050,21
5345,ZH9107,,14:55:00,18:15:00,2019-08-08 15:31:40,4.2,1050,20
5400,ZH9107,,14:55:00,18:15:00,2019-08-09 15:26:23,4.2,1050,19
5476,ZH9107,,14:55:00,18:15:00,2019-08-10 16:22:22,4.2,1050,18
5547,ZH9107,,14:55:00,18:15:00,2019-08-11 15:10:04,4.2,1050,17
5626,ZH9107,,14:55:00,18:15:00,2019-08-12 13:40:51,4.2,1050,16
5702,ZH9107,,14:55:00,18:15:00,2019-08-13 16:19:19,4.2,1050,15
5780,ZH9107,,14:55:00,18:15:00,2019-08-14 14:36:29,4.2,1050,14
5854,ZH9107,,14:55:00,18:15:00,2019-08-15 15:35:08,3.5,880,13
5930,ZH9107,,14:55:00,18:15:00,2019-08-16 14:38:19,3.5,880,12
6009,ZH9107,,14:55:00,18:15:00,2019-08-17 15:40:17,3.5,880,11
6083,ZH9107,,14:55:00,18:15:00,2019-08-18 15:11:31,3.5,880,10
6158,ZH9107,,14:55:00,18:15:00,2019-08-19 16:20:04,3.5,870,9
6236,ZH9107,,14:55:00,18:15:00,2019-08-20 14:43:48,3.5,880,8
6310,ZH9107,,14:55:00,18:15:00,2019-08-21 17:32:48,3.5,880,7
6385,ZH9107,,14:55:00,18:15:00,2019-08-22 16:28:58,3.5,880,6
6464,ZH9107,,14:55:00,18:15:00,2019-08-23 15:55:02,3.5,880,5
6537,ZH9107,,14:55:00,18:15:00,2019-08-24 17:05:07,7.9,1980,4
6613,ZH9107,,14:55:00,18:15:00,2019-08-25 17:30:52,6.2,1550,3
6691,ZH9107,,14:55:00,18:15:00,2019-08-26 15:05:42,8.2,2040,2
6766,ZH9107,,14:55:00,18:15:00,2019-08-27 15:40:16,8.8,2210,1
3324,ZH9109,,16:20:00,19:35:00,2019-07-14 14:45:41,6.2,1550,45
3407,ZH9109,,16:20:00,19:35:00,2019-07-15 15:25:10,6.2,1550,44
3472,ZH9109,,16:20:00,19:35:00,2019-07-16 14:59:25,5.2,1310,43
3565,ZH9109,,16:20:00,19:35:00,2019-07-17 14:30:16,5.2,1310,42
3644,ZH9109,,16:20:00,19:35:00,2019-07-18 15:55:41,5.2,1310,41
3724,ZH9109,,16:20:00,19:35:00,2019-07-19 14:28:48,5.2,1310,40
3807,ZH9109,,16:20:00,19:35:00,2019-07-20 14:34:15,5.2,1310,39
3885,ZH9109,,16:20:00,19:35:00,2019-07-21 14:53:23,5.2,1310,38
3964,ZH9109,,16:20:00,19:35:00,2019-07-22 15:21:01,5.2,1310,37
4046,ZH9109,,16:20:00,19:35:00,2019-07-23 15:57:44,5.2,1310,36
4124,ZH9109,,16:20:00,19:35:00,2019-07-24 15:18:09,5.2,1310,35
4204,ZH9109,,16:20:00,19:35:00,2019-07-25 15:36:09,5.4,1350,34
4287,ZH9109,,16:20:00,19:35:00,2019-07-26 14:34:20,5.2,1310,33
4364,ZH9109,,16:20:00,19:35:00,2019-07-27 15:25:12,5.2,1310,32
4445,ZH9109,,16:20:00,19:35:00,2019-07-28 15:29:32,5.2,1310,31
4524,ZH9109,,16:20:00,19:35:00,2019-07-29 15:35:15,5.2,1310,30
4604,ZH9109,,16:20:00,19:35:00,2019-07-30 14:41:01,5.2,1310,29
4687,ZH9109,,16:20:00,19:35:00,2019-07-31 15:54:28,5.2,1310,28
4765,ZH9109,,16:20:00,19:35:00,2019-08-01 15:43:43,5.2,1310,27
4844,ZH9109,,16:20:00,19:35:00,2019-08-02 15:04:40,5.2,1310,26
4926,ZH9109,,16:20:00,19:35:00,2019-08-03 14:59:45,5.2,1310,25
5004,ZH9109,,16:20:00,19:35:00,2019-08-04 15:50:36,5.2,1310,24
5084,ZH9109,,16:20:00,19:35:00,2019-08-05 15:03:12,5.1,1270,23
5168,ZH9109,,16:20:00,19:35:00,2019-08-06 14:53:02,4.2,1050,22
5244,ZH9109,,16:20:00,19:35:00,2019-08-07 15:11:18,4.2,1050,21
5350,ZH9109,,16:20:00,19:35:00,2019-08-08 15:31:40,4.6,1150,20
5405,ZH9109,,16:20:00,19:35:00,2019-08-09 15:26:23,4.2,1050,19
5481,ZH9109,,16:20:00,19:35:00,2019-08-10 16:22:22,4.2,1050,18
5552,ZH9109,,16:20:00,19:35:00,2019-08-11 15:10:04,3.5,880,17
5631,ZH9109,,16:20:00,19:35:00,2019-08-12 13:40:51,3.5,880,16
5707,ZH9109,,16:20:00,19:35:00,2019-08-13 16:19:19,3.5,880,15
5785,ZH9109,,16:20:00,19:35:00,2019-08-14 14:36:29,3.5,880,14
5859,ZH9109,,16:20:00,19:35:00,2019-08-15 15:35:08,3.5,880,13
5935,ZH9109,,16:20:00,19:35:00,2019-08-16 14:38:19,3.5,880,12
6014,ZH9109,,16:20:00,19:35:00,2019-08-17 15:40:17,3.5,880,11
6087,ZH9109,,16:20:00,19:35:00,2019-08-18 15:11:31,3.5,880,10
6163,ZH9109,,16:20:00,19:35:00,2019-08-19 16:20:04,3.5,870,9
6241,ZH9109,,16:20:00,19:35:00,2019-08-20 14:43:48,3.5,880,8
6315,ZH9109,,16:20:00,19:35:00,2019-08-21 17:32:48,3.5,880,7
6390,ZH9109,,16:20:00,19:35:00,2019-08-22 16:28:58,3.5,880,6
6469,ZH9109,,16:20:00,19:35:00,2019-08-23 15:55:02,3.5,880,5
6542,ZH9109,,16:20:00,19:35:00,2019-08-24 17:05:07,7.9,1980,4
6618,ZH9109,,16:20:00,19:35:00,2019-08-25 17:30:52,6.2,1550,3
6696,ZH9109,,16:20:00,19:35:00,2019-08-26 15:05:42,8.2,2040,2
6771,ZH9109,,16:20:00,19:35:00,2019-08-27 15:40:16,8.8,2210,1
6865,ZH9109,,16:20:00,19:35:00,2019-08-28 13:33:40,9.7,2430,0
3342,ZH9111,,19:25:00,00:30:00,2019-07-14 14:45:41,4.8,1190,45
3425,ZH9111,,19:25:00,00:30:00,2019-07-15 15:25:10,4.8,1190,44
3454,ZH9111,,19:25:00,00:30:00,2019-07-16 14:59:25,4.8,1190,43
3583,ZH9111,,19:25:00,00:30:00,2019-07-17 14:30:16,4.8,1190,42
3662,ZH9111,,19:25:00,00:30:00,2019-07-18 15:55:41,4.8,1190,41
3742,ZH9111,,19:25:00,00:30:00,2019-07-19 14:28:48,4.8,1190,40
3825,ZH9111,,19:25:00,00:30:00,2019-07-20 14:34:15,4.8,1190,39
3903,ZH9111,,19:25:00,00:30:00,2019-07-21 14:53:23,4.8,1190,38
3982,ZH9111,,19:25:00,00:30:00,2019-07-22 15:21:01,4.8,1190,37
4064,ZH9111,,19:25:00,00:30:00,2019-07-23 15:57:44,4.8,1190,36
4142,ZH9111,,19:25:00,00:30:00,2019-07-24 15:18:09,4.8,1190,35
4222,ZH9111,,19:25:00,00:30:00,2019-07-25 15:36:09,4.9,1230,34
4305,ZH9111,,19:25:00,00:30:00,2019-07-26 14:34:20,4.8,1190,33
4382,ZH9111,,19:25:00,00:30:00,2019-07-27 15:25:12,4.8,1190,32
4463,ZH9111,,19:25:00,00:30:00,2019-07-28 15:29:32,4.8,1190,31
4542,ZH9111,,19:25:00,00:30:00,2019-07-29 15:35:15,4.8,1190,30
4622,ZH9111,,19:25:00,00:30:00,2019-07-30 14:41:01,4.8,1190,29
4705,ZH9111,,19:25:00,00:30:00,2019-07-31 15:54:28,4.8,1190,28
4783,ZH9111,,19:25:00,00:30:00,2019-08-01 15:43:43,4.8,1190,27
4862,ZH9111,,19:25:00,00:30:00,2019-08-02 15:04:40,4.8,1190,26
4944,ZH9111,,19:25:00,00:30:00,2019-08-03 14:59:45,4.8,1190,25
5022,ZH9111,,19:25:00,00:30:00,2019-08-04 15:50:36,4.8,1190,24
5102,ZH9111,,19:25:00,00:30:00,2019-08-05 15:03:12,4.6,1150,23
5186,ZH9111,,19:25:00,00:30:00,2019-08-06 14:53:02,4.8,1190,22
5262,ZH9111,,19:25:00,00:30:00,2019-08-07 15:11:18,4.8,1190,21
5288,ZH9111,,19:25:00,00:30:00,2019-08-08 15:31:40,4.6,1150,20
5423,ZH9111,,19:25:00,00:30:00,2019-08-09 15:26:23,4.8,1190,19
5499,ZH9111,,19:25:00,00:30:00,2019-08-10 16:22:22,4.8,1190,18
5570,ZH9111,,19:25:00,00:30:00,2019-08-11 15:10:04,4.6,1150,17
5648,ZH9111,,19:25:00,00:30:00,2019-08-12 13:40:51,4.6,1150,16
5725,ZH9111,,19:25:00,00:30:00,2019-08-13 16:19:19,4.8,1190,15
5803,ZH9111,,19:25:00,00:30:00,2019-08-14 14:36:29,4.6,1150,14
5877,ZH9111,,19:25:00,00:30:00,2019-08-15 15:35:08,4.8,1190,13
5952,ZH9111,,19:25:00,00:30:00,2019-08-16 14:38:19,4.8,1190,12
6032,ZH9111,,19:25:00,00:30:00,2019-08-17 15:40:17,4.6,1150,11
6104,ZH9111,,19:25:00,00:30:00,2019-08-18 15:11:31,4.8,1190,10
6180,ZH9111,,19:25:00,00:30:00,2019-08-19 16:20:04,4.5,1137,9
6258,ZH9111,,19:25:00,00:30:00,2019-08-20 14:43:48,4.6,1150,8
6332,ZH9111,,19:25:00,00:30:00,2019-08-21 17:32:48,4.8,1190,7
6407,ZH9111,,19:25:00,00:30:00,2019-08-22 16:28:58,4.8,1190,6
6486,ZH9111,,19:25:00,00:30:00,2019-08-23 15:55:02,3.5,880,5
6559,ZH9111,,19:25:00,00:30:00,2019-08-24 17:05:07,2.5,630,4
6636,ZH9111,,19:25:00,00:30:00,2019-08-25 17:30:52,3.5,880,3
6713,ZH9111,,19:25:00,00:30:00,2019-08-26 15:05:42,2.5,630,2
6788,ZH9111,,19:25:00,00:30:00,2019-08-27 15:40:16,2.5,630,1
6831,ZH9111,,19:25:00,00:30:00,2019-08-28 13:33:40,3.5,880,0
6888,ZH9111,,19:25:00,00:30:00,2019-08-29 16:55:42,4.1,1015,0
3348,ZH9113,,21:10:00,00:15:00,2019-07-14 14:45:41,4.0,1000,45
3431,ZH9113,,21:10:00,00:15:00,2019-07-15 15:25:10,4.0,1000,44
3448,ZH9113,,21:10:00,00:15:00,2019-07-16 14:59:25,4.0,1000,43
3589,ZH9113,,21:10:00,00:15:00,2019-07-17 14:30:16,4.0,1000,42
3668,ZH9113,,21:10:00,00:15:00,2019-07-18 15:55:41,4.0,1000,41
3748,ZH9113,,21:10:00,00:15:00,2019-07-19 14:28:48,4.0,1000,40
3831,ZH9113,,21:10:00,00:15:00,2019-07-20 14:34:15,4.0,1000,39
3909,ZH9113,,21:10:00,00:15:00,2019-07-21 14:53:23,4.0,1000,38
3988,ZH9113,,21:10:00,00:15:00,2019-07-22 15:21:01,4.0,1000,37
4070,ZH9113,,21:10:00,00:15:00,2019-07-23 15:57:44,4.0,1000,36
4148,ZH9113,,21:10:00,00:15:00,2019-07-24 15:18:09,4.0,1000,35
4228,ZH9113,,21:10:00,00:15:00,2019-07-25 15:36:09,4.0,1000,34
4311,ZH9113,,21:10:00,00:15:00,2019-07-26 14:34:20,4.0,1000,33
4388,ZH9113,,21:10:00,00:15:00,2019-07-27 15:25:12,4.0,1000,32
4469,ZH9113,,21:10:00,00:15:00,2019-07-28 15:29:32,4.0,1000,31
4548,ZH9113,,21:10:00,00:15:00,2019-07-29 15:35:15,4.0,1000,30
4628,ZH9113,,21:10:00,00:15:00,2019-07-30 14:41:01,4.0,1000,29
4711,ZH9113,,21:10:00,00:15:00,2019-07-31 15:54:28,4.0,1000,28
4789,ZH9113,,21:10:00,00:15:00,2019-08-01 15:43:43,4.0,1000,27
4868,ZH9113,,21:10:00,00:15:00,2019-08-02 15:04:40,4.0,1000,26
4950,ZH9113,,21:10:00,00:15:00,2019-08-03 14:59:45,4.0,1000,25
5028,ZH9113,,21:10:00,00:15:00,2019-08-04 15:50:36,4.0,1000,24
5108,ZH9113,,21:10:00,00:15:00,2019-08-05 15:03:12,4.0,1000,23
5192,ZH9113,,21:10:00,00:15:00,2019-08-06 14:53:02,3.0,759,22
5268,ZH9113,,21:10:00,00:15:00,2019-08-07 15:11:18,3.0,756,21
5294,ZH9113,,21:10:00,00:15:00,2019-08-08 15:31:40,3.0,750,20
5429,ZH9113,,21:10:00,00:15:00,2019-08-09 15:26:23,3.1,765,19
5503,ZH9113,,21:10:00,00:15:00,2019-08-10 16:22:22,3.1,768,18
5576,ZH9113,,21:10:00,00:15:00,2019-08-11 15:10:04,3.0,750,17
5654,ZH9113,,21:10:00,00:15:00,2019-08-12 13:40:51,3.0,750,16
5730,ZH9113,,21:10:00,00:15:00,2019-08-13 16:19:19,3.1,769,15
5808,ZH9113,,21:10:00,00:15:00,2019-08-14 14:36:29,3.1,771,14
5882,ZH9113,,21:10:00,00:15:00,2019-08-15 15:35:08,2.6,645,13
5958,ZH9113,,21:10:00,00:15:00,2019-08-16 14:38:19,2.5,630,12
6037,ZH9113,,21:10:00,00:15:00,2019-08-17 15:40:17,2.5,630,11
6110,ZH9113,,21:10:00,00:15:00,2019-08-18 15:11:31,2.5,635,10
6186,ZH9113,,21:10:00,00:15:00,2019-08-19 16:20:04,2.5,637,9
6264,ZH9113,,21:10:00,00:15:00,2019-08-20 14:43:48,3.0,750,8
6338,ZH9113,,21:10:00,00:15:00,2019-08-21 17:32:48,3.0,750,7
6413,ZH9113,,21:10:00,00:15:00,2019-08-22 16:28:58,3.0,756,6
6492,ZH9113,,21:10:00,00:15:00,2019-08-23 15:55:02,3.1,765,5
6565,ZH9113,,21:10:00,00:15:00,2019-08-24 17:05:07,7.0,1740,4
6641,ZH9113,,21:10:00,00:15:00,2019-08-25 17:30:52,7.2,1790,3
6719,ZH9113,,21:10:00,00:15:00,2019-08-26 15:05:42,7.2,1790,2
6793,ZH9113,,21:10:00,00:15:00,2019-08-27 15:40:16,7.9,1980,1
6837,ZH9113,,21:10:00,00:15:00,2019-08-28 13:33:40,8.2,2040,0
6891,ZH9113,,21:10:00,00:15:00,2019-08-29 16:55:42,8.2,2040,0
