,flightno,actualflight,departtime,arrivetime,crawltime,discount,lowest_price,days_to_departure
2069,3U5002,MU5403,09:10:00,12:40:00,2019-01-19 15:14:28,10.0,2120,45
2115,3U5002,MU5403,09:10:00,12:40:00,2019-01-20 15:06:09,10.0,2120,44
2161,3U5002,MU5403,09:10:00,12:40:00,2019-01-21 14:51:06,10.0,2120,43
2207,3U5002,MU5403,09:10:00,12:40:00,2019-01-22 17:06:35,10.0,2120,42
2229,3U5002,MU5403,09:10:00,12:40:00,2019-01-23 15:42:12,10.0,2120,41
2260,3U5002,MU5403,09:10:00,12:40:00,2019-01-24 15:50:34,10.0,2120,40
2349,3U5002,MU5403,09:10:00,12:40:00,2019-01-25 15:31:46,10.0,2120,39
2397,3U5002,MU5403,09:10:00,12:40:00,2019-01-26 14:52:19,10.0,2120,38
2448,3U5002,MU5403,09:10:00,12:40:00,2019-01-27 15:37:26,10.0,2120,37
2495,3U5002,MU5403,09:10:00,12:40:00,2019-01-28 17:28:51,10.0,2120,36
2545,3U5002,MU5403,09:10:00,12:40:00,2019-01-29 14:53:03,10.0,2120,35
2593,3U5002,MU5403,09:10:00,12:40:00,2019-01-30 14:52:33,10.0,2120,34
2645,3U5002,MU5403,09:10:00,12:40:00,2019-01-31 15:58:50,10.0,2120,33
2692,3U5002,MU5403,09:10:00,12:40:00,2019-02-01 16:30:25,10.0,2120,32
2741,3U5002,MU5403,09:10:00,12:40:00,2019-02-02 16:47:31,10.0,2120,31
2774,3U5002,MU5403,09:10:00,12:40:00,2019-02-03 17:33:54,10.0,2120,30
2839,3U5002,MU5403,09:10:00,12:40:00,2019-02-04 16:33:12,10.0,2120,29
2888,3U5002,MU5403,09:10:00,12:40:00,2019-02-05 16:17:08,10.0,2120,28
2936,3U5002,MU5403,09:10:00,12:40:00,2019-02-06 14:41:53,10.0,2120,27
2985,3U5002,MU5403,09:10:00,12:40:00,2019-02-07 16:29:21,10.0,2120,26
3034,3U5002,MU5403,09:10:00,12:40:00,2019-02-08 14:50:15,10.0,2120,25
3083,3U5002,MU5403,09:10:00,12:40:00,2019-02-09 15:08:22,10.0,2120,24
3091,3U5002,MU5403,09:10:00,12:40:00,2019-02-10 17:01:47,10.0,2120,23
3183,3U5002,MU5403,09:10:00,12:40:00,2019-02-11 17:08:19,10.0,2120,22
3232,3U5002,MU5403,09:10:00,12:40:00,2019-02-12 16:04:30,10.0,2120,21
3279,3U5002,MU5403,09:10:00,12:40:00,2019-02-13 14:30:12,10.0,2120,20
3311,3U5002,MU5403,09:10:00,12:40:00,2019-02-14 16:33:01,10.0,2120,19
3359,3U5002,MU5403,09:10:00,12:40:00,2019-02-15 16:07:50,10.0,2120,18
3385,3U5002,MU5403,09:10:00,12:40:00,2019-02-16 16:34:05,10.0,2120,17
3450,3U5002,MU5403,09:10:00,12:40:00,2019-02-17 17:25:24,10.0,2120,16
3507,3U5002,MU5403,09:10:00,12:40:00,2019-02-18 16:21:58,10.0,2120,15
3546,3U5002,MU5403,09:10:00,12:40:00,2019-02-19 14:36:15,10.0,2120,14
3581,3U5002,MU5403,09:10:00,12:40:00,2019-02-20 14:48:23,10.0,2120,13
3647,3U5002,MU5403,09:10:00,12:40:00,2019-02-21 15:14:42,10.0,2120,12
3679,3U5002,MU5403,09:10:00,12:40:00,2019-02-22 16:52:44,10.0,2120,11
3769,3U5002,MU5403,09:10:00,12:40:00,2019-02-23 16:55:58,10.0,2120,10
3804,3U5002,MU5403,09:10:00,12:40:00,2019-02-24 16:30:15,10.0,2120,9
3833,3U5002,MU5403,09:10:00,12:40:00,2019-02-25 17:38:35,10.0,2120,8
3875,3U5002,MU5403,09:10:00,12:40:00,2019-02-26 16:16:55,4.9,1040,7
3974,3U5002,MU5403,09:10:00,12:40:00,2019-02-27 16:43:30,10.0,2120,6
4029,3U5002,MU5403,09:10:00,12:40:00,2019-02-28 16:04:06,10.0,2120,5
4086,3U5002,MU5403,09:10:00,12:40:00,2019-03-01 15:18:39,4.4,930,4
4141,3U5002,MU5403,09:10:00,12:40:00,2019-03-02 14:32:34,10.0,2120,3
4197,3U5002,MU5403,09:10:00,12:40:00,2019-03-03 14:20:23,10.0,2120,2
4253,3U5002,MU5403,09:10:00,12:40:00,2019-03-04 15:52:36,10.0,2120,1
4295,3U5002,MU5403,09:10:00,12:40:00,2019-03-05 14:28:37,10.0,2120,0
2040,3U5004,MU5417,21:30:00,01:10:00,2019-01-19 15:14:28,10.0,2120,45
2073,3U5004,MU5417,21:30:00,01:10:00,2019-01-20 15:06:09,10.0,2120,44
2120,3U5004,MU5417,21:30:00,01:10:00,2019-01-21 14:51:06,10.0,2120,43
2165,3U5004,MU5417,21:30:00,01:10:00,2019-01-22 17:06:35,10.0,2120,42
2225,3U5004,MU5417,21:30:00,01:10:00,2019-01-23 15:42:12,10.0,2120,41
2302,3U5004,MU5417,21:30:00,01:10:00,2019-01-24 15:50:34,10.0,2120,40
2337,3U5004,MU5417,21:30:00,01:10:00,2019-01-25 15:31:46,10.0,2120,39
2353,3U5004,MU5417,21:30:00,01:10:00,2019-01-26 14:52:19,10.0,2120,38
2402,3U5004,MU5417,21:30:00,01:10:00,2019-01-27 15:37:26,10.0,2120,37
2451,3U5004,MU5417,21:30:00,01:10:00,2019-01-28 17:28:51,10.0,2120,36
2500,3U5004,MU5417,21:30:00,01:10:00,2019-01-29 14:53:03,10.0,2120,35
2549,3U5004,MU5417,21:30:00,01:10:00,2019-01-30 14:52:33,10.0,2120,34
2598,3U5004,MU5417,21:30:00,01:10:00,2019-01-31 15:58:50,10.0,2120,33
2647,3U5004,MU5417,21:30:00,01:10:00,2019-02-01 16:30:25,10.0,2120,32
2696,3U5004,MU5417,21:30:00,01:10:00,2019-02-02 16:47:31,10.0,2120,31
2778,3U5004,MU5417,21:30:00,01:10:00,2019-02-03 17:33:54,10.0,2120,30
2793,3U5004,MU5417,21:30:00,01:10:00,2019-02-04 16:33:12,10.0,2120,29
2843,3U5004,MU5417,21:30:00,01:10:00,2019-02-05 16:17:08,10.0,2120,28
2891,3U5004,MU5417,21:30:00,01:10:00,2019-02-06 14:41:53,10.0,2120,27
2940,3U5004,MU5417,21:30:00,01:10:00,2019-02-07 16:29:21,10.0,2120,26
2989,3U5004,MU5417,21:30:00,01:10:00,2019-02-08 14:50:15,10.0,2120,25
3038,3U5004,MU5417,21:30:00,01:10:00,2019-02-09 15:08:22,10.0,2120,24
3135,3U5004,MU5417,21:30:00,01:10:00,2019-02-10 17:01:47,10.0,2120,23
3151,3U5004,MU5417,21:30:00,01:10:00,2019-02-11 17:08:19,10.0,2120,22
3186,3U5004,MU5417,21:30:00,01:10:00,2019-02-12 16:04:30,10.0,2120,21
3252,3U5004,MU5417,21:30:00,01:10:00,2019-02-13 14:30:12,10.0,2120,20
3315,3U5004,MU5417,21:30:00,01:10:00,2019-02-14 16:33:01,10.0,2120,19
3332,3U5004,MU5417,21:30:00,01:10:00,2019-02-15 16:07:50,10.0,2120,18
3429,3U5004,MU5417,21:30:00,01:10:00,2019-02-16 16:34:05,10.0,2120,17
3439,3U5004,MU5417,21:30:00,01:10:00,2019-02-17 17:25:24,10.0,2120,16
3503,3U5004,MU5417,21:30:00,01:10:00,2019-02-18 16:21:58,4.9,1040,15
3538,3U5004,MU5417,21:30:00,01:10:00,2019-02-19 14:36:15,4.9,1040,14
3625,3U5004,MU5417,21:30:00,01:10:00,2019-02-20 14:48:23,4.9,1040,13
3627,3U5004,MU5417,21:30:00,01:10:00,2019-02-21 15:14:42,4.9,1040,12
3723,3U5004,MU5417,21:30:00,01:10:00,2019-02-22 16:52:44,4.9,1040,11
3725,3U5004,MU5417,21:30:00,01:10:00,2019-02-23 16:55:58,4.9,1040,10
3821,3U5004,MU5417,21:30:00,01:10:00,2019-02-24 16:30:15,4.9,1040,9
3822,3U5004,MU5417,21:30:00,01:10:00,2019-02-25 17:38:35,4.9,1040,8
3919,3U5004,MU5417,21:30:00,01:10:00,2019-02-26 16:16:55,4.9,1040,7
3955,3U5004,MU5417,21:30:00,01:10:00,2019-02-27 16:43:30,4.9,1040,6
3977,3U5004,MU5417,21:30:00,01:10:00,2019-02-28 16:04:06,4.9,1040,5
4081,3U5004,MU5417,21:30:00,01:10:00,2019-03-01 15:18:39,3.5,740,4
4089,3U5004,MU5417,21:30:00,01:10:00,2019-03-02 14:32:34,10.0,2120,3
4157,3U5004,MU5417,21:30:00,01:10:00,2019-03-03 14:20:23,10.0,2120,2
4201,3U5004,MU5417,21:30:00,01:10:00,2019-03-04 15:52:36,10.0,2120,1
4272,3U5004,MU5417,21:30:00,01:10:00,2019-03-05 14:28:37,10.0,2120,0
4325,3U5004,MU5417,21:30:00,01:10:00,2019-03-06 15:36:42,4.9,1040,0
2038,3U5006,MU5407,11:10:00,14:35:00,2019-01-19 15:14:28,10.0,2120,45
2085,3U5006,MU5407,11:10:00,14:35:00,2019-01-20 15:06:09,10.0,2120,44
2132,3U5006,MU5407,11:10:00,14:35:00,2019-01-21 14:51:06,10.0,2120,43
2190,3U5006,MU5407,11:10:00,14:35:00,2019-01-22 17:06:35,10.0,2120,42
2213,3U5006,MU5407,11:10:00,14:35:00,2019-01-23 15:42:12,10.0,2120,41
2290,3U5006,MU5407,11:10:00,14:35:00,2019-01-24 15:50:34,10.0,2120,40
2313,3U5006,MU5407,11:10:00,14:35:00,2019-01-25 15:31:46,10.0,2120,39
2367,3U5006,MU5407,11:10:00,14:35:00,2019-01-26 14:52:19,10.0,2120,38
2416,3U5006,MU5407,11:10:00,14:35:00,2019-01-27 15:37:26,10.0,2120,37
2465,3U5006,MU5407,11:10:00,14:35:00,2019-01-28 17:28:51,10.0,2120,36
2514,3U5006,MU5407,11:10:00,14:35:00,2019-01-29 14:53:03,10.0,2120,35
2563,3U5006,MU5407,11:10:00,14:35:00,2019-01-30 14:52:33,10.0,2120,34
2612,3U5006,MU5407,11:10:00,14:35:00,2019-01-31 15:58:50,10.0,2120,33
2661,3U5006,MU5407,11:10:00,14:35:00,2019-02-01 16:30:25,10.0,2120,32
2710,3U5006,MU5407,11:10:00,14:35:00,2019-02-02 16:47:31,10.0,2120,31
2792,3U5006,MU5407,11:10:00,14:35:00,2019-02-03 17:33:54,10.0,2120,30
2807,3U5006,MU5407,11:10:00,14:35:00,2019-02-04 16:33:12,10.0,2120,29
2857,3U5006,MU5407,11:10:00,14:35:00,2019-02-05 16:17:08,10.0,2120,28
2905,3U5006,MU5407,11:10:00,14:35:00,2019-02-06 14:41:53,10.0,2120,27
2954,3U5006,MU5407,11:10:00,14:35:00,2019-02-07 16:29:21,10.0,2120,26
3003,3U5006,MU5407,11:10:00,14:35:00,2019-02-08 14:50:15,10.0,2120,25
3052,3U5006,MU5407,11:10:00,14:35:00,2019-02-09 15:08:22,10.0,2120,24
3122,3U5006,MU5407,11:10:00,14:35:00,2019-02-10 17:01:47,10.0,2120,23
3164,3U5006,MU5407,11:10:00,14:35:00,2019-02-11 17:08:19,10.0,2120,22
3200,3U5006,MU5407,11:10:00,14:35:00,2019-02-12 16:04:30,10.0,2120,21
3266,3U5006,MU5407,11:10:00,14:35:00,2019-02-13 14:30:12,10.0,2120,20
3329,3U5006,MU5407,11:10:00,14:35:00,2019-02-14 16:33:01,10.0,2120,19
3363,3U5006,MU5407,11:10:00,14:35:00,2019-02-15 16:07:50,10.0,2120,18
3416,3U5006,MU5407,11:10:00,14:35:00,2019-02-16 16:34:05,10.0,2120,17
3436,3U5006,MU5407,11:10:00,14:35:00,2019-02-17 17:25:24,10.0,2120,16
3489,3U5006,MU5407,11:10:00,14:35:00,2019-02-18 16:21:58,10.0,2120,15
3530,3U5006,MU5407,11:10:00,14:35:00,2019-02-19 14:36:15,10.0,2120,14
3611,3U5006,MU5407,11:10:00,14:35:00,2019-02-20 14:48:23,10.0,2120,13
3626,3U5006,MU5407,11:10:00,14:35:00,2019-02-21 15:14:42,10.0,2120,12
3710,3U5006,MU5407,11:10:00,14:35:00,2019-02-22 16:52:44,10.0,2120,11
3724,3U5006,MU5407,11:10:00,14:35:00,2019-02-23 16:55:58,10.0,2120,10
3774,3U5006,MU5407,11:10:00,14:35:00,2019-02-24 16:30:15,10.0,2120,9
3828,3U5006,MU5407,11:10:00,14:35:00,2019-02-25 17:38:35,10.0,2120,8
3906,3U5006,MU5407,11:10:00,14:35:00,2019-02-26 16:16:55,10.0,2120,7
3928,3U5006,MU5407,11:10:00,14:35:00,2019-02-27 16:43:30,10.0,2120,6
3985,3U5006,MU5407,11:10:00,14:35:00,2019-02-28 16:04:06,10.0,2120,5
4040,3U5006,MU5407,11:10:00,14:35:00,2019-03-01 15:18:39,4.4,930,4
4097,3U5006,MU5407,11:10:00,14:35:00,2019-03-02 14:32:34,10.0,2120,3
4151,3U5006,MU5407,11:10:00,14:35:00,2019-03-03 14:20:23,10.0,2120,2
4209,3U5006,MU5407,11:10:00,14:35:00,2019-03-04 15:52:36,10.0,2120,1
4264,3U5006,MU5407,11:10:00,14:35:00,2019-03-05 14:28:37,10.0,2120,0
2062,3U5008,MU5221,12:30:00,16:00:00,2019-01-19 15:14:28,10.0,2120,45
2108,3U5008,MU5221,12:30:00,16:00:00,2019-01-20 15:06:09,10.0,2120,44
2119,3U5008,MU5221,12:30:00,16:00:00,2019-01-21 14:51:06,10.0,2120,43
2200,3U5008,MU5221,12:30:00,16:00:00,2019-01-22 17:06:35,10.0,2120,42
2236,3U5008,MU5221,12:30:00,16:00:00,2019-01-23 15:42:12,10.0,2120,41
2267,3U5008,MU5221,12:30:00,16:00:00,2019-01-24 15:50:34,10.0,2120,40
2342,3U5008,MU5221,12:30:00,16:00:00,2019-01-25 15:31:46,10.0,2120,39
2391,3U5008,MU5221,12:30:00,16:00:00,2019-01-26 14:52:19,10.0,2120,38
2440,3U5008,MU5221,12:30:00,16:00:00,2019-01-27 15:37:26,10.0,2120,37
2488,3U5008,MU5221,12:30:00,16:00:00,2019-01-28 17:28:51,10.0,2120,36
2538,3U5008,MU5221,12:30:00,16:00:00,2019-01-29 14:53:03,10.0,2120,35
2587,3U5008,MU5221,12:30:00,16:00:00,2019-01-30 14:52:33,10.0,2120,34
2637,3U5008,MU5221,12:30:00,16:00:00,2019-01-31 15:58:50,10.0,2120,33
2685,3U5008,MU5221,12:30:00,16:00:00,2019-02-01 16:30:25,10.0,2120,32
2734,3U5008,MU5221,12:30:00,16:00:00,2019-02-02 16:47:31,10.0,2120,31
2768,3U5008,MU5221,12:30:00,16:00:00,2019-02-03 17:33:54,10.0,2120,30
2832,3U5008,MU5221,12:30:00,16:00:00,2019-02-04 16:33:12,10.0,2120,29
2881,3U5008,MU5221,12:30:00,16:00:00,2019-02-05 16:17:08,10.0,2120,28
2929,3U5008,MU5221,12:30:00,16:00:00,2019-02-06 14:41:53,10.0,2120,27
2978,3U5008,MU5221,12:30:00,16:00:00,2019-02-07 16:29:21,10.0,2120,26
3027,3U5008,MU5221,12:30:00,16:00:00,2019-02-08 14:50:15,10.0,2120,25
3076,3U5008,MU5221,12:30:00,16:00:00,2019-02-09 15:08:22,10.0,2120,24
3098,3U5008,MU5221,12:30:00,16:00:00,2019-02-10 17:01:47,10.0,2120,23
3143,3U5008,MU5221,12:30:00,16:00:00,2019-02-11 17:08:19,10.0,2120,22
3225,3U5008,MU5221,12:30:00,16:00:00,2019-02-12 16:04:30,10.0,2120,21
3272,3U5008,MU5221,12:30:00,16:00:00,2019-02-13 14:30:12,10.0,2120,20
3304,3U5008,MU5221,12:30:00,16:00:00,2019-02-14 16:33:01,10.0,2120,19
3352,3U5008,MU5221,12:30:00,16:00:00,2019-02-15 16:07:50,10.0,2120,18
3392,3U5008,MU5221,12:30:00,16:00:00,2019-02-16 16:34:05,10.0,2120,17
3455,3U5008,MU5221,12:30:00,16:00:00,2019-02-17 17:25:24,10.0,2120,16
3514,3U5008,MU5221,12:30:00,16:00:00,2019-02-18 16:21:58,4.9,1040,15
3553,3U5008,MU5221,12:30:00,16:00:00,2019-02-19 14:36:15,4.9,1040,14
3588,3U5008,MU5221,12:30:00,16:00:00,2019-02-20 14:48:23,4.9,1040,13
3651,3U5008,MU5221,12:30:00,16:00:00,2019-02-21 15:14:42,4.9,1040,12
3686,3U5008,MU5221,12:30:00,16:00:00,2019-02-22 16:52:44,4.9,1040,11
3762,3U5008,MU5221,12:30:00,16:00:00,2019-02-23 16:55:58,10.0,2120,10
3798,3U5008,MU5221,12:30:00,16:00:00,2019-02-24 16:30:15,10.0,2120,9
3825,3U5008,MU5221,12:30:00,16:00:00,2019-02-25 17:38:35,10.0,2120,8
3882,3U5008,MU5221,12:30:00,16:00:00,2019-02-26 16:16:55,10.0,2120,7
3946,3U5008,MU5221,12:30:00,16:00:00,2019-02-27 16:43:30,10.0,2120,6
4003,3U5008,MU5221,12:30:00,16:00:00,2019-02-28 16:04:06,10.0,2120,5
4058,3U5008,MU5221,12:30:00,16:00:00,2019-03-01 15:18:39,3.5,740,4
4115,3U5008,MU5221,12:30:00,16:00:00,2019-03-02 14:32:34,10.0,2120,3
4170,3U5008,MU5221,12:30:00,16:00:00,2019-03-03 14:20:23,10.0,2120,2
4226,3U5008,MU5221,12:30:00,16:00:00,2019-03-04 15:52:36,10.0,2120,1
4290,3U5008,MU5221,12:30:00,16:00:00,2019-03-05 14:28:37,10.0,2120,0
2028,3U5010,MU5297,18:05:00,21:40:00,2019-01-19 15:14:28,10.0,2120,45
2075,3U5010,MU5297,18:05:00,21:40:00,2019-01-20 15:06:09,10.0,2120,44
2122,3U5010,MU5297,18:05:00,21:40:00,2019-01-21 14:51:06,10.0,2120,43
2180,3U5010,MU5297,18:05:00,21:40:00,2019-01-22 17:06:35,10.0,2120,42
2223,3U5010,MU5297,18:05:00,21:40:00,2019-01-23 15:42:12,10.0,2120,41
2300,3U5010,MU5297,18:05:00,21:40:00,2019-01-24 15:50:34,10.0,2120,40
2335,3U5010,MU5297,18:05:00,21:40:00,2019-01-25 15:31:46,10.0,2120,39
2355,3U5010,MU5297,18:05:00,21:40:00,2019-01-26 14:52:19,10.0,2120,38
2404,3U5010,MU5297,18:05:00,21:40:00,2019-01-27 15:37:26,4.9,1040,37
2453,3U5010,MU5297,18:05:00,21:40:00,2019-01-28 17:28:51,4.9,1040,36
2502,3U5010,MU5297,18:05:00,21:40:00,2019-01-29 14:53:03,4.9,1040,35
2551,3U5010,MU5297,18:05:00,21:40:00,2019-01-30 14:52:33,4.9,1040,34
2600,3U5010,MU5297,18:05:00,21:40:00,2019-01-31 15:58:50,10.0,2120,33
2649,3U5010,MU5297,18:05:00,21:40:00,2019-02-01 16:30:25,10.0,2120,32
2698,3U5010,MU5297,18:05:00,21:40:00,2019-02-02 16:47:31,10.0,2120,31
2780,3U5010,MU5297,18:05:00,21:40:00,2019-02-03 17:33:54,10.0,2120,30
2795,3U5010,MU5297,18:05:00,21:40:00,2019-02-04 16:33:12,10.0,2120,29
2845,3U5010,MU5297,18:05:00,21:40:00,2019-02-05 16:17:08,10.0,2120,28
2893,3U5010,MU5297,18:05:00,21:40:00,2019-02-06 14:41:53,10.0,2120,27
2942,3U5010,MU5297,18:05:00,21:40:00,2019-02-07 16:29:21,10.0,2120,26
2991,3U5010,MU5297,18:05:00,21:40:00,2019-02-08 14:50:15,10.0,2120,25
3040,3U5010,MU5297,18:05:00,21:40:00,2019-02-09 15:08:22,10.0,2120,24
3133,3U5010,MU5297,18:05:00,21:40:00,2019-02-10 17:01:47,10.0,2120,23
3153,3U5010,MU5297,18:05:00,21:40:00,2019-02-11 17:08:19,10.0,2120,22
3188,3U5010,MU5297,18:05:00,21:40:00,2019-02-12 16:04:30,10.0,2120,21
3254,3U5010,MU5297,18:05:00,21:40:00,2019-02-13 14:30:12,10.0,2120,20
3317,3U5010,MU5297,18:05:00,21:40:00,2019-02-14 16:33:01,10.0,2120,19
3335,3U5010,MU5297,18:05:00,21:40:00,2019-02-15 16:07:50,10.0,2120,18
3427,3U5010,MU5297,18:05:00,21:40:00,2019-02-16 16:34:05,10.0,2120,17
3441,3U5010,MU5297,18:05:00,21:40:00,2019-02-17 17:25:24,10.0,2120,16
3501,3U5010,MU5297,18:05:00,21:40:00,2019-02-18 16:21:58,10.0,2120,15
3540,3U5010,MU5297,18:05:00,21:40:00,2019-02-19 14:36:15,10.0,2120,14
3623,3U5010,MU5297,18:05:00,21:40:00,2019-02-20 14:48:23,10.0,2120,13
3629,3U5010,MU5297,18:05:00,21:40:00,2019-02-21 15:14:42,10.0,2120,12
3721,3U5010,MU5297,18:05:00,21:40:00,2019-02-22 16:52:44,10.0,2120,11
3727,3U5010,MU5297,18:05:00,21:40:00,2019-02-23 16:55:58,10.0,2120,10
3819,3U5010,MU5297,18:05:00,21:40:00,2019-02-24 16:30:15,10.0,2120,9
3848,3U5010,MU5297,18:05:00,21:40:00,2019-02-25 17:38:35,10.0,2120,8
3917,3U5010,MU5297,18:05:00,21:40:00,2019-02-26 16:16:55,10.0,2120,7
3921,3U5010,MU5297,18:05:00,21:40:00,2019-02-27 16:43:30,10.0,2120,6
3978,3U5010,MU5297,18:05:00,21:40:00,2019-02-28 16:04:06,4.9,1040,5
4033,3U5010,MU5297,18:05:00,21:40:00,2019-03-01 15:18:39,3.5,740,4
4090,3U5010,MU5297,18:05:00,21:40:00,2019-03-02 14:32:34,10.0,2120,3
4144,3U5010,MU5297,18:05:00,21:40:00,2019-03-03 14:20:23,10.0,2120,2
4202,3U5010,MU5297,18:05:00,21:40:00,2019-03-04 15:52:36,10.0,2120,1
4258,3U5010,MU5297,18:05:00,21:40:00,2019-03-05 14:28:37,10.0,2120,0
4324,3U5010,MU5297,18:05:00,21:40:00,2019-03-06 15:36:42,7.9,1680,0
2031,3U8962,,11:45:00,15:10:00,2019-01-19 15:14:28,5.9,1250,45
2078,3U8962,,11:45:00,15:10:00,2019-01-20 15:06:09,5.9,1250,44
2125,3U8962,,11:45:00,15:10:00,2019-01-21 14:51:06,5.9,1250,43
2183,3U8962,,11:45:00,15:10:00,2019-01-22 17:06:35,5.9,1250,42
2220,3U8962,,11:45:00,15:10:00,2019-01-23 15:42:12,5.9,1250,41
2297,3U8962,,11:45:00,15:10:00,2019-01-24 15:50:34,4.5,960,40
2304,3U8962,,11:45:00,15:10:00,2019-01-25 15:31:46,3.4,727,39
2358,3U8962,,11:45:00,15:10:00,2019-01-26 14:52:19,3.2,680,38
2407,3U8962,,11:45:00,15:10:00,2019-01-27 15:37:26,3.2,680,37
2456,3U8962,,11:45:00,15:10:00,2019-01-28 17:28:51,3.2,680,36
2505,3U8962,,11:45:00,15:10:00,2019-01-29 14:53:03,3.2,680,35
2554,3U8962,,11:45:00,15:10:00,2019-01-30 14:52:33,3.2,680,34
2603,3U8962,,11:45:00,15:10:00,2019-01-31 15:58:50,3.2,680,33
2652,3U8962,,11:45:00,15:10:00,2019-02-01 16:30:25,4.1,860,32
2701,3U8962,,11:45:00,15:10:00,2019-02-02 16:47:31,3.2,680,31
2783,3U8962,,11:45:00,15:10:00,2019-02-03 17:33:54,3.2,680,30
2798,3U8962,,11:45:00,15:10:00,2019-02-04 16:33:12,3.3,690,29
2848,3U8962,,11:45:00,15:10:00,2019-02-05 16:17:08,5.7,1200,28
2896,3U8962,,11:45:00,15:10:00,2019-02-06 14:41:53,5.7,1200,27
2945,3U8962,,11:45:00,15:10:00,2019-02-07 16:29:21,5.7,1200,26
2994,3U8962,,11:45:00,15:10:00,2019-02-08 14:50:15,5.7,1200,25
3043,3U8962,,11:45:00,15:10:00,2019-02-09 15:08:22,5.7,1200,24
3130,3U8962,,11:45:00,15:10:00,2019-02-10 17:01:47,5.7,1200,23
3156,3U8962,,11:45:00,15:10:00,2019-02-11 17:08:19,5.7,1200,22
3191,3U8962,,11:45:00,15:10:00,2019-02-12 16:04:30,5.7,1200,21
3257,3U8962,,11:45:00,15:10:00,2019-02-13 14:30:12,5.7,1200,20
3320,3U8962,,11:45:00,15:10:00,2019-02-14 16:33:01,5.7,1200,19
3338,3U8962,,11:45:00,15:10:00,2019-02-15 16:07:50,5.7,1200,18
3424,3U8962,,11:45:00,15:10:00,2019-02-16 16:34:05,5.7,1200,17
3444,3U8962,,11:45:00,15:10:00,2019-02-17 17:25:24,5.7,1200,16
3498,3U8962,,11:45:00,15:10:00,2019-02-18 16:21:58,3.3,700,15
3528,3U8962,,11:45:00,15:10:00,2019-02-19 14:36:15,2.8,600,14
3620,3U8962,,11:45:00,15:10:00,2019-02-20 14:48:23,3.0,626,13
3632,3U8962,,11:45:00,15:10:00,2019-02-21 15:14:42,3.0,626,12
3718,3U8962,,11:45:00,15:10:00,2019-02-22 16:52:44,2.9,620,11
3730,3U8962,,11:45:00,15:10:00,2019-02-23 16:55:58,2.4,518,10
3816,3U8962,,11:45:00,15:10:00,2019-02-24 16:30:15,2.4,517,9
3845,3U8962,,11:45:00,15:10:00,2019-02-25 17:38:35,2.4,509,8
3914,3U8962,,11:45:00,15:10:00,2019-02-26 16:16:55,2.4,509,7
3954,3U8962,,11:45:00,15:10:00,2019-02-27 16:43:30,3.0,626,6
4011,3U8962,,11:45:00,15:10:00,2019-02-28 16:04:06,3.3,710,5
4066,3U8962,,11:45:00,15:10:00,2019-03-01 15:18:39,3.4,716,4
4123,3U8962,,11:45:00,15:10:00,2019-03-02 14:32:34,4.0,840,3
4178,3U8962,,11:45:00,15:10:00,2019-03-03 14:20:23,3.9,827,2
4234,3U8962,,11:45:00,15:10:00,2019-03-04 15:52:36,2.9,622,1
4282,3U8962,,11:45:00,15:10:00,2019-03-05 14:28:37,5.7,1202,0
2037,3U8964,,16:35:00,20:10:00,2019-01-19 15:14:28,5.9,1250,45
2084,3U8964,,16:35:00,20:10:00,2019-01-20 15:06:09,5.9,1250,44
2131,3U8964,,16:35:00,20:10:00,2019-01-21 14:51:06,5.9,1250,43
2189,3U8964,,16:35:00,20:10:00,2019-01-22 17:06:35,5.9,1250,42
2214,3U8964,,16:35:00,20:10:00,2019-01-23 15:42:12,5.9,1250,41
2291,3U8964,,16:35:00,20:10:00,2019-01-24 15:50:34,4.5,960,40
2311,3U8964,,16:35:00,20:10:00,2019-01-25 15:31:46,3.4,727,39
2365,3U8964,,16:35:00,20:10:00,2019-01-26 14:52:19,3.1,650,38
2414,3U8964,,16:35:00,20:10:00,2019-01-27 15:37:26,3.1,650,37
2463,3U8964,,16:35:00,20:10:00,2019-01-28 17:28:51,3.1,650,36
2512,3U8964,,16:35:00,20:10:00,2019-01-29 14:53:03,3.1,650,35
2561,3U8964,,16:35:00,20:10:00,2019-01-30 14:52:33,3.1,650,34
2610,3U8964,,16:35:00,20:10:00,2019-01-31 15:58:50,3.1,650,33
2659,3U8964,,16:35:00,20:10:00,2019-02-01 16:30:25,3.1,650,32
2708,3U8964,,16:35:00,20:10:00,2019-02-02 16:47:31,3.1,650,31
2790,3U8964,,16:35:00,20:10:00,2019-02-03 17:33:54,3.1,650,30
2805,3U8964,,16:35:00,20:10:00,2019-02-04 16:33:12,3.2,668,29
2855,3U8964,,16:35:00,20:10:00,2019-02-05 16:17:08,5.7,1200,28
2903,3U8964,,16:35:00,20:10:00,2019-02-06 14:41:53,5.7,1200,27
2952,3U8964,,16:35:00,20:10:00,2019-02-07 16:29:21,5.7,1200,26
3001,3U8964,,16:35:00,20:10:00,2019-02-08 14:50:15,5.7,1200,25
3050,3U8964,,16:35:00,20:10:00,2019-02-09 15:08:22,5.7,1200,24
3124,3U8964,,16:35:00,20:10:00,2019-02-10 17:01:47,5.7,1200,23
3162,3U8964,,16:35:00,20:10:00,2019-02-11 17:08:19,5.7,1200,22
3198,3U8964,,16:35:00,20:10:00,2019-02-12 16:04:30,5.7,1200,21
3264,3U8964,,16:35:00,20:10:00,2019-02-13 14:30:12,5.7,1200,20
3327,3U8964,,16:35:00,20:10:00,2019-02-14 16:33:01,5.7,1200,19
3345,3U8964,,16:35:00,20:10:00,2019-02-15 16:07:50,5.7,1200,18
3418,3U8964,,16:35:00,20:10:00,2019-02-16 16:34:05,5.7,1200,17
3437,3U8964,,16:35:00,20:10:00,2019-02-17 17:25:24,5.7,1200,16
3491,3U8964,,16:35:00,20:10:00,2019-02-18 16:21:58,3.1,650,15
3536,3U8964,,16:35:00,20:10:00,2019-02-19 14:36:15,3.3,700,14
3613,3U8964,,16:35:00,20:10:00,2019-02-20 14:48:23,3.4,720,13
3639,3U8964,,16:35:00,20:10:00,2019-02-21 15:14:42,3.0,640,12
3712,3U8964,,16:35:00,20:10:00,2019-02-22 16:52:44,2.9,620,11
3737,3U8964,,16:35:00,20:10:00,2019-02-23 16:55:58,2.4,508,10
3809,3U8964,,16:35:00,20:10:00,2019-02-24 16:30:15,2.4,507,9
3838,3U8964,,16:35:00,20:10:00,2019-02-25 17:38:35,2.4,499,8
3907,3U8964,,16:35:00,20:10:00,2019-02-26 16:16:55,2.4,510,7
3959,3U8964,,16:35:00,20:10:00,2019-02-27 16:43:30,2.9,620,6
4015,3U8964,,16:35:00,20:10:00,2019-02-28 16:04:06,2.9,620,5
4070,3U8964,,16:35:00,20:10:00,2019-03-01 15:18:39,2.9,616,4
4126,3U8964,,16:35:00,20:10:00,2019-03-02 14:32:34,4.9,1040,3
4182,3U8964,,16:35:00,20:10:00,2019-03-03 14:20:23,4.9,1040,2
4238,3U8964,,16:35:00,20:10:00,2019-03-04 15:52:36,2.9,616,1
4311,3U8964,,16:35:00,20:10:00,2019-03-05 14:28:37,5.7,1202,0
2035,3U8966,,19:55:00,23:30:00,2019-01-19 15:14:28,5.0,1050,45
2082,3U8966,,19:55:00,23:30:00,2019-01-20 15:06:09,5.0,1050,44
2129,3U8966,,19:55:00,23:30:00,2019-01-21 14:51:06,5.0,1050,43
2187,3U8966,,19:55:00,23:30:00,2019-01-22 17:06:35,5.0,1050,42
2216,3U8966,,19:55:00,23:30:00,2019-01-23 15:42:12,5.0,1050,41
2293,3U8966,,19:55:00,23:30:00,2019-01-24 15:50:34,5.0,1050,40
2309,3U8966,,19:55:00,23:30:00,2019-01-25 15:31:46,3.0,627,39
2363,3U8966,,19:55:00,23:30:00,2019-01-26 14:52:19,2.8,590,38
2412,3U8966,,19:55:00,23:30:00,2019-01-27 15:37:26,2.8,590,37
2461,3U8966,,19:55:00,23:30:00,2019-01-28 17:28:51,2.8,590,36
2510,3U8966,,19:55:00,23:30:00,2019-01-29 14:53:03,2.8,590,35
2559,3U8966,,19:55:00,23:30:00,2019-01-30 14:52:33,2.8,590,34
2608,3U8966,,19:55:00,23:30:00,2019-01-31 15:58:50,2.8,604,33
2657,3U8966,,19:55:00,23:30:00,2019-02-01 16:30:25,2.8,600,32
2706,3U8966,,19:55:00,23:30:00,2019-02-02 16:47:31,2.8,604,31
2788,3U8966,,19:55:00,23:30:00,2019-02-03 17:33:54,2.8,597,30
2803,3U8966,,19:55:00,23:30:00,2019-02-04 16:33:12,2.9,618,29
2853,3U8966,,19:55:00,23:30:00,2019-02-05 16:17:08,5.7,1200,28
2901,3U8966,,19:55:00,23:30:00,2019-02-06 14:41:53,5.7,1200,27
2950,3U8966,,19:55:00,23:30:00,2019-02-07 16:29:21,5.7,1200,26
2999,3U8966,,19:55:00,23:30:00,2019-02-08 14:50:15,5.7,1200,25
3048,3U8966,,19:55:00,23:30:00,2019-02-09 15:08:22,5.7,1200,24
3126,3U8966,,19:55:00,23:30:00,2019-02-10 17:01:47,5.7,1200,23
3160,3U8966,,19:55:00,23:30:00,2019-02-11 17:08:19,5.7,1200,22
3196,3U8966,,19:55:00,23:30:00,2019-02-12 16:04:30,5.7,1200,21
3262,3U8966,,19:55:00,23:30:00,2019-02-13 14:30:12,5.7,1200,20
3325,3U8966,,19:55:00,23:30:00,2019-02-14 16:33:01,5.7,1200,19
3343,3U8966,,19:55:00,23:30:00,2019-02-15 16:07:50,2.8,600,18
3420,3U8966,,19:55:00,23:30:00,2019-02-16 16:34:05,5.7,1200,17
3434,3U8966,,19:55:00,23:30:00,2019-02-17 17:25:24,2.8,599,16
3493,3U8966,,19:55:00,23:30:00,2019-02-18 16:21:58,2.8,598,15
3534,3U8966,,19:55:00,23:30:00,2019-02-19 14:36:15,2.7,580,14
3615,3U8966,,19:55:00,23:30:00,2019-02-20 14:48:23,2.7,580,13
3637,3U8966,,19:55:00,23:30:00,2019-02-21 15:14:42,2.5,538,12
3714,3U8966,,19:55:00,23:30:00,2019-02-22 16:52:44,2.5,540,11
3735,3U8966,,19:55:00,23:30:00,2019-02-23 16:55:58,2.3,479,10
3811,3U8966,,19:55:00,23:30:00,2019-02-24 16:30:15,2.2,466,9
3840,3U8966,,19:55:00,23:30:00,2019-02-25 17:38:35,2.0,418,8
3909,3U8966,,19:55:00,23:30:00,2019-02-26 16:16:55,1.9,408,7
3958,3U8966,,19:55:00,23:30:00,2019-02-27 16:43:30,2.2,461,6
4014,3U8966,,19:55:00,23:30:00,2019-02-28 16:04:06,2.9,620,5
4069,3U8966,,19:55:00,23:30:00,2019-03-01 15:18:39,2.9,615,4
4125,3U8966,,19:55:00,23:30:00,2019-03-02 14:32:34,3.9,827,3
4181,3U8966,,19:55:00,23:30:00,2019-03-03 14:20:23,3.9,827,2
4237,3U8966,,19:55:00,23:30:00,2019-03-04 15:52:36,2.9,615,1
4279,3U8966,,19:55:00,23:30:00,2019-03-05 14:28:37,4.9,1040,0
4321,3U8966,,19:55:00,23:30:00,2019-03-06 15:36:42,3.9,835,0
2039,CA1947,,07:35:00,11:05:00,2019-01-19 15:14:28,3.2,688,45
2086,CA1947,,07:35:00,11:05:00,2019-01-20 15:06:09,3.2,681,44
2133,CA1947,,07:35:00,11:05:00,2019-01-21 14:51:06,3.3,698,43
2191,CA1947,,07:35:00,11:05:00,2019-01-22 17:06:35,3.2,684,42
2212,CA1947,,07:35:00,11:05:00,2019-01-23 15:42:12,3.2,680,41
2289,CA1947,,07:35:00,11:05:00,2019-01-24 15:50:34,3.2,680,40
2315,CA1947,,07:35:00,11:05:00,2019-01-25 15:31:46,3.2,680,39
2369,CA1947,,07:35:00,11:05:00,2019-01-26 14:52:19,3.2,680,38
2418,CA1947,,07:35:00,11:05:00,2019-01-27 15:37:26,3.2,680,37
2467,CA1947,,07:35:00,11:05:00,2019-01-28 17:28:51,3.2,680,36
2516,CA1947,,07:35:00,11:05:00,2019-01-29 14:53:03,3.2,680,35
2565,CA1947,,07:35:00,11:05:00,2019-01-30 14:52:33,3.2,680,34
2614,CA1947,,07:35:00,11:05:00,2019-01-31 15:58:50,4.1,860,33
2663,CA1947,,07:35:00,11:05:00,2019-02-01 16:30:25,3.2,680,32
2712,CA1947,,07:35:00,11:05:00,2019-02-02 16:47:31,3.2,680,31
2746,CA1947,,07:35:00,11:05:00,2019-02-03 17:33:54,3.2,680,30
2809,CA1947,,07:35:00,11:05:00,2019-02-04 16:33:12,3.2,680,29
2859,CA1947,,07:35:00,11:05:00,2019-02-05 16:17:08,3.2,680,28
2907,CA1947,,07:35:00,11:05:00,2019-02-06 14:41:53,3.2,680,27
2956,CA1947,,07:35:00,11:05:00,2019-02-07 16:29:21,3.2,680,26
3005,CA1947,,07:35:00,11:05:00,2019-02-08 14:50:15,3.2,680,25
3054,CA1947,,07:35:00,11:05:00,2019-02-09 15:08:22,3.2,680,24
3120,CA1947,,07:35:00,11:05:00,2019-02-10 17:01:47,3.2,680,23
3166,CA1947,,07:35:00,11:05:00,2019-02-11 17:08:19,4.1,860,22
3202,CA1947,,07:35:00,11:05:00,2019-02-12 16:04:30,3.0,640,21
3250,CA1947,,07:35:00,11:05:00,2019-02-13 14:30:12,4.1,860,20
3331,CA1947,,07:35:00,11:05:00,2019-02-14 16:33:01,2.8,590,19
3365,CA1947,,07:35:00,11:05:00,2019-02-15 16:07:50,2.8,590,18
3414,CA1947,,07:35:00,11:05:00,2019-02-16 16:34:05,2.8,590,17
3477,CA1947,,07:35:00,11:05:00,2019-02-17 17:25:24,2.8,590,16
3487,CA1947,,07:35:00,11:05:00,2019-02-18 16:21:58,2.8,590,15
3575,CA1947,,07:35:00,11:05:00,2019-02-19 14:36:15,2.8,590,14
3609,CA1947,,07:35:00,11:05:00,2019-02-20 14:48:23,2.8,590,13
3673,CA1947,,07:35:00,11:05:00,2019-02-21 15:14:42,2.8,590,12
3708,CA1947,,07:35:00,11:05:00,2019-02-22 16:52:44,2.5,530,11
3740,CA1947,,07:35:00,11:05:00,2019-02-23 16:55:58,2.5,530,10
3776,CA1947,,07:35:00,11:05:00,2019-02-24 16:30:15,2.5,530,9
3869,CA1947,,07:35:00,11:05:00,2019-02-25 17:38:35,4.1,860,8
3904,CA1947,,07:35:00,11:05:00,2019-02-26 16:16:55,4.1,860,7
3931,CA1947,,07:35:00,11:05:00,2019-02-27 16:43:30,3.0,640,6
3988,CA1947,,07:35:00,11:05:00,2019-02-28 16:04:06,2.0,420,5
4043,CA1947,,07:35:00,11:05:00,2019-03-01 15:18:39,3.0,640,4
4100,CA1947,,07:35:00,11:05:00,2019-03-02 14:32:34,4.1,860,3
4154,CA1947,,07:35:00,11:05:00,2019-03-03 14:20:23,3.0,640,2
4212,CA1947,,07:35:00,11:05:00,2019-03-04 15:52:36,3.0,640,1
4268,CA1947,,07:35:00,11:05:00,2019-03-05 14:28:37,5.8,1230,0
2053,CA1949,,16:00:00,19:35:00,2019-01-19 15:14:28,4.1,860,45
2099,CA1949,,16:00:00,19:35:00,2019-01-20 15:06:09,4.1,860,44
2146,CA1949,,16:00:00,19:35:00,2019-01-21 14:51:06,4.1,860,43
2176,CA1949,,16:00:00,19:35:00,2019-01-22 17:06:35,4.1,860,42
2245,CA1949,,16:00:00,19:35:00,2019-01-23 15:42:12,4.1,860,41
2276,CA1949,,16:00:00,19:35:00,2019-01-24 15:50:34,4.1,860,40
2329,CA1949,,16:00:00,19:35:00,2019-01-25 15:31:46,4.1,860,39
2382,CA1949,,16:00:00,19:35:00,2019-01-26 14:52:19,4.1,860,38
2431,CA1949,,16:00:00,19:35:00,2019-01-27 15:37:26,4.1,860,37
2479,CA1949,,16:00:00,19:35:00,2019-01-28 17:28:51,4.1,860,36
2529,CA1949,,16:00:00,19:35:00,2019-01-29 14:53:03,4.1,860,35
2578,CA1949,,16:00:00,19:35:00,2019-01-30 14:52:33,4.1,860,34
2627,CA1949,,16:00:00,19:35:00,2019-01-31 15:58:50,4.1,860,33
2676,CA1949,,16:00:00,19:35:00,2019-02-01 16:30:25,4.1,860,32
2725,CA1949,,16:00:00,19:35:00,2019-02-02 16:47:31,4.1,860,31
2759,CA1949,,16:00:00,19:35:00,2019-02-03 17:33:54,4.1,860,30
2823,CA1949,,16:00:00,19:35:00,2019-02-04 16:33:12,4.1,860,29
2872,CA1949,,16:00:00,19:35:00,2019-02-05 16:17:08,4.1,860,28
2920,CA1949,,16:00:00,19:35:00,2019-02-06 14:41:53,4.1,860,27
2969,CA1949,,16:00:00,19:35:00,2019-02-07 16:29:21,4.1,860,26
3018,CA1949,,16:00:00,19:35:00,2019-02-08 14:50:15,4.1,860,25
3067,CA1949,,16:00:00,19:35:00,2019-02-09 15:08:22,4.1,860,24
3107,CA1949,,16:00:00,19:35:00,2019-02-10 17:01:47,4.1,860,23
3168,CA1949,,16:00:00,19:35:00,2019-02-11 17:08:19,4.1,860,22
3216,CA1949,,16:00:00,19:35:00,2019-02-12 16:04:30,3.5,740,21
3237,CA1949,,16:00:00,19:35:00,2019-02-13 14:30:12,4.1,860,20
3295,CA1949,,16:00:00,19:35:00,2019-02-14 16:33:01,3.0,640,19
3378,CA1949,,16:00:00,19:35:00,2019-02-15 16:07:50,3.0,640,18
3401,CA1949,,16:00:00,19:35:00,2019-02-16 16:34:05,3.0,640,17
3464,CA1949,,16:00:00,19:35:00,2019-02-17 17:25:24,3.0,640,16
3522,CA1949,,16:00:00,19:35:00,2019-02-18 16:21:58,3.0,640,15
3562,CA1949,,16:00:00,19:35:00,2019-02-19 14:36:15,3.0,640,14
3597,CA1949,,16:00:00,19:35:00,2019-02-20 14:48:23,3.0,640,13
3660,CA1949,,16:00:00,19:35:00,2019-02-21 15:14:42,3.0,640,12
3695,CA1949,,16:00:00,19:35:00,2019-02-22 16:52:44,2.5,530,11
3753,CA1949,,16:00:00,19:35:00,2019-02-23 16:55:58,2.5,530,10
3789,CA1949,,16:00:00,19:35:00,2019-02-24 16:30:15,2.5,530,9
3855,CA1949,,16:00:00,19:35:00,2019-02-25 17:38:35,4.1,860,8
3891,CA1949,,16:00:00,19:35:00,2019-02-26 16:16:55,4.1,860,7
3941,CA1949,,16:00:00,19:35:00,2019-02-27 16:43:30,3.0,640,6
3998,CA1949,,16:00:00,19:35:00,2019-02-28 16:04:06,3.0,640,5
4053,CA1949,,16:00:00,19:35:00,2019-03-01 15:18:39,3.0,640,4
4110,CA1949,,16:00:00,19:35:00,2019-03-02 14:32:34,4.1,860,3
4165,CA1949,,16:00:00,19:35:00,2019-03-03 14:20:23,3.0,640,2
4221,CA1949,,16:00:00,19:35:00,2019-03-04 15:52:36,3.0,640,1
4277,CA1949,,16:00:00,19:35:00,2019-03-05 14:28:37,5.8,1230,0
2064,CA4504,,11:55:00,15:30:00,2019-01-19 15:14:28,4.1,860,45
2110,CA4504,,11:55:00,15:30:00,2019-01-20 15:06:09,4.1,860,44
2156,CA4504,,11:55:00,15:30:00,2019-01-21 14:51:06,4.1,860,43
2202,CA4504,,11:55:00,15:30:00,2019-01-22 17:06:35,4.1,860,42
2234,CA4504,,11:55:00,15:30:00,2019-01-23 15:42:12,4.1,860,41
2265,CA4504,,11:55:00,15:30:00,2019-01-24 15:50:34,4.1,860,40
2344,CA4504,,11:55:00,15:30:00,2019-01-25 15:31:46,4.1,860,39
2393,CA4504,,11:55:00,15:30:00,2019-01-26 14:52:19,4.1,860,38
2442,CA4504,,11:55:00,15:30:00,2019-01-27 15:37:26,4.1,860,37
2490,CA4504,,11:55:00,15:30:00,2019-01-28 17:28:51,4.1,860,36
2540,CA4504,,11:55:00,15:30:00,2019-01-29 14:53:03,4.1,860,35
2589,CA4504,,11:55:00,15:30:00,2019-01-30 14:52:33,4.1,860,34
2640,CA4504,,11:55:00,15:30:00,2019-01-31 15:58:50,4.1,860,33
2687,CA4504,,11:55:00,15:30:00,2019-02-01 16:30:25,4.1,860,32
2736,CA4504,,11:55:00,15:30:00,2019-02-02 16:47:31,4.1,860,31
2769,CA4504,,11:55:00,15:30:00,2019-02-03 17:33:54,4.1,860,30
2834,CA4504,,11:55:00,15:30:00,2019-02-04 16:33:12,4.1,860,29
2883,CA4504,,11:55:00,15:30:00,2019-02-05 16:17:08,4.1,860,28
2931,CA4504,,11:55:00,15:30:00,2019-02-06 14:41:53,4.1,860,27
2980,CA4504,,11:55:00,15:30:00,2019-02-07 16:29:21,4.1,860,26
3029,CA4504,,11:55:00,15:30:00,2019-02-08 14:50:15,4.1,860,25
3078,CA4504,,11:55:00,15:30:00,2019-02-09 15:08:22,4.1,860,24
3096,CA4504,,11:55:00,15:30:00,2019-02-10 17:01:47,4.1,860,23
3141,CA4504,,11:55:00,15:30:00,2019-02-11 17:08:19,4.1,860,22
3227,CA4504,,11:55:00,15:30:00,2019-02-12 16:04:30,3.5,740,21
3274,CA4504,,11:55:00,15:30:00,2019-02-13 14:30:12,4.1,860,20
3306,CA4504,,11:55:00,15:30:00,2019-02-14 16:33:01,3.0,640,19
3354,CA4504,,11:55:00,15:30:00,2019-02-15 16:07:50,3.0,640,18
3390,CA4504,,11:55:00,15:30:00,2019-02-16 16:34:05,3.0,640,17
3445,CA4504,,11:55:00,15:30:00,2019-02-17 17:25:24,3.0,640,16
3512,CA4504,,11:55:00,15:30:00,2019-02-18 16:21:58,3.0,640,15
3551,CA4504,,11:55:00,15:30:00,2019-02-19 14:36:15,3.0,640,14
3586,CA4504,,11:55:00,15:30:00,2019-02-20 14:48:23,3.0,640,13
3641,CA4504,,11:55:00,15:30:00,2019-02-21 15:14:42,5.1,1080,12
3684,CA4504,,11:55:00,15:30:00,2019-02-22 16:52:44,5.1,1080,11
3764,CA4504,,11:55:00,15:30:00,2019-02-23 16:55:58,5.1,1080,10
3800,CA4504,,11:55:00,15:30:00,2019-02-24 16:30:15,5.1,1080,9
3827,CA4504,,11:55:00,15:30:00,2019-02-25 17:38:35,4.1,860,8
3880,CA4504,,11:55:00,15:30:00,2019-02-26 16:16:55,4.1,860,7
3970,CA4504,,11:55:00,15:30:00,2019-02-27 16:43:30,4.1,860,6
4025,CA4504,,11:55:00,15:30:00,2019-02-28 16:04:06,4.1,860,5
4073,CA4504,,11:55:00,15:30:00,2019-03-01 15:18:39,4.1,860,4
4137,CA4504,,11:55:00,15:30:00,2019-03-02 14:32:34,4.1,860,3
4193,CA4504,,11:55:00,15:30:00,2019-03-03 14:20:23,3.0,640,2
4249,CA4504,,11:55:00,15:30:00,2019-03-04 15:52:36,3.0,640,1
4300,CA4504,,11:55:00,15:30:00,2019-03-05 14:28:37,5.8,1230,0
2041,CA4514,,14:30:00,18:10:00,2019-01-19 15:14:28,4.1,860,45
2087,CA4514,,14:30:00,18:10:00,2019-01-20 15:06:09,4.1,860,44
2134,CA4514,,14:30:00,18:10:00,2019-01-21 14:51:06,4.1,860,43
2192,CA4514,,14:30:00,18:10:00,2019-01-22 17:06:35,4.1,860,42
2256,CA4514,,14:30:00,18:10:00,2019-01-23 15:42:12,4.1,860,41
2288,CA4514,,14:30:00,18:10:00,2019-01-24 15:50:34,4.1,860,40
2316,CA4514,,14:30:00,18:10:00,2019-01-25 15:31:46,4.1,860,39
2370,CA4514,,14:30:00,18:10:00,2019-01-26 14:52:19,4.1,860,38
2419,CA4514,,14:30:00,18:10:00,2019-01-27 15:37:26,4.1,860,37
2468,CA4514,,14:30:00,18:10:00,2019-01-28 17:28:51,4.1,860,36
2517,CA4514,,14:30:00,18:10:00,2019-01-29 14:53:03,4.1,860,35
2566,CA4514,,14:30:00,18:10:00,2019-01-30 14:52:33,4.1,860,34
2615,CA4514,,14:30:00,18:10:00,2019-01-31 15:58:50,4.1,860,33
2664,CA4514,,14:30:00,18:10:00,2019-02-01 16:30:25,4.1,860,32
2713,CA4514,,14:30:00,18:10:00,2019-02-02 16:47:31,4.1,860,31
2747,CA4514,,14:30:00,18:10:00,2019-02-03 17:33:54,4.1,860,30
2810,CA4514,,14:30:00,18:10:00,2019-02-04 16:33:12,4.1,860,29
2860,CA4514,,14:30:00,18:10:00,2019-02-05 16:17:08,4.1,860,28
2908,CA4514,,14:30:00,18:10:00,2019-02-06 14:41:53,4.1,860,27
2957,CA4514,,14:30:00,18:10:00,2019-02-07 16:29:21,4.1,860,26
3006,CA4514,,14:30:00,18:10:00,2019-02-08 14:50:15,4.1,860,25
3055,CA4514,,14:30:00,18:10:00,2019-02-09 15:08:22,4.1,860,24
3119,CA4514,,14:30:00,18:10:00,2019-02-10 17:01:47,4.1,860,23
3180,CA4514,,14:30:00,18:10:00,2019-02-11 17:08:19,4.1,860,22
3203,CA4514,,14:30:00,18:10:00,2019-02-12 16:04:30,3.5,740,21
3249,CA4514,,14:30:00,18:10:00,2019-02-13 14:30:12,4.1,860,20
3283,CA4514,,14:30:00,18:10:00,2019-02-14 16:33:01,3.0,640,19
3366,CA4514,,14:30:00,18:10:00,2019-02-15 16:07:50,3.0,640,18
3413,CA4514,,14:30:00,18:10:00,2019-02-16 16:34:05,3.0,640,17
3476,CA4514,,14:30:00,18:10:00,2019-02-17 17:25:24,3.0,640,16
3486,CA4514,,14:30:00,18:10:00,2019-02-18 16:21:58,3.0,640,15
3574,CA4514,,14:30:00,18:10:00,2019-02-19 14:36:15,3.0,640,14
3608,CA4514,,14:30:00,18:10:00,2019-02-20 14:48:23,3.0,640,13
3672,CA4514,,14:30:00,18:10:00,2019-02-21 15:14:42,3.0,640,12
3707,CA4514,,14:30:00,18:10:00,2019-02-22 16:52:44,2.5,530,11
3741,CA4514,,14:30:00,18:10:00,2019-02-23 16:55:58,2.5,530,10
3777,CA4514,,14:30:00,18:10:00,2019-02-24 16:30:15,2.5,530,9
3868,CA4514,,14:30:00,18:10:00,2019-02-25 17:38:35,4.1,860,8
3903,CA4514,,14:30:00,18:10:00,2019-02-26 16:16:55,4.1,860,7
3932,CA4514,,14:30:00,18:10:00,2019-02-27 16:43:30,4.1,860,6
3989,CA4514,,14:30:00,18:10:00,2019-02-28 16:04:06,4.1,860,5
4044,CA4514,,14:30:00,18:10:00,2019-03-01 15:18:39,4.1,860,4
4101,CA4514,,14:30:00,18:10:00,2019-03-02 14:32:34,4.1,860,3
4155,CA4514,,14:30:00,18:10:00,2019-03-03 14:20:23,3.0,640,2
4213,CA4514,,14:30:00,18:10:00,2019-03-04 15:52:36,3.0,640,1
4267,CA4514,,14:30:00,18:10:00,2019-03-05 14:28:37,5.8,1230,0
2051,CA4536,,21:30:00,00:55:00,2019-01-19 15:14:28,3.3,692,45
2097,CA4536,,21:30:00,00:55:00,2019-01-20 15:06:09,3.2,688,44
2144,CA4536,,21:30:00,00:55:00,2019-01-21 14:51:06,3.2,681,43
2174,CA4536,,21:30:00,00:55:00,2019-01-22 17:06:35,3.3,697,42
2247,CA4536,,21:30:00,00:55:00,2019-01-23 15:42:12,3.2,680,41
2278,CA4536,,21:30:00,00:55:00,2019-01-24 15:50:34,3.2,680,40
2326,CA4536,,21:30:00,00:55:00,2019-01-25 15:31:46,3.2,680,39
2380,CA4536,,21:30:00,00:55:00,2019-01-26 14:52:19,3.2,680,38
2429,CA4536,,21:30:00,00:55:00,2019-01-27 15:37:26,3.2,680,37
2478,CA4536,,21:30:00,00:55:00,2019-01-28 17:28:51,3.2,680,36
2527,CA4536,,21:30:00,00:55:00,2019-01-29 14:53:03,3.2,680,35
2576,CA4536,,21:30:00,00:55:00,2019-01-30 14:52:33,3.2,680,34
2625,CA4536,,21:30:00,00:55:00,2019-01-31 15:58:50,4.1,860,33
2674,CA4536,,21:30:00,00:55:00,2019-02-01 16:30:25,3.2,680,32
2723,CA4536,,21:30:00,00:55:00,2019-02-02 16:47:31,3.2,680,31
2757,CA4536,,21:30:00,00:55:00,2019-02-03 17:33:54,3.2,680,30
2821,CA4536,,21:30:00,00:55:00,2019-02-04 16:33:12,3.2,680,29
2870,CA4536,,21:30:00,00:55:00,2019-02-05 16:17:08,3.2,680,28
2918,CA4536,,21:30:00,00:55:00,2019-02-06 14:41:53,3.2,680,27
2967,CA4536,,21:30:00,00:55:00,2019-02-07 16:29:21,3.2,680,26
3016,CA4536,,21:30:00,00:55:00,2019-02-08 14:50:15,3.2,680,25
3065,CA4536,,21:30:00,00:55:00,2019-02-09 15:08:22,3.2,680,24
3109,CA4536,,21:30:00,00:55:00,2019-02-10 17:01:47,3.2,680,23
3170,CA4536,,21:30:00,00:55:00,2019-02-11 17:08:19,4.1,860,22
3214,CA4536,,21:30:00,00:55:00,2019-02-12 16:04:30,3.0,640,21
3239,CA4536,,21:30:00,00:55:00,2019-02-13 14:30:12,4.1,860,20
3293,CA4536,,21:30:00,00:55:00,2019-02-14 16:33:01,2.6,545,19
3376,CA4536,,21:30:00,00:55:00,2019-02-15 16:07:50,2.5,537,18
3403,CA4536,,21:30:00,00:55:00,2019-02-16 16:34:05,2.6,544,17
3466,CA4536,,21:30:00,00:55:00,2019-02-17 17:25:24,2.6,544,16
3524,CA4536,,21:30:00,00:55:00,2019-02-18 16:21:58,2.5,530,15
3564,CA4536,,21:30:00,00:55:00,2019-02-19 14:36:15,2.5,530,14
3577,CA4536,,21:30:00,00:55:00,2019-02-20 14:48:23,2.5,530,13
3662,CA4536,,21:30:00,00:55:00,2019-02-21 15:14:42,2.5,530,12
3697,CA4536,,21:30:00,00:55:00,2019-02-22 16:52:44,2.5,530,11
3751,CA4536,,21:30:00,00:55:00,2019-02-23 16:55:58,2.5,530,10
3787,CA4536,,21:30:00,00:55:00,2019-02-24 16:30:15,2.0,429,9
3857,CA4536,,21:30:00,00:55:00,2019-02-25 17:38:35,4.1,860,8
3893,CA4536,,21:30:00,00:55:00,2019-02-26 16:16:55,4.1,860,7
3965,CA4536,,21:30:00,00:55:00,2019-02-27 16:43:30,3.0,640,6
4021,CA4536,,21:30:00,00:55:00,2019-02-28 16:04:06,3.0,640,5
4077,CA4536,,21:30:00,00:55:00,2019-03-01 15:18:39,3.0,640,4
4132,CA4536,,21:30:00,00:55:00,2019-03-02 14:32:34,4.1,860,3
4188,CA4536,,21:30:00,00:55:00,2019-03-03 14:20:23,3.0,640,2
4244,CA4536,,21:30:00,00:55:00,2019-03-04 15:52:36,3.0,640,1
4305,CA4536,,21:30:00,00:55:00,2019-03-05 14:28:37,4.1,860,0
4315,CA4536,,21:30:00,00:55:00,2019-03-06 15:36:42,4.1,860,0
2061,CA4592,,09:20:00,12:55:00,2019-01-19 15:14:28,5.1,1080,45
2107,CA4592,,09:20:00,12:55:00,2019-01-20 15:06:09,5.1,1080,44
2154,CA4592,,09:20:00,12:55:00,2019-01-21 14:51:06,5.1,1080,43
2199,CA4592,,09:20:00,12:55:00,2019-01-22 17:06:35,5.1,1080,42
2237,CA4592,,09:20:00,12:55:00,2019-01-23 15:42:12,5.1,1080,41
2268,CA4592,,09:20:00,12:55:00,2019-01-24 15:50:34,5.1,1080,40
2341,CA4592,,09:20:00,12:55:00,2019-01-25 15:31:46,5.1,1080,39
2390,CA4592,,09:20:00,12:55:00,2019-01-26 14:52:19,5.1,1080,38
2439,CA4592,,09:20:00,12:55:00,2019-01-27 15:37:26,5.1,1080,37
2487,CA4592,,09:20:00,12:55:00,2019-01-28 17:28:51,5.0,1070,36
2537,CA4592,,09:20:00,12:55:00,2019-01-29 14:53:03,5.1,1080,35
2586,CA4592,,09:20:00,12:55:00,2019-01-30 14:52:33,5.1,1080,34
2636,CA4592,,09:20:00,12:55:00,2019-01-31 15:58:50,5.1,1080,33
2684,CA4592,,09:20:00,12:55:00,2019-02-01 16:30:25,5.1,1080,32
2733,CA4592,,09:20:00,12:55:00,2019-02-02 16:47:31,5.1,1080,31
2767,CA4592,,09:20:00,12:55:00,2019-02-03 17:33:54,5.1,1080,30
2831,CA4592,,09:20:00,12:55:00,2019-02-04 16:33:12,5.1,1080,29
2880,CA4592,,09:20:00,12:55:00,2019-02-05 16:17:08,5.1,1080,28
2928,CA4592,,09:20:00,12:55:00,2019-02-06 14:41:53,5.1,1080,27
2977,CA4592,,09:20:00,12:55:00,2019-02-07 16:29:21,5.1,1080,26
3026,CA4592,,09:20:00,12:55:00,2019-02-08 14:50:15,5.1,1080,25
3075,CA4592,,09:20:00,12:55:00,2019-02-09 15:08:22,5.1,1080,24
3099,CA4592,,09:20:00,12:55:00,2019-02-10 17:01:47,5.1,1080,23
3144,CA4592,,09:20:00,12:55:00,2019-02-11 17:08:19,4.1,860,22
3224,CA4592,,09:20:00,12:55:00,2019-02-12 16:04:30,4.1,860,21
3271,CA4592,,09:20:00,12:55:00,2019-02-13 14:30:12,4.1,860,20
3303,CA4592,,09:20:00,12:55:00,2019-02-14 16:33:01,4.1,860,19
3351,CA4592,,09:20:00,12:55:00,2019-02-15 16:07:50,4.1,860,18
3393,CA4592,,09:20:00,12:55:00,2019-02-16 16:34:05,4.1,860,17
3456,CA4592,,09:20:00,12:55:00,2019-02-17 17:25:24,4.1,860,16
3515,CA4592,,09:20:00,12:55:00,2019-02-18 16:21:58,4.1,860,15
3554,CA4592,,09:20:00,12:55:00,2019-02-19 14:36:15,4.1,860,14
3589,CA4592,,09:20:00,12:55:00,2019-02-20 14:48:23,4.1,860,13
3652,CA4592,,09:20:00,12:55:00,2019-02-21 15:14:42,3.0,640,12
3687,CA4592,,09:20:00,12:55:00,2019-02-22 16:52:44,3.0,640,11
3761,CA4592,,09:20:00,12:55:00,2019-02-23 16:55:58,3.0,640,10
3797,CA4592,,09:20:00,12:55:00,2019-02-24 16:30:15,3.0,640,9
3824,CA4592,,09:20:00,12:55:00,2019-02-25 17:38:35,4.1,860,8
3883,CA4592,,09:20:00,12:55:00,2019-02-26 16:16:55,4.1,860,7
3969,CA4592,,09:20:00,12:55:00,2019-02-27 16:43:30,3.0,640,6
3976,CA4592,,09:20:00,12:55:00,2019-02-28 16:04:06,4.1,860,5
4082,CA4592,,09:20:00,12:55:00,2019-03-01 15:18:39,4.1,860,4
4136,CA4592,,09:20:00,12:55:00,2019-03-02 14:32:34,4.1,860,3
4192,CA4592,,09:20:00,12:55:00,2019-03-03 14:20:23,3.0,640,2
4248,CA4592,,09:20:00,12:55:00,2019-03-04 15:52:36,3.0,640,1
4301,CA4592,,09:20:00,12:55:00,2019-03-05 14:28:37,5.8,1230,0
2068,CZ3349,,08:10:00,11:45:00,2019-01-19 15:14:28,4.9,860,45
2114,CZ3349,,08:10:00,11:45:00,2019-01-20 15:06:09,4.9,860,44
2160,CZ3349,,08:10:00,11:45:00,2019-01-21 14:51:06,4.9,860,43
2206,CZ3349,,08:10:00,11:45:00,2019-01-22 17:06:35,4.9,860,42
2230,CZ3349,,08:10:00,11:45:00,2019-01-23 15:42:12,4.9,860,41
2261,CZ3349,,08:10:00,11:45:00,2019-01-24 15:50:34,4.9,860,40
2348,CZ3349,,08:10:00,11:45:00,2019-01-25 15:31:46,4.9,860,39
2396,CZ3349,,08:10:00,11:45:00,2019-01-26 14:52:19,4.9,860,38
2449,CZ3349,,08:10:00,11:45:00,2019-01-27 15:37:26,4.9,860,37
2494,CZ3349,,08:10:00,11:45:00,2019-01-28 17:28:51,4.9,860,36
2544,CZ3349,,08:10:00,11:45:00,2019-01-29 14:53:03,4.9,860,35
2592,CZ3349,,08:10:00,11:45:00,2019-01-30 14:52:33,4.9,860,34
2644,CZ3349,,08:10:00,11:45:00,2019-01-31 15:58:50,4.9,860,33
2691,CZ3349,,08:10:00,11:45:00,2019-02-01 16:30:25,4.9,860,32
2740,CZ3349,,08:10:00,11:45:00,2019-02-02 16:47:31,4.9,860,31
2773,CZ3349,,08:10:00,11:45:00,2019-02-03 17:33:54,4.9,860,30
2838,CZ3349,,08:10:00,11:45:00,2019-02-04 16:33:12,4.9,860,29
2887,CZ3349,,08:10:00,11:45:00,2019-02-05 16:17:08,4.9,860,28
2935,CZ3349,,08:10:00,11:45:00,2019-02-06 14:41:53,4.9,860,27
2984,CZ3349,,08:10:00,11:45:00,2019-02-07 16:29:21,4.9,860,26
3033,CZ3349,,08:10:00,11:45:00,2019-02-08 14:50:15,4.9,860,25
3082,CZ3349,,08:10:00,11:45:00,2019-02-09 15:08:22,4.9,860,24
3092,CZ3349,,08:10:00,11:45:00,2019-02-10 17:01:47,4.9,860,23
3137,CZ3349,,08:10:00,11:45:00,2019-02-11 17:08:19,4.1,720,22
3231,CZ3349,,08:10:00,11:45:00,2019-02-12 16:04:30,4.1,720,21
3278,CZ3349,,08:10:00,11:45:00,2019-02-13 14:30:12,4.9,860,20
3310,CZ3349,,08:10:00,11:45:00,2019-02-14 16:33:01,4.1,720,19
3358,CZ3349,,08:10:00,11:45:00,2019-02-15 16:07:50,4.1,720,18
3386,CZ3349,,08:10:00,11:45:00,2019-02-16 16:34:05,4.1,720,17
3449,CZ3349,,08:10:00,11:45:00,2019-02-17 17:25:24,4.1,720,16
3508,CZ3349,,08:10:00,11:45:00,2019-02-18 16:21:58,4.1,720,15
3547,CZ3349,,08:10:00,11:45:00,2019-02-19 14:36:15,4.1,720,14
3582,CZ3349,,08:10:00,11:45:00,2019-02-20 14:48:23,4.1,720,13
3646,CZ3349,,08:10:00,11:45:00,2019-02-21 15:14:42,4.1,720,12
3680,CZ3349,,08:10:00,11:45:00,2019-02-22 16:52:44,4.1,720,11
3768,CZ3349,,08:10:00,11:45:00,2019-02-23 16:55:58,4.1,720,10
3803,CZ3349,,08:10:00,11:45:00,2019-02-24 16:30:15,4.1,720,9
3832,CZ3349,,08:10:00,11:45:00,2019-02-25 17:38:35,4.1,720,8
3876,CZ3349,,08:10:00,11:45:00,2019-02-26 16:16:55,3.5,620,7
3972,CZ3349,,08:10:00,11:45:00,2019-02-27 16:43:30,3.0,530,6
4027,CZ3349,,08:10:00,11:45:00,2019-02-28 16:04:06,3.0,530,5
4084,CZ3349,,08:10:00,11:45:00,2019-03-01 15:18:39,3.5,620,4
4139,CZ3349,,08:10:00,11:45:00,2019-03-02 14:32:34,3.5,620,3
4195,CZ3349,,08:10:00,11:45:00,2019-03-03 14:20:23,3.5,620,2
4251,CZ3349,,08:10:00,11:45:00,2019-03-04 15:52:36,3.5,620,1
4298,CZ3349,,08:10:00,11:45:00,2019-03-05 14:28:37,5.1,900,0
2029,CZ3359,,16:25:00,20:05:00,2019-01-19 15:14:28,4.9,860,45
2076,CZ3359,,16:25:00,20:05:00,2019-01-20 15:06:09,4.9,860,44
2123,CZ3359,,16:25:00,20:05:00,2019-01-21 14:51:06,4.9,860,43
2181,CZ3359,,16:25:00,20:05:00,2019-01-22 17:06:35,4.9,860,42
2222,CZ3359,,16:25:00,20:05:00,2019-01-23 15:42:12,4.9,860,41
2299,CZ3359,,16:25:00,20:05:00,2019-01-24 15:50:34,4.9,860,40
2327,CZ3359,,16:25:00,20:05:00,2019-01-25 15:31:46,4.9,860,39
2356,CZ3359,,16:25:00,20:05:00,2019-01-26 14:52:19,4.9,860,38
2405,CZ3359,,16:25:00,20:05:00,2019-01-27 15:37:26,4.9,860,37
2454,CZ3359,,16:25:00,20:05:00,2019-01-28 17:28:51,4.9,860,36
2503,CZ3359,,16:25:00,20:05:00,2019-01-29 14:53:03,4.9,860,35
2552,CZ3359,,16:25:00,20:05:00,2019-01-30 14:52:33,4.9,860,34
2601,CZ3359,,16:25:00,20:05:00,2019-01-31 15:58:50,4.9,860,33
2650,CZ3359,,16:25:00,20:05:00,2019-02-01 16:30:25,4.9,860,32
2699,CZ3359,,16:25:00,20:05:00,2019-02-02 16:47:31,4.9,860,31
2781,CZ3359,,16:25:00,20:05:00,2019-02-03 17:33:54,4.9,860,30
2796,CZ3359,,16:25:00,20:05:00,2019-02-04 16:33:12,4.9,860,29
2846,CZ3359,,16:25:00,20:05:00,2019-02-05 16:17:08,4.9,860,28
2894,CZ3359,,16:25:00,20:05:00,2019-02-06 14:41:53,4.9,860,27
2943,CZ3359,,16:25:00,20:05:00,2019-02-07 16:29:21,4.9,860,26
2992,CZ3359,,16:25:00,20:05:00,2019-02-08 14:50:15,4.9,860,25
3041,CZ3359,,16:25:00,20:05:00,2019-02-09 15:08:22,4.9,860,24
3132,CZ3359,,16:25:00,20:05:00,2019-02-10 17:01:47,4.9,860,23
3154,CZ3359,,16:25:00,20:05:00,2019-02-11 17:08:19,4.0,700,22
3189,CZ3359,,16:25:00,20:05:00,2019-02-12 16:04:30,4.0,700,21
3255,CZ3359,,16:25:00,20:05:00,2019-02-13 14:30:12,4.0,700,20
3318,CZ3359,,16:25:00,20:05:00,2019-02-14 16:33:01,4.0,700,19
3336,CZ3359,,16:25:00,20:05:00,2019-02-15 16:07:50,4.0,700,18
3426,CZ3359,,16:25:00,20:05:00,2019-02-16 16:34:05,4.0,700,17
3442,CZ3359,,16:25:00,20:05:00,2019-02-17 17:25:24,4.0,700,16
3500,CZ3359,,16:25:00,20:05:00,2019-02-18 16:21:58,4.0,700,15
3541,CZ3359,,16:25:00,20:05:00,2019-02-19 14:36:15,4.0,700,14
3622,CZ3359,,16:25:00,20:05:00,2019-02-20 14:48:23,4.0,700,13
3630,CZ3359,,16:25:00,20:05:00,2019-02-21 15:14:42,4.0,700,12
3720,CZ3359,,16:25:00,20:05:00,2019-02-22 16:52:44,6.4,1130,11
3728,CZ3359,,16:25:00,20:05:00,2019-02-23 16:55:58,5.9,1030,10
3818,CZ3359,,16:25:00,20:05:00,2019-02-24 16:30:15,4.0,700,9
3847,CZ3359,,16:25:00,20:05:00,2019-02-25 17:38:35,4.0,700,8
3916,CZ3359,,16:25:00,20:05:00,2019-02-26 16:16:55,3.5,620,7
3922,CZ3359,,16:25:00,20:05:00,2019-02-27 16:43:30,3.5,620,6
3979,CZ3359,,16:25:00,20:05:00,2019-02-28 16:04:06,3.5,620,5
4034,CZ3359,,16:25:00,20:05:00,2019-03-01 15:18:39,3.5,620,4
4091,CZ3359,,16:25:00,20:05:00,2019-03-02 14:32:34,3.5,620,3
4145,CZ3359,,16:25:00,20:05:00,2019-03-03 14:20:23,3.5,620,2
4203,CZ3359,,16:25:00,20:05:00,2019-03-04 15:52:36,3.5,620,1
4257,CZ3359,,16:25:00,20:05:00,2019-03-05 14:28:37,4.9,860,0
2312,CZ4906,3U8966,19:55:00,23:30:00,2019-01-25 15:31:46,5.4,1140,39
2366,CZ4906,3U8966,19:55:00,23:30:00,2019-01-26 14:52:19,5.4,1140,38
2415,CZ4906,3U8966,19:55:00,23:30:00,2019-01-27 15:37:26,5.4,1140,37
2464,CZ4906,3U8966,19:55:00,23:30:00,2019-01-28 17:28:51,5.4,1140,36
2513,CZ4906,3U8966,19:55:00,23:30:00,2019-01-29 14:53:03,5.4,1140,35
2562,CZ4906,3U8966,19:55:00,23:30:00,2019-01-30 14:52:33,5.4,1140,34
2611,CZ4906,3U8966,19:55:00,23:30:00,2019-01-31 15:58:50,5.4,1140,33
2660,CZ4906,3U8966,19:55:00,23:30:00,2019-02-01 16:30:25,5.4,1140,32
2709,CZ4906,3U8966,19:55:00,23:30:00,2019-02-02 16:47:31,5.4,1140,31
2791,CZ4906,3U8966,19:55:00,23:30:00,2019-02-03 17:33:54,5.4,1140,30
2806,CZ4906,3U8966,19:55:00,23:30:00,2019-02-04 16:33:12,5.4,1140,29
2856,CZ4906,3U8966,19:55:00,23:30:00,2019-02-05 16:17:08,5.4,1140,28
2904,CZ4906,3U8966,19:55:00,23:30:00,2019-02-06 14:41:53,5.4,1140,27
2953,CZ4906,3U8966,19:55:00,23:30:00,2019-02-07 16:29:21,5.4,1140,26
3002,CZ4906,3U8966,19:55:00,23:30:00,2019-02-08 14:50:15,5.4,1140,25
3051,CZ4906,3U8966,19:55:00,23:30:00,2019-02-09 15:08:22,5.4,1140,24
3123,CZ4906,3U8966,19:55:00,23:30:00,2019-02-10 17:01:47,5.4,1140,23
3163,CZ4906,3U8966,19:55:00,23:30:00,2019-02-11 17:08:19,5.4,1140,22
3199,CZ4906,3U8966,19:55:00,23:30:00,2019-02-12 16:04:30,5.4,1140,21
3265,CZ4906,3U8966,19:55:00,23:30:00,2019-02-13 14:30:12,5.4,1140,20
3328,CZ4906,3U8966,19:55:00,23:30:00,2019-02-14 16:33:01,5.4,1140,19
3346,CZ4906,3U8966,19:55:00,23:30:00,2019-02-15 16:07:50,5.4,1140,18
3417,CZ4906,3U8966,19:55:00,23:30:00,2019-02-16 16:34:05,5.4,1140,17
3438,CZ4906,3U8966,19:55:00,23:30:00,2019-02-17 17:25:24,5.4,1140,16
3490,CZ4906,3U8966,19:55:00,23:30:00,2019-02-18 16:21:58,5.4,1140,15
3537,CZ4906,3U8966,19:55:00,23:30:00,2019-02-19 14:36:15,5.4,1140,14
3612,CZ4906,3U8966,19:55:00,23:30:00,2019-02-20 14:48:23,5.4,1140,13
3640,CZ4906,3U8966,19:55:00,23:30:00,2019-02-21 15:14:42,5.4,1140,12
3711,CZ4906,3U8966,19:55:00,23:30:00,2019-02-22 16:52:44,5.4,1140,11
3738,CZ4906,3U8966,19:55:00,23:30:00,2019-02-23 16:55:58,5.4,1140,10
3808,CZ4906,3U8966,19:55:00,23:30:00,2019-02-24 16:30:15,5.4,1140,9
3837,CZ4906,3U8966,19:55:00,23:30:00,2019-02-25 17:38:35,5.4,1140,8
3871,CZ4906,3U8966,19:55:00,23:30:00,2019-02-26 16:16:55,5.4,1140,7
3929,CZ4906,3U8966,19:55:00,23:30:00,2019-02-27 16:43:30,5.4,1140,6
3986,CZ4906,3U8966,19:55:00,23:30:00,2019-02-28 16:04:06,5.4,1140,5
4041,CZ4906,3U8966,19:55:00,23:30:00,2019-03-01 15:18:39,5.4,1140,4
4098,CZ4906,3U8966,19:55:00,23:30:00,2019-03-02 14:32:34,5.4,1140,3
4152,CZ4906,3U8966,19:55:00,23:30:00,2019-03-03 14:20:23,5.4,1140,2
4210,CZ4906,3U8966,19:55:00,23:30:00,2019-03-04 15:52:36,5.4,1140,1
4265,CZ4906,3U8966,19:55:00,23:30:00,2019-03-05 14:28:37,5.4,1140,0
4320,CZ4906,3U8966,19:55:00,23:30:00,2019-03-06 15:36:42,5.4,1140,0
2314,CZ4908,3U8964,16:35:00,20:10:00,2019-01-25 15:31:46,4.9,1040,39
2368,CZ4908,3U8964,16:35:00,20:10:00,2019-01-26 14:52:19,4.9,1040,38
2417,CZ4908,3U8964,16:35:00,20:10:00,2019-01-27 15:37:26,4.9,1040,37
2466,CZ4908,3U8964,16:35:00,20:10:00,2019-01-28 17:28:51,4.9,1040,36
2515,CZ4908,3U8964,16:35:00,20:10:00,2019-01-29 14:53:03,4.9,1040,35
2564,CZ4908,3U8964,16:35:00,20:10:00,2019-01-30 14:52:33,4.9,1040,34
2613,CZ4908,3U8964,16:35:00,20:10:00,2019-01-31 15:58:50,4.9,1040,33
2662,CZ4908,3U8964,16:35:00,20:10:00,2019-02-01 16:30:25,4.9,1040,32
2711,CZ4908,3U8964,16:35:00,20:10:00,2019-02-02 16:47:31,4.9,1040,31
2745,CZ4908,3U8964,16:35:00,20:10:00,2019-02-03 17:33:54,4.9,1040,30
2808,CZ4908,3U8964,16:35:00,20:10:00,2019-02-04 16:33:12,4.9,1040,29
2858,CZ4908,3U8964,16:35:00,20:10:00,2019-02-05 16:17:08,4.9,1040,28
2906,CZ4908,3U8964,16:35:00,20:10:00,2019-02-06 14:41:53,4.9,1040,27
2955,CZ4908,3U8964,16:35:00,20:10:00,2019-02-07 16:29:21,4.9,1040,26
3004,CZ4908,3U8964,16:35:00,20:10:00,2019-02-08 14:50:15,4.9,1040,25
3053,CZ4908,3U8964,16:35:00,20:10:00,2019-02-09 15:08:22,4.9,1040,24
3121,CZ4908,3U8964,16:35:00,20:10:00,2019-02-10 17:01:47,4.9,1040,23
3165,CZ4908,3U8964,16:35:00,20:10:00,2019-02-11 17:08:19,4.9,1040,22
3201,CZ4908,3U8964,16:35:00,20:10:00,2019-02-12 16:04:30,4.9,1040,21
3251,CZ4908,3U8964,16:35:00,20:10:00,2019-02-13 14:30:12,4.9,1040,20
3330,CZ4908,3U8964,16:35:00,20:10:00,2019-02-14 16:33:01,4.9,1040,19
3364,CZ4908,3U8964,16:35:00,20:10:00,2019-02-15 16:07:50,4.9,1040,18
3415,CZ4908,3U8964,16:35:00,20:10:00,2019-02-16 16:34:05,4.9,1040,17
3478,CZ4908,3U8964,16:35:00,20:10:00,2019-02-17 17:25:24,4.9,1040,16
3488,CZ4908,3U8964,16:35:00,20:10:00,2019-02-18 16:21:58,4.9,1040,15
3576,CZ4908,3U8964,16:35:00,20:10:00,2019-02-19 14:36:15,4.9,1040,14
3610,CZ4908,3U8964,16:35:00,20:10:00,2019-02-20 14:48:23,4.9,1040,13
3674,CZ4908,3U8964,16:35:00,20:10:00,2019-02-21 15:14:42,4.9,1040,12
3709,CZ4908,3U8964,16:35:00,20:10:00,2019-02-22 16:52:44,4.9,1040,11
3739,CZ4908,3U8964,16:35:00,20:10:00,2019-02-23 16:55:58,4.9,1040,10
3775,CZ4908,3U8964,16:35:00,20:10:00,2019-02-24 16:30:15,4.9,1040,9
3870,CZ4908,3U8964,16:35:00,20:10:00,2019-02-25 17:38:35,4.9,1040,8
3905,CZ4908,3U8964,16:35:00,20:10:00,2019-02-26 16:16:55,4.9,1040,7
3960,CZ4908,3U8964,16:35:00,20:10:00,2019-02-27 16:43:30,4.9,1040,6
4016,CZ4908,3U8964,16:35:00,20:10:00,2019-02-28 16:04:06,4.9,1040,5
4071,CZ4908,3U8964,16:35:00,20:10:00,2019-03-01 15:18:39,4.9,1040,4
4127,CZ4908,3U8964,16:35:00,20:10:00,2019-03-02 14:32:34,5.4,1140,3
4183,CZ4908,3U8964,16:35:00,20:10:00,2019-03-03 14:20:23,5.4,1140,2
4239,CZ4908,3U8964,16:35:00,20:10:00,2019-03-04 15:52:36,5.4,1140,1
4310,CZ4908,3U8964,16:35:00,20:10:00,2019-03-05 14:28:37,6.4,1360,0
2305,CZ4910,3U8962,11:45:00,15:10:00,2019-01-25 15:31:46,4.9,1040,39
2359,CZ4910,3U8962,11:45:00,15:10:00,2019-01-26 14:52:19,4.9,1040,38
2408,CZ4910,3U8962,11:45:00,15:10:00,2019-01-27 15:37:26,4.9,1040,37
2457,CZ4910,3U8962,11:45:00,15:10:00,2019-01-28 17:28:51,4.9,1040,36
2506,CZ4910,3U8962,11:45:00,15:10:00,2019-01-29 14:53:03,4.9,1040,35
2555,CZ4910,3U8962,11:45:00,15:10:00,2019-01-30 14:52:33,4.9,1040,34
2604,CZ4910,3U8962,11:45:00,15:10:00,2019-01-31 15:58:50,4.9,1040,33
2653,CZ4910,3U8962,11:45:00,15:10:00,2019-02-01 16:30:25,4.9,1040,32
2702,CZ4910,3U8962,11:45:00,15:10:00,2019-02-02 16:47:31,4.9,1040,31
2784,CZ4910,3U8962,11:45:00,15:10:00,2019-02-03 17:33:54,4.9,1040,30
2799,CZ4910,3U8962,11:45:00,15:10:00,2019-02-04 16:33:12,4.9,1040,29
2849,CZ4910,3U8962,11:45:00,15:10:00,2019-02-05 16:17:08,4.9,1040,28
2897,CZ4910,3U8962,11:45:00,15:10:00,2019-02-06 14:41:53,4.9,1040,27
2946,CZ4910,3U8962,11:45:00,15:10:00,2019-02-07 16:29:21,4.9,1040,26
2995,CZ4910,3U8962,11:45:00,15:10:00,2019-02-08 14:50:15,4.9,1040,25
3044,CZ4910,3U8962,11:45:00,15:10:00,2019-02-09 15:08:22,4.9,1040,24
3129,CZ4910,3U8962,11:45:00,15:10:00,2019-02-10 17:01:47,4.9,1040,23
3157,CZ4910,3U8962,11:45:00,15:10:00,2019-02-11 17:08:19,4.9,1040,22
3192,CZ4910,3U8962,11:45:00,15:10:00,2019-02-12 16:04:30,4.9,1040,21
3258,CZ4910,3U8962,11:45:00,15:10:00,2019-02-13 14:30:12,4.9,1040,20
3321,CZ4910,3U8962,11:45:00,15:10:00,2019-02-14 16:33:01,4.9,1040,19
3339,CZ4910,3U8962,11:45:00,15:10:00,2019-02-15 16:07:50,4.9,1040,18
3423,CZ4910,3U8962,11:45:00,15:10:00,2019-02-16 16:34:05,4.9,1040,17
3430,CZ4910,3U8962,11:45:00,15:10:00,2019-02-17 17:25:24,4.9,1040,16
3497,CZ4910,3U8962,11:45:00,15:10:00,2019-02-18 16:21:58,4.9,1040,15
3529,CZ4910,3U8962,11:45:00,15:10:00,2019-02-19 14:36:15,4.9,1040,14
3619,CZ4910,3U8962,11:45:00,15:10:00,2019-02-20 14:48:23,4.9,1040,13
3633,CZ4910,3U8962,11:45:00,15:10:00,2019-02-21 15:14:42,4.9,1040,12
3717,CZ4910,3U8962,11:45:00,15:10:00,2019-02-22 16:52:44,4.9,1040,11
3731,CZ4910,3U8962,11:45:00,15:10:00,2019-02-23 16:55:58,4.9,1040,10
3815,CZ4910,3U8962,11:45:00,15:10:00,2019-02-24 16:30:15,4.9,1040,9
3844,CZ4910,3U8962,11:45:00,15:10:00,2019-02-25 17:38:35,4.9,1040,8
3913,CZ4910,3U8962,11:45:00,15:10:00,2019-02-26 16:16:55,4.9,1040,7
3956,CZ4910,3U8962,11:45:00,15:10:00,2019-02-27 16:43:30,4.9,1040,6
4012,CZ4910,3U8962,11:45:00,15:10:00,2019-02-28 16:04:06,4.9,1040,5
4067,CZ4910,3U8962,11:45:00,15:10:00,2019-03-01 15:18:39,4.9,1040,4
4088,CZ4910,3U8962,11:45:00,15:10:00,2019-03-02 14:32:34,5.4,1140,3
4179,CZ4910,3U8962,11:45:00,15:10:00,2019-03-03 14:20:23,5.4,1140,2
4235,CZ4910,3U8962,11:45:00,15:10:00,2019-03-04 15:52:36,5.4,1140,1
4281,CZ4910,3U8962,11:45:00,15:10:00,2019-03-05 14:28:37,6.4,1360,0
2063,CZ9066,MU5403,09:10:00,12:40:00,2019-01-19 15:14:28,4.4,930,45
2109,CZ9066,MU5403,09:10:00,12:40:00,2019-01-20 15:06:09,4.4,930,44
2155,CZ9066,MU5403,09:10:00,12:40:00,2019-01-21 14:51:06,4.4,930,43
2201,CZ9066,MU5403,09:10:00,12:40:00,2019-01-22 17:06:35,4.4,930,42
2235,CZ9066,MU5403,09:10:00,12:40:00,2019-01-23 15:42:12,4.4,930,41
2266,CZ9066,MU5403,09:10:00,12:40:00,2019-01-24 15:50:34,4.4,930,40
2343,CZ9066,MU5403,09:10:00,12:40:00,2019-01-25 15:31:46,4.4,930,39
2392,CZ9066,MU5403,09:10:00,12:40:00,2019-01-26 14:52:19,4.4,930,38
2441,CZ9066,MU5403,09:10:00,12:40:00,2019-01-27 15:37:26,4.4,930,37
2489,CZ9066,MU5403,09:10:00,12:40:00,2019-01-28 17:28:51,4.4,930,36
2539,CZ9066,MU5403,09:10:00,12:40:00,2019-01-29 14:53:03,4.4,930,35
2588,CZ9066,MU5403,09:10:00,12:40:00,2019-01-30 14:52:33,4.4,930,34
2638,CZ9066,MU5403,09:10:00,12:40:00,2019-01-31 15:58:50,4.4,930,33
2686,CZ9066,MU5403,09:10:00,12:40:00,2019-02-01 16:30:25,4.4,930,32
2735,CZ9066,MU5403,09:10:00,12:40:00,2019-02-02 16:47:31,4.4,930,31
2744,CZ9066,MU5403,09:10:00,12:40:00,2019-02-03 17:33:54,4.4,930,30
2833,CZ9066,MU5403,09:10:00,12:40:00,2019-02-04 16:33:12,4.4,930,29
2882,CZ9066,MU5403,09:10:00,12:40:00,2019-02-05 16:17:08,4.4,930,28
2930,CZ9066,MU5403,09:10:00,12:40:00,2019-02-06 14:41:53,4.4,930,27
2979,CZ9066,MU5403,09:10:00,12:40:00,2019-02-07 16:29:21,4.4,930,26
3028,CZ9066,MU5403,09:10:00,12:40:00,2019-02-08 14:50:15,4.4,930,25
3077,CZ9066,MU5403,09:10:00,12:40:00,2019-02-09 15:08:22,4.4,930,24
3097,CZ9066,MU5403,09:10:00,12:40:00,2019-02-10 17:01:47,4.4,930,23
3142,CZ9066,MU5403,09:10:00,12:40:00,2019-02-11 17:08:19,4.4,930,22
3226,CZ9066,MU5403,09:10:00,12:40:00,2019-02-12 16:04:30,4.4,930,21
3273,CZ9066,MU5403,09:10:00,12:40:00,2019-02-13 14:30:12,4.4,930,20
3305,CZ9066,MU5403,09:10:00,12:40:00,2019-02-14 16:33:01,4.4,930,19
3353,CZ9066,MU5403,09:10:00,12:40:00,2019-02-15 16:07:50,4.4,930,18
3391,CZ9066,MU5403,09:10:00,12:40:00,2019-02-16 16:34:05,4.4,930,17
3454,CZ9066,MU5403,09:10:00,12:40:00,2019-02-17 17:25:24,4.4,930,16
3513,CZ9066,MU5403,09:10:00,12:40:00,2019-02-18 16:21:58,3.5,740,15
3552,CZ9066,MU5403,09:10:00,12:40:00,2019-02-19 14:36:15,4.4,930,14
3587,CZ9066,MU5403,09:10:00,12:40:00,2019-02-20 14:48:23,4.4,930,13
3644,CZ9066,MU5403,09:10:00,12:40:00,2019-02-21 15:14:42,4.4,930,12
3685,CZ9066,MU5403,09:10:00,12:40:00,2019-02-22 16:52:44,4.4,930,11
3763,CZ9066,MU5403,09:10:00,12:40:00,2019-02-23 16:55:58,4.4,930,10
3799,CZ9066,MU5403,09:10:00,12:40:00,2019-02-24 16:30:15,4.4,930,9
3826,CZ9066,MU5403,09:10:00,12:40:00,2019-02-25 17:38:35,4.4,930,8
3881,CZ9066,MU5403,09:10:00,12:40:00,2019-02-26 16:16:55,5.4,1140,7
3947,CZ9066,MU5403,09:10:00,12:40:00,2019-02-27 16:43:30,5.4,1140,6
4004,CZ9066,MU5403,09:10:00,12:40:00,2019-02-28 16:04:06,5.4,1140,5
4059,CZ9066,MU5403,09:10:00,12:40:00,2019-03-01 15:18:39,4.4,930,4
4116,CZ9066,MU5403,09:10:00,12:40:00,2019-03-02 14:32:34,5.4,1140,3
4171,CZ9066,MU5403,09:10:00,12:40:00,2019-03-03 14:20:23,5.4,1140,2
4227,CZ9066,MU5403,09:10:00,12:40:00,2019-03-04 15:52:36,5.4,1140,1
4289,CZ9066,MU5403,09:10:00,12:40:00,2019-03-05 14:28:37,6.4,1360,0
2066,CZ9100,MU5297,18:05:00,21:40:00,2019-01-19 15:14:28,3.5,740,45
2112,CZ9100,MU5297,18:05:00,21:40:00,2019-01-20 15:06:09,3.5,740,44
2158,CZ9100,MU5297,18:05:00,21:40:00,2019-01-21 14:51:06,3.5,740,43
2204,CZ9100,MU5297,18:05:00,21:40:00,2019-01-22 17:06:35,3.5,740,42
2232,CZ9100,MU5297,18:05:00,21:40:00,2019-01-23 15:42:12,3.5,740,41
2263,CZ9100,MU5297,18:05:00,21:40:00,2019-01-24 15:50:34,3.5,740,40
2346,CZ9100,MU5297,18:05:00,21:40:00,2019-01-25 15:31:46,3.5,740,39
2394,CZ9100,MU5297,18:05:00,21:40:00,2019-01-26 14:52:19,3.5,740,38
2445,CZ9100,MU5297,18:05:00,21:40:00,2019-01-27 15:37:26,3.5,740,37
2492,CZ9100,MU5297,18:05:00,21:40:00,2019-01-28 17:28:51,3.5,740,36
2542,CZ9100,MU5297,18:05:00,21:40:00,2019-01-29 14:53:03,3.5,740,35
2590,CZ9100,MU5297,18:05:00,21:40:00,2019-01-30 14:52:33,3.5,740,34
2642,CZ9100,MU5297,18:05:00,21:40:00,2019-01-31 15:58:50,3.5,740,33
2689,CZ9100,MU5297,18:05:00,21:40:00,2019-02-01 16:30:25,3.5,740,32
2738,CZ9100,MU5297,18:05:00,21:40:00,2019-02-02 16:47:31,3.5,740,31
2771,CZ9100,MU5297,18:05:00,21:40:00,2019-02-03 17:33:54,3.5,740,30
2836,CZ9100,MU5297,18:05:00,21:40:00,2019-02-04 16:33:12,3.5,740,29
2885,CZ9100,MU5297,18:05:00,21:40:00,2019-02-05 16:17:08,3.5,740,28
2933,CZ9100,MU5297,18:05:00,21:40:00,2019-02-06 14:41:53,3.5,740,27
2982,CZ9100,MU5297,18:05:00,21:40:00,2019-02-07 16:29:21,3.5,740,26
3031,CZ9100,MU5297,18:05:00,21:40:00,2019-02-08 14:50:15,3.5,740,25
3080,CZ9100,MU5297,18:05:00,21:40:00,2019-02-09 15:08:22,3.5,740,24
3094,CZ9100,MU5297,18:05:00,21:40:00,2019-02-10 17:01:47,3.5,740,23
3139,CZ9100,MU5297,18:05:00,21:40:00,2019-02-11 17:08:19,3.5,740,22
3229,CZ9100,MU5297,18:05:00,21:40:00,2019-02-12 16:04:30,3.5,740,21
3276,CZ9100,MU5297,18:05:00,21:40:00,2019-02-13 14:30:12,3.5,740,20
3308,CZ9100,MU5297,18:05:00,21:40:00,2019-02-14 16:33:01,3.5,740,19
3356,CZ9100,MU5297,18:05:00,21:40:00,2019-02-15 16:07:50,3.5,740,18
3388,CZ9100,MU5297,18:05:00,21:40:00,2019-02-16 16:34:05,3.5,740,17
3447,CZ9100,MU5297,18:05:00,21:40:00,2019-02-17 17:25:24,3.5,740,16
3510,CZ9100,MU5297,18:05:00,21:40:00,2019-02-18 16:21:58,3.5,740,15
3549,CZ9100,MU5297,18:05:00,21:40:00,2019-02-19 14:36:15,3.5,740,14
3584,CZ9100,MU5297,18:05:00,21:40:00,2019-02-20 14:48:23,3.5,740,13
3643,CZ9100,MU5297,18:05:00,21:40:00,2019-02-21 15:14:42,3.5,740,12
3682,CZ9100,MU5297,18:05:00,21:40:00,2019-02-22 16:52:44,3.5,740,11
3766,CZ9100,MU5297,18:05:00,21:40:00,2019-02-23 16:55:58,3.5,740,10
3773,CZ9100,MU5297,18:05:00,21:40:00,2019-02-24 16:30:15,3.5,740,9
3830,CZ9100,MU5297,18:05:00,21:40:00,2019-02-25 17:38:35,3.5,740,8
3878,CZ9100,MU5297,18:05:00,21:40:00,2019-02-26 16:16:55,3.5,740,7
3971,CZ9100,MU5297,18:05:00,21:40:00,2019-02-27 16:43:30,3.5,740,6
4026,CZ9100,MU5297,18:05:00,21:40:00,2019-02-28 16:04:06,3.5,740,5
4083,CZ9100,MU5297,18:05:00,21:40:00,2019-03-01 15:18:39,3.5,740,4
4138,CZ9100,MU5297,18:05:00,21:40:00,2019-03-02 14:32:34,5.4,1140,3
4194,CZ9100,MU5297,18:05:00,21:40:00,2019-03-03 14:20:23,5.4,1140,2
4250,CZ9100,MU5297,18:05:00,21:40:00,2019-03-04 15:52:36,5.4,1140,1
4299,CZ9100,MU5297,18:05:00,21:40:00,2019-03-05 14:28:37,6.4,1360,0
4318,CZ9100,MU5297,18:05:00,21:40:00,2019-03-06 15:36:42,6.4,1360,0
2046,CZ9103,MU5407,11:10:00,14:35:00,2019-01-19 15:14:28,4.4,930,45
2092,CZ9103,MU5407,11:10:00,14:35:00,2019-01-20 15:06:09,4.4,930,44
2139,CZ9103,MU5407,11:10:00,14:35:00,2019-01-21 14:51:06,4.4,930,43
2169,CZ9103,MU5407,11:10:00,14:35:00,2019-01-22 17:06:35,4.4,930,42
2252,CZ9103,MU5407,11:10:00,14:35:00,2019-01-23 15:42:12,4.4,930,41
2283,CZ9103,MU5407,11:10:00,14:35:00,2019-01-24 15:50:34,4.4,930,40
2321,CZ9103,MU5407,11:10:00,14:35:00,2019-01-25 15:31:46,4.4,930,39
2375,CZ9103,MU5407,11:10:00,14:35:00,2019-01-26 14:52:19,4.4,930,38
2424,CZ9103,MU5407,11:10:00,14:35:00,2019-01-27 15:37:26,4.4,930,37
2473,CZ9103,MU5407,11:10:00,14:35:00,2019-01-28 17:28:51,4.4,930,36
2522,CZ9103,MU5407,11:10:00,14:35:00,2019-01-29 14:53:03,4.4,930,35
2571,CZ9103,MU5407,11:10:00,14:35:00,2019-01-30 14:52:33,4.4,930,34
2620,CZ9103,MU5407,11:10:00,14:35:00,2019-01-31 15:58:50,4.4,930,33
2669,CZ9103,MU5407,11:10:00,14:35:00,2019-02-01 16:30:25,4.4,930,32
2718,CZ9103,MU5407,11:10:00,14:35:00,2019-02-02 16:47:31,4.4,930,31
2752,CZ9103,MU5407,11:10:00,14:35:00,2019-02-03 17:33:54,4.4,930,30
2815,CZ9103,MU5407,11:10:00,14:35:00,2019-02-04 16:33:12,4.4,930,29
2865,CZ9103,MU5407,11:10:00,14:35:00,2019-02-05 16:17:08,4.4,930,28
2913,CZ9103,MU5407,11:10:00,14:35:00,2019-02-06 14:41:53,4.4,930,27
2962,CZ9103,MU5407,11:10:00,14:35:00,2019-02-07 16:29:21,4.4,930,26
3011,CZ9103,MU5407,11:10:00,14:35:00,2019-02-08 14:50:15,4.4,930,25
3060,CZ9103,MU5407,11:10:00,14:35:00,2019-02-09 15:08:22,4.4,930,24
3114,CZ9103,MU5407,11:10:00,14:35:00,2019-02-10 17:01:47,4.4,930,23
3175,CZ9103,MU5407,11:10:00,14:35:00,2019-02-11 17:08:19,4.4,930,22
3208,CZ9103,MU5407,11:10:00,14:35:00,2019-02-12 16:04:30,4.4,930,21
3244,CZ9103,MU5407,11:10:00,14:35:00,2019-02-13 14:30:12,4.4,930,20
3288,CZ9103,MU5407,11:10:00,14:35:00,2019-02-14 16:33:01,4.4,930,19
3371,CZ9103,MU5407,11:10:00,14:35:00,2019-02-15 16:07:50,4.4,930,18
3408,CZ9103,MU5407,11:10:00,14:35:00,2019-02-16 16:34:05,4.4,930,17
3471,CZ9103,MU5407,11:10:00,14:35:00,2019-02-17 17:25:24,4.4,930,16
3481,CZ9103,MU5407,11:10:00,14:35:00,2019-02-18 16:21:58,4.4,930,15
3569,CZ9103,MU5407,11:10:00,14:35:00,2019-02-19 14:36:15,3.5,740,14
3603,CZ9103,MU5407,11:10:00,14:35:00,2019-02-20 14:48:23,3.5,740,13
3667,CZ9103,MU5407,11:10:00,14:35:00,2019-02-21 15:14:42,3.5,740,12
3702,CZ9103,MU5407,11:10:00,14:35:00,2019-02-22 16:52:44,3.5,740,11
3746,CZ9103,MU5407,11:10:00,14:35:00,2019-02-23 16:55:58,3.5,740,10
3782,CZ9103,MU5407,11:10:00,14:35:00,2019-02-24 16:30:15,3.5,740,9
3862,CZ9103,MU5407,11:10:00,14:35:00,2019-02-25 17:38:35,3.5,740,8
3898,CZ9103,MU5407,11:10:00,14:35:00,2019-02-26 16:16:55,3.5,740,7
3936,CZ9103,MU5407,11:10:00,14:35:00,2019-02-27 16:43:30,4.4,930,6
3993,CZ9103,MU5407,11:10:00,14:35:00,2019-02-28 16:04:06,3.5,740,5
4048,CZ9103,MU5407,11:10:00,14:35:00,2019-03-01 15:18:39,4.4,930,4
4105,CZ9103,MU5407,11:10:00,14:35:00,2019-03-02 14:32:34,5.4,1140,3
4160,CZ9103,MU5407,11:10:00,14:35:00,2019-03-03 14:20:23,5.4,1140,2
4216,CZ9103,MU5407,11:10:00,14:35:00,2019-03-04 15:52:36,5.4,1140,1
4256,CZ9103,MU5407,11:10:00,14:35:00,2019-03-05 14:28:37,6.4,1360,0
2057,CZ9230,MU5221,12:30:00,16:00:00,2019-01-19 15:14:28,4.4,930,45
2103,CZ9230,MU5221,12:30:00,16:00:00,2019-01-20 15:06:09,4.4,930,44
2150,CZ9230,MU5221,12:30:00,16:00:00,2019-01-21 14:51:06,4.4,930,43
2195,CZ9230,MU5221,12:30:00,16:00:00,2019-01-22 17:06:35,4.4,930,42
2241,CZ9230,MU5221,12:30:00,16:00:00,2019-01-23 15:42:12,4.4,930,41
2272,CZ9230,MU5221,12:30:00,16:00:00,2019-01-24 15:50:34,4.4,930,40
2333,CZ9230,MU5221,12:30:00,16:00:00,2019-01-25 15:31:46,4.4,930,39
2386,CZ9230,MU5221,12:30:00,16:00:00,2019-01-26 14:52:19,4.4,930,38
2435,CZ9230,MU5221,12:30:00,16:00:00,2019-01-27 15:37:26,4.4,930,37
2483,CZ9230,MU5221,12:30:00,16:00:00,2019-01-28 17:28:51,4.4,930,36
2533,CZ9230,MU5221,12:30:00,16:00:00,2019-01-29 14:53:03,4.4,930,35
2582,CZ9230,MU5221,12:30:00,16:00:00,2019-01-30 14:52:33,4.4,930,34
2631,CZ9230,MU5221,12:30:00,16:00:00,2019-01-31 15:58:50,4.4,930,33
2680,CZ9230,MU5221,12:30:00,16:00:00,2019-02-01 16:30:25,4.4,930,32
2729,CZ9230,MU5221,12:30:00,16:00:00,2019-02-02 16:47:31,4.4,930,31
2763,CZ9230,MU5221,12:30:00,16:00:00,2019-02-03 17:33:54,4.4,930,30
2827,CZ9230,MU5221,12:30:00,16:00:00,2019-02-04 16:33:12,4.4,930,29
2876,CZ9230,MU5221,12:30:00,16:00:00,2019-02-05 16:17:08,4.4,930,28
2924,CZ9230,MU5221,12:30:00,16:00:00,2019-02-06 14:41:53,4.4,930,27
2973,CZ9230,MU5221,12:30:00,16:00:00,2019-02-07 16:29:21,4.4,930,26
3022,CZ9230,MU5221,12:30:00,16:00:00,2019-02-08 14:50:15,4.4,930,25
3071,CZ9230,MU5221,12:30:00,16:00:00,2019-02-09 15:08:22,4.4,930,24
3103,CZ9230,MU5221,12:30:00,16:00:00,2019-02-10 17:01:47,4.4,930,23
3148,CZ9230,MU5221,12:30:00,16:00:00,2019-02-11 17:08:19,4.4,930,22
3220,CZ9230,MU5221,12:30:00,16:00:00,2019-02-12 16:04:30,4.4,930,21
3267,CZ9230,MU5221,12:30:00,16:00:00,2019-02-13 14:30:12,4.4,930,20
3299,CZ9230,MU5221,12:30:00,16:00:00,2019-02-14 16:33:01,4.4,930,19
3347,CZ9230,MU5221,12:30:00,16:00:00,2019-02-15 16:07:50,4.4,930,18
3397,CZ9230,MU5221,12:30:00,16:00:00,2019-02-16 16:34:05,4.4,930,17
3460,CZ9230,MU5221,12:30:00,16:00:00,2019-02-17 17:25:24,4.4,930,16
3519,CZ9230,MU5221,12:30:00,16:00:00,2019-02-18 16:21:58,3.5,740,15
3558,CZ9230,MU5221,12:30:00,16:00:00,2019-02-19 14:36:15,3.5,740,14
3593,CZ9230,MU5221,12:30:00,16:00:00,2019-02-20 14:48:23,3.5,740,13
3656,CZ9230,MU5221,12:30:00,16:00:00,2019-02-21 15:14:42,3.5,740,12
3691,CZ9230,MU5221,12:30:00,16:00:00,2019-02-22 16:52:44,3.5,740,11
3757,CZ9230,MU5221,12:30:00,16:00:00,2019-02-23 16:55:58,3.5,740,10
3793,CZ9230,MU5221,12:30:00,16:00:00,2019-02-24 16:30:15,3.5,740,9
3851,CZ9230,MU5221,12:30:00,16:00:00,2019-02-25 17:38:35,3.5,740,8
3887,CZ9230,MU5221,12:30:00,16:00:00,2019-02-26 16:16:55,3.5,740,7
3944,CZ9230,MU5221,12:30:00,16:00:00,2019-02-27 16:43:30,3.5,740,6
4001,CZ9230,MU5221,12:30:00,16:00:00,2019-02-28 16:04:06,3.5,740,5
4056,CZ9230,MU5221,12:30:00,16:00:00,2019-03-01 15:18:39,3.5,740,4
4113,CZ9230,MU5221,12:30:00,16:00:00,2019-03-02 14:32:34,5.4,1140,3
4168,CZ9230,MU5221,12:30:00,16:00:00,2019-03-03 14:20:23,5.4,1140,2
4224,CZ9230,MU5221,12:30:00,16:00:00,2019-03-04 15:52:36,5.4,1140,1
4292,CZ9230,MU5221,12:30:00,16:00:00,2019-03-05 14:28:37,6.4,1360,0
2055,CZ9417,MU5417,21:30:00,01:10:00,2019-01-19 15:14:28,4.4,930,45
2101,CZ9417,MU5417,21:30:00,01:10:00,2019-01-20 15:06:09,4.4,930,44
2148,CZ9417,MU5417,21:30:00,01:10:00,2019-01-21 14:51:06,4.4,930,43
2178,CZ9417,MU5417,21:30:00,01:10:00,2019-01-22 17:06:35,4.4,930,42
2243,CZ9417,MU5417,21:30:00,01:10:00,2019-01-23 15:42:12,4.4,930,41
2274,CZ9417,MU5417,21:30:00,01:10:00,2019-01-24 15:50:34,4.4,930,40
2331,CZ9417,MU5417,21:30:00,01:10:00,2019-01-25 15:31:46,4.4,930,39
2384,CZ9417,MU5417,21:30:00,01:10:00,2019-01-26 14:52:19,4.4,930,38
2433,CZ9417,MU5417,21:30:00,01:10:00,2019-01-27 15:37:26,4.4,930,37
2481,CZ9417,MU5417,21:30:00,01:10:00,2019-01-28 17:28:51,4.4,930,36
2531,CZ9417,MU5417,21:30:00,01:10:00,2019-01-29 14:53:03,4.4,930,35
2580,CZ9417,MU5417,21:30:00,01:10:00,2019-01-30 14:52:33,4.4,930,34
2629,CZ9417,MU5417,21:30:00,01:10:00,2019-01-31 15:58:50,4.4,930,33
2678,CZ9417,MU5417,21:30:00,01:10:00,2019-02-01 16:30:25,4.4,930,32
2727,CZ9417,MU5417,21:30:00,01:10:00,2019-02-02 16:47:31,4.4,930,31
2761,CZ9417,MU5417,21:30:00,01:10:00,2019-02-03 17:33:54,4.4,930,30
2825,CZ9417,MU5417,21:30:00,01:10:00,2019-02-04 16:33:12,4.4,930,29
2874,CZ9417,MU5417,21:30:00,01:10:00,2019-02-05 16:17:08,4.4,930,28
2922,CZ9417,MU5417,21:30:00,01:10:00,2019-02-06 14:41:53,4.4,930,27
2971,CZ9417,MU5417,21:30:00,01:10:00,2019-02-07 16:29:21,4.4,930,26
3020,CZ9417,MU5417,21:30:00,01:10:00,2019-02-08 14:50:15,4.4,930,25
3069,CZ9417,MU5417,21:30:00,01:10:00,2019-02-09 15:08:22,4.4,930,24
3105,CZ9417,MU5417,21:30:00,01:10:00,2019-02-10 17:01:47,4.4,930,23
3150,CZ9417,MU5417,21:30:00,01:10:00,2019-02-11 17:08:19,4.4,930,22
3218,CZ9417,MU5417,21:30:00,01:10:00,2019-02-12 16:04:30,4.4,930,21
3235,CZ9417,MU5417,21:30:00,01:10:00,2019-02-13 14:30:12,4.4,930,20
3297,CZ9417,MU5417,21:30:00,01:10:00,2019-02-14 16:33:01,4.4,930,19
3380,CZ9417,MU5417,21:30:00,01:10:00,2019-02-15 16:07:50,4.4,930,18
3399,CZ9417,MU5417,21:30:00,01:10:00,2019-02-16 16:34:05,4.4,930,17
3462,CZ9417,MU5417,21:30:00,01:10:00,2019-02-17 17:25:24,4.4,930,16
3521,CZ9417,MU5417,21:30:00,01:10:00,2019-02-18 16:21:58,3.5,740,15
3560,CZ9417,MU5417,21:30:00,01:10:00,2019-02-19 14:36:15,3.5,740,14
3595,CZ9417,MU5417,21:30:00,01:10:00,2019-02-20 14:48:23,3.5,740,13
3658,CZ9417,MU5417,21:30:00,01:10:00,2019-02-21 15:14:42,3.5,740,12
3693,CZ9417,MU5417,21:30:00,01:10:00,2019-02-22 16:52:44,3.5,740,11
3755,CZ9417,MU5417,21:30:00,01:10:00,2019-02-23 16:55:58,3.5,740,10
3791,CZ9417,MU5417,21:30:00,01:10:00,2019-02-24 16:30:15,3.5,740,9
3853,CZ9417,MU5417,21:30:00,01:10:00,2019-02-25 17:38:35,3.5,740,8
3889,CZ9417,MU5417,21:30:00,01:10:00,2019-02-26 16:16:55,3.5,740,7
3966,CZ9417,MU5417,21:30:00,01:10:00,2019-02-27 16:43:30,3.5,740,6
4022,CZ9417,MU5417,21:30:00,01:10:00,2019-02-28 16:04:06,3.5,740,5
4078,CZ9417,MU5417,21:30:00,01:10:00,2019-03-01 15:18:39,3.5,740,4
4133,CZ9417,MU5417,21:30:00,01:10:00,2019-03-02 14:32:34,5.4,1140,3
4189,CZ9417,MU5417,21:30:00,01:10:00,2019-03-03 14:20:23,5.4,1140,2
4245,CZ9417,MU5417,21:30:00,01:10:00,2019-03-04 15:52:36,5.4,1140,1
4304,CZ9417,MU5417,21:30:00,01:10:00,2019-03-05 14:28:37,4.4,930,0
4313,CZ9417,MU5417,21:30:00,01:10:00,2019-03-06 15:36:42,4.4,930,0
2056,EU2450,3U8966,19:55:00,23:30:00,2019-01-19 15:14:28,5.3,1122,45
2102,EU2450,3U8966,19:55:00,23:30:00,2019-01-20 15:06:09,5.3,1122,44
2149,EU2450,3U8966,19:55:00,23:30:00,2019-01-21 14:51:06,5.3,1122,43
2194,EU2450,3U8966,19:55:00,23:30:00,2019-01-22 17:06:35,5.3,1122,42
2242,EU2450,3U8966,19:55:00,23:30:00,2019-01-23 15:42:12,5.3,1122,41
2273,EU2450,3U8966,19:55:00,23:30:00,2019-01-24 15:50:34,5.3,1122,40
2332,EU2450,3U8966,19:55:00,23:30:00,2019-01-25 15:31:46,3.0,630,39
2385,EU2450,3U8966,19:55:00,23:30:00,2019-01-26 14:52:19,3.0,630,38
2434,EU2450,3U8966,19:55:00,23:30:00,2019-01-27 15:37:26,3.0,630,37
2482,EU2450,3U8966,19:55:00,23:30:00,2019-01-28 17:28:51,3.0,630,36
2532,EU2450,3U8966,19:55:00,23:30:00,2019-01-29 14:53:03,3.0,630,35
2581,EU2450,3U8966,19:55:00,23:30:00,2019-01-30 14:52:33,3.0,630,34
2630,EU2450,3U8966,19:55:00,23:30:00,2019-01-31 15:58:50,3.0,630,33
2679,EU2450,3U8966,19:55:00,23:30:00,2019-02-01 16:30:25,3.0,630,32
2728,EU2450,3U8966,19:55:00,23:30:00,2019-02-02 16:47:31,3.0,628,31
2762,EU2450,3U8966,19:55:00,23:30:00,2019-02-03 17:33:54,3.0,628,30
2826,EU2450,3U8966,19:55:00,23:30:00,2019-02-04 16:33:12,3.0,628,29
2875,EU2450,3U8966,19:55:00,23:30:00,2019-02-05 16:17:08,3.0,628,28
2923,EU2450,3U8966,19:55:00,23:30:00,2019-02-06 14:41:53,3.0,628,27
2972,EU2450,3U8966,19:55:00,23:30:00,2019-02-07 16:29:21,3.0,628,26
3021,EU2450,3U8966,19:55:00,23:30:00,2019-02-08 14:50:15,3.0,628,25
3070,EU2450,3U8966,19:55:00,23:30:00,2019-02-09 15:08:22,3.4,728,24
3104,EU2450,3U8966,19:55:00,23:30:00,2019-02-10 17:01:47,3.4,728,23
3149,EU2450,3U8966,19:55:00,23:30:00,2019-02-11 17:08:19,3.4,728,22
3219,EU2450,3U8966,19:55:00,23:30:00,2019-02-12 16:04:30,4.3,911,21
3234,EU2450,3U8966,19:55:00,23:30:00,2019-02-13 14:30:12,4.3,911,20
3298,EU2450,3U8966,19:55:00,23:30:00,2019-02-14 16:33:01,3.0,628,19
3333,EU2450,3U8966,19:55:00,23:30:00,2019-02-15 16:07:50,4.3,911,18
3398,EU2450,3U8966,19:55:00,23:30:00,2019-02-16 16:34:05,3.0,628,17
3461,EU2450,3U8966,19:55:00,23:30:00,2019-02-17 17:25:24,4.3,911,16
3520,EU2450,3U8966,19:55:00,23:30:00,2019-02-18 16:21:58,4.3,911,15
3559,EU2450,3U8966,19:55:00,23:30:00,2019-02-19 14:36:15,3.0,628,14
3594,EU2450,3U8966,19:55:00,23:30:00,2019-02-20 14:48:23,3.0,628,13
3657,EU2450,3U8966,19:55:00,23:30:00,2019-02-21 15:14:42,4.3,910,12
3692,EU2450,3U8966,19:55:00,23:30:00,2019-02-22 16:52:44,4.3,910,11
3756,EU2450,3U8966,19:55:00,23:30:00,2019-02-23 16:55:58,3.0,628,10
3792,EU2450,3U8966,19:55:00,23:30:00,2019-02-24 16:30:15,3.0,628,9
3852,EU2450,3U8966,19:55:00,23:30:00,2019-02-25 17:38:35,3.0,628,8
3888,EU2450,3U8966,19:55:00,23:30:00,2019-02-26 16:16:55,3.0,628,7
3943,EU2450,3U8966,19:55:00,23:30:00,2019-02-27 16:43:30,3.0,628,6
4000,EU2450,3U8966,19:55:00,23:30:00,2019-02-28 16:04:06,3.0,628,5
4055,EU2450,3U8966,19:55:00,23:30:00,2019-03-01 15:18:39,3.0,628,4
4112,EU2450,3U8966,19:55:00,23:30:00,2019-03-02 14:32:34,4.3,909,3
4167,EU2450,3U8966,19:55:00,23:30:00,2019-03-03 14:20:23,4.3,909,2
4223,EU2450,3U8966,19:55:00,23:30:00,2019-03-04 15:52:36,3.0,628,1
4293,EU2450,3U8966,19:55:00,23:30:00,2019-03-05 14:28:37,5.3,1117,0
4326,EU2450,3U8966,19:55:00,23:30:00,2019-03-06 15:36:42,4.4,930,0
2030,EU6668,,20:40:00,00:10:00,2019-01-19 15:14:28,3.9,835,45
2077,EU6668,,20:40:00,00:10:00,2019-01-20 15:06:09,3.9,835,44
2124,EU6668,,20:40:00,00:10:00,2019-01-21 14:51:06,3.9,835,43
2182,EU6668,,20:40:00,00:10:00,2019-01-22 17:06:35,3.9,835,42
2221,EU6668,,20:40:00,00:10:00,2019-01-23 15:42:12,3.0,632,41
2298,EU6668,,20:40:00,00:10:00,2019-01-24 15:50:34,3.0,627,40
2338,EU6668,,20:40:00,00:10:00,2019-01-25 15:31:46,3.0,635,39
2357,EU6668,,20:40:00,00:10:00,2019-01-26 14:52:19,3.0,626,38
2406,EU6668,,20:40:00,00:10:00,2019-01-27 15:37:26,3.0,626,37
2455,EU6668,,20:40:00,00:10:00,2019-01-28 17:28:51,2.9,625,36
2504,EU6668,,20:40:00,00:10:00,2019-01-29 14:53:03,2.9,625,35
2553,EU6668,,20:40:00,00:10:00,2019-01-30 14:52:33,2.9,625,34
2602,EU6668,,20:40:00,00:10:00,2019-01-31 15:58:50,2.9,625,33
2651,EU6668,,20:40:00,00:10:00,2019-02-01 16:30:25,2.9,624,32
2700,EU6668,,20:40:00,00:10:00,2019-02-02 16:47:31,2.9,623,31
2782,EU6668,,20:40:00,00:10:00,2019-02-03 17:33:54,2.9,623,30
2797,EU6668,,20:40:00,00:10:00,2019-02-04 16:33:12,2.9,623,29
2847,EU6668,,20:40:00,00:10:00,2019-02-05 16:17:08,3.0,626,28
2895,EU6668,,20:40:00,00:10:00,2019-02-06 14:41:53,3.0,637,27
2944,EU6668,,20:40:00,00:10:00,2019-02-07 16:29:21,2.9,623,26
2993,EU6668,,20:40:00,00:10:00,2019-02-08 14:50:15,3.0,631,25
3042,EU6668,,20:40:00,00:10:00,2019-02-09 15:08:22,3.0,627,24
3131,EU6668,,20:40:00,00:10:00,2019-02-10 17:01:47,3.0,633,23
3155,EU6668,,20:40:00,00:10:00,2019-02-11 17:08:19,3.0,629,22
3190,EU6668,,20:40:00,00:10:00,2019-02-12 16:04:30,3.0,641,21
3256,EU6668,,20:40:00,00:10:00,2019-02-13 14:30:12,3.0,639,20
3319,EU6668,,20:40:00,00:10:00,2019-02-14 16:33:01,2.9,621,19
3337,EU6668,,20:40:00,00:10:00,2019-02-15 16:07:50,2.9,622,18
3425,EU6668,,20:40:00,00:10:00,2019-02-16 16:34:05,2.9,622,17
3443,EU6668,,20:40:00,00:10:00,2019-02-17 17:25:24,2.9,622,16
3499,EU6668,,20:40:00,00:10:00,2019-02-18 16:21:58,2.5,524,15
3542,EU6668,,20:40:00,00:10:00,2019-02-19 14:36:15,2.5,524,14
3621,EU6668,,20:40:00,00:10:00,2019-02-20 14:48:23,2.5,524,13
3631,EU6668,,20:40:00,00:10:00,2019-02-21 15:14:42,2.5,524,12
3719,EU6668,,20:40:00,00:10:00,2019-02-22 16:52:44,2.5,524,11
3729,EU6668,,20:40:00,00:10:00,2019-02-23 16:55:58,2.5,524,10
3817,EU6668,,20:40:00,00:10:00,2019-02-24 16:30:15,2.5,524,9
3846,EU6668,,20:40:00,00:10:00,2019-02-25 17:38:35,2.2,465,8
3915,EU6668,,20:40:00,00:10:00,2019-02-26 16:16:55,2.0,414,7
3924,EU6668,,20:40:00,00:10:00,2019-02-27 16:43:30,1.9,411,6
3981,EU6668,,20:40:00,00:10:00,2019-02-28 16:04:06,2.5,526,5
4036,EU6668,,20:40:00,00:10:00,2019-03-01 15:18:39,2.5,535,4
4093,EU6668,,20:40:00,00:10:00,2019-03-02 14:32:34,2.5,537,3
4147,EU6668,,20:40:00,00:10:00,2019-03-03 14:20:23,2.5,533,2
4205,EU6668,,20:40:00,00:10:00,2019-03-04 15:52:36,2.5,535,1
4260,EU6668,,20:40:00,00:10:00,2019-03-05 14:28:37,3.8,796,0
4323,EU6668,,20:40:00,00:10:00,2019-03-06 15:36:42,4.4,923,0
2049,G56070,MU5221,12:30:00,16:00:00,2019-01-19 15:14:28,5.5,1170,45
2095,G56070,MU5221,12:30:00,16:00:00,2019-01-20 15:06:09,5.5,1170,44
2142,G56070,MU5221,12:30:00,16:00:00,2019-01-21 14:51:06,5.5,1170,43
2172,G56070,MU5221,12:30:00,16:00:00,2019-01-22 17:06:35,5.5,1170,42
2249,G56070,MU5221,12:30:00,16:00:00,2019-01-23 15:42:12,5.5,1170,41
2280,G56070,MU5221,12:30:00,16:00:00,2019-01-24 15:50:34,5.5,1170,40
2323,G56070,MU5221,12:30:00,16:00:00,2019-01-25 15:31:46,5.5,1170,39
2378,G56070,MU5221,12:30:00,16:00:00,2019-01-26 14:52:19,5.5,1170,38
2427,G56070,MU5221,12:30:00,16:00:00,2019-01-27 15:37:26,5.5,1170,37
2475,G56070,MU5221,12:30:00,16:00:00,2019-01-28 17:28:51,5.5,1170,36
2524,G56070,MU5221,12:30:00,16:00:00,2019-01-29 14:53:03,5.5,1170,35
2574,G56070,MU5221,12:30:00,16:00:00,2019-01-30 14:52:33,5.5,1170,34
2622,G56070,MU5221,12:30:00,16:00:00,2019-01-31 15:58:50,5.5,1170,33
2671,G56070,MU5221,12:30:00,16:00:00,2019-02-01 16:30:25,5.5,1170,32
2721,G56070,MU5221,12:30:00,16:00:00,2019-02-02 16:47:31,5.5,1170,31
2754,G56070,MU5221,12:30:00,16:00:00,2019-02-03 17:33:54,5.5,1170,30
2819,G56070,MU5221,12:30:00,16:00:00,2019-02-04 16:33:12,5.5,1170,29
2867,G56070,MU5221,12:30:00,16:00:00,2019-02-05 16:17:08,5.5,1170,28
2915,G56070,MU5221,12:30:00,16:00:00,2019-02-06 14:41:53,5.5,1170,27
2965,G56070,MU5221,12:30:00,16:00:00,2019-02-07 16:29:21,5.5,1170,26
3013,G56070,MU5221,12:30:00,16:00:00,2019-02-08 14:50:15,5.5,1170,25
3062,G56070,MU5221,12:30:00,16:00:00,2019-02-09 15:08:22,5.5,1170,24
3112,G56070,MU5221,12:30:00,16:00:00,2019-02-10 17:01:47,5.5,1170,23
3173,G56070,MU5221,12:30:00,16:00:00,2019-02-11 17:08:19,5.5,1170,22
3211,G56070,MU5221,12:30:00,16:00:00,2019-02-12 16:04:30,5.5,1170,21
3242,G56070,MU5221,12:30:00,16:00:00,2019-02-13 14:30:12,5.5,1170,20
3290,G56070,MU5221,12:30:00,16:00:00,2019-02-14 16:33:01,5.5,1170,19
3373,G56070,MU5221,12:30:00,16:00:00,2019-02-15 16:07:50,5.5,1170,18
3406,G56070,MU5221,12:30:00,16:00:00,2019-02-16 16:34:05,5.5,1170,17
3469,G56070,MU5221,12:30:00,16:00:00,2019-02-17 17:25:24,5.5,1170,16
3527,G56070,MU5221,12:30:00,16:00:00,2019-02-18 16:21:58,5.5,1170,15
3567,G56070,MU5221,12:30:00,16:00:00,2019-02-19 14:36:15,5.5,1170,14
3601,G56070,MU5221,12:30:00,16:00:00,2019-02-20 14:48:23,5.5,1170,13
3665,G56070,MU5221,12:30:00,16:00:00,2019-02-21 15:14:42,5.5,1170,12
3700,G56070,MU5221,12:30:00,16:00:00,2019-02-22 16:52:44,5.5,1170,11
3748,G56070,MU5221,12:30:00,16:00:00,2019-02-23 16:55:58,5.5,1170,10
3784,G56070,MU5221,12:30:00,16:00:00,2019-02-24 16:30:15,5.5,1170,9
3860,G56070,MU5221,12:30:00,16:00:00,2019-02-25 17:38:35,5.5,1170,8
3895,G56070,MU5221,12:30:00,16:00:00,2019-02-26 16:16:55,5.5,1170,7
3963,G56070,MU5221,12:30:00,16:00:00,2019-02-27 16:43:30,3.5,740,6
4019,G56070,MU5221,12:30:00,16:00:00,2019-02-28 16:04:06,3.5,740,5
4075,G56070,MU5221,12:30:00,16:00:00,2019-03-01 15:18:39,3.5,740,4
4130,G56070,MU5221,12:30:00,16:00:00,2019-03-02 14:32:34,5.4,1140,3
4186,G56070,MU5221,12:30:00,16:00:00,2019-03-03 14:20:23,5.4,1140,2
4242,G56070,MU5221,12:30:00,16:00:00,2019-03-04 15:52:36,5.4,1140,1
4306,G56070,MU5221,12:30:00,16:00:00,2019-03-05 14:28:37,6.4,1360,0
3953,HO3909,CA1949,16:00:00,19:35:00,2019-02-27 16:43:30,4.7,910,6
4010,HO3909,CA1949,16:00:00,19:35:00,2019-02-28 16:04:06,4.7,910,5
4065,HO3909,CA1949,16:00:00,19:35:00,2019-03-01 15:18:39,4.7,910,4
4122,HO3909,CA1949,16:00:00,19:35:00,2019-03-02 14:32:34,4.7,910,3
4177,HO3909,CA1949,16:00:00,19:35:00,2019-03-03 14:20:23,4.7,910,2
4233,HO3909,CA1949,16:00:00,19:35:00,2019-03-04 15:52:36,4.7,910,1
4283,HO3909,CA1949,16:00:00,19:35:00,2019-03-05 14:28:37,6.7,1290,0
2054,MU1001,3U8962,11:45:00,15:10:00,2019-01-19 15:14:28,6.4,1360,45
2100,MU1001,3U8962,11:45:00,15:10:00,2019-01-20 15:06:09,6.4,1360,44
2147,MU1001,3U8962,11:45:00,15:10:00,2019-01-21 14:51:06,6.4,1360,43
2177,MU1001,3U8962,11:45:00,15:10:00,2019-01-22 17:06:35,6.4,1360,42
2244,MU1001,3U8962,11:45:00,15:10:00,2019-01-23 15:42:12,6.4,1360,41
2275,MU1001,3U8962,11:45:00,15:10:00,2019-01-24 15:50:34,4.9,1040,40
2330,MU1001,3U8962,11:45:00,15:10:00,2019-01-25 15:31:46,4.9,1040,39
2383,MU1001,3U8962,11:45:00,15:10:00,2019-01-26 14:52:19,4.9,1040,38
2432,MU1001,3U8962,11:45:00,15:10:00,2019-01-27 15:37:26,4.9,1040,37
2480,MU1001,3U8962,11:45:00,15:10:00,2019-01-28 17:28:51,4.9,1040,36
2530,MU1001,3U8962,11:45:00,15:10:00,2019-01-29 14:53:03,4.9,1040,35
2579,MU1001,3U8962,11:45:00,15:10:00,2019-01-30 14:52:33,4.9,1040,34
2628,MU1001,3U8962,11:45:00,15:10:00,2019-01-31 15:58:50,4.9,1040,33
2677,MU1001,3U8962,11:45:00,15:10:00,2019-02-01 16:30:25,4.9,1040,32
2726,MU1001,3U8962,11:45:00,15:10:00,2019-02-02 16:47:31,4.9,1040,31
2760,MU1001,3U8962,11:45:00,15:10:00,2019-02-03 17:33:54,4.9,1040,30
2824,MU1001,3U8962,11:45:00,15:10:00,2019-02-04 16:33:12,4.9,1040,29
2873,MU1001,3U8962,11:45:00,15:10:00,2019-02-05 16:17:08,4.9,1040,28
2921,MU1001,3U8962,11:45:00,15:10:00,2019-02-06 14:41:53,4.9,1040,27
2970,MU1001,3U8962,11:45:00,15:10:00,2019-02-07 16:29:21,4.9,1040,26
3019,MU1001,3U8962,11:45:00,15:10:00,2019-02-08 14:50:15,4.9,1040,25
3068,MU1001,3U8962,11:45:00,15:10:00,2019-02-09 15:08:22,4.9,1040,24
3106,MU1001,3U8962,11:45:00,15:10:00,2019-02-10 17:01:47,4.9,1040,23
3167,MU1001,3U8962,11:45:00,15:10:00,2019-02-11 17:08:19,4.9,1040,22
3217,MU1001,3U8962,11:45:00,15:10:00,2019-02-12 16:04:30,4.9,1040,21
3236,MU1001,3U8962,11:45:00,15:10:00,2019-02-13 14:30:12,4.9,1040,20
3296,MU1001,3U8962,11:45:00,15:10:00,2019-02-14 16:33:01,4.9,1040,19
3379,MU1001,3U8962,11:45:00,15:10:00,2019-02-15 16:07:50,4.9,1040,18
3400,MU1001,3U8962,11:45:00,15:10:00,2019-02-16 16:34:05,4.9,1040,17
3463,MU1001,3U8962,11:45:00,15:10:00,2019-02-17 17:25:24,4.9,1040,16
3479,MU1001,3U8962,11:45:00,15:10:00,2019-02-18 16:21:58,4.9,1040,15
3561,MU1001,3U8962,11:45:00,15:10:00,2019-02-19 14:36:15,4.9,1040,14
3596,MU1001,3U8962,11:45:00,15:10:00,2019-02-20 14:48:23,4.9,1040,13
3659,MU1001,3U8962,11:45:00,15:10:00,2019-02-21 15:14:42,4.9,1040,12
3694,MU1001,3U8962,11:45:00,15:10:00,2019-02-22 16:52:44,4.9,1040,11
3754,MU1001,3U8962,11:45:00,15:10:00,2019-02-23 16:55:58,4.9,1040,10
3790,MU1001,3U8962,11:45:00,15:10:00,2019-02-24 16:30:15,4.9,1040,9
3854,MU1001,3U8962,11:45:00,15:10:00,2019-02-25 17:38:35,4.9,1040,8
3890,MU1001,3U8962,11:45:00,15:10:00,2019-02-26 16:16:55,4.9,1040,7
3942,MU1001,3U8962,11:45:00,15:10:00,2019-02-27 16:43:30,4.9,1040,6
3999,MU1001,3U8962,11:45:00,15:10:00,2019-02-28 16:04:06,4.9,1040,5
4054,MU1001,3U8962,11:45:00,15:10:00,2019-03-01 15:18:39,4.9,1040,4
4111,MU1001,3U8962,11:45:00,15:10:00,2019-03-02 14:32:34,5.4,1140,3
4166,MU1001,3U8962,11:45:00,15:10:00,2019-03-03 14:20:23,5.4,1140,2
4222,MU1001,3U8962,11:45:00,15:10:00,2019-03-04 15:52:36,5.4,1140,1
4278,MU1001,3U8962,11:45:00,15:10:00,2019-03-05 14:28:37,6.4,1360,0
2042,MU1003,3U8964,16:35:00,20:10:00,2019-01-19 15:14:28,6.4,1360,45
2088,MU1003,3U8964,16:35:00,20:10:00,2019-01-20 15:06:09,6.4,1360,44
2135,MU1003,3U8964,16:35:00,20:10:00,2019-01-21 14:51:06,6.4,1360,43
2193,MU1003,3U8964,16:35:00,20:10:00,2019-01-22 17:06:35,6.4,1360,42
2211,MU1003,3U8964,16:35:00,20:10:00,2019-01-23 15:42:12,6.4,1360,41
2287,MU1003,3U8964,16:35:00,20:10:00,2019-01-24 15:50:34,4.9,1040,40
2317,MU1003,3U8964,16:35:00,20:10:00,2019-01-25 15:31:46,4.9,1040,39
2371,MU1003,3U8964,16:35:00,20:10:00,2019-01-26 14:52:19,4.9,1040,38
2420,MU1003,3U8964,16:35:00,20:10:00,2019-01-27 15:37:26,4.9,1040,37
2469,MU1003,3U8964,16:35:00,20:10:00,2019-01-28 17:28:51,4.9,1040,36
2518,MU1003,3U8964,16:35:00,20:10:00,2019-01-29 14:53:03,4.9,1040,35
2567,MU1003,3U8964,16:35:00,20:10:00,2019-01-30 14:52:33,4.9,1040,34
2616,MU1003,3U8964,16:35:00,20:10:00,2019-01-31 15:58:50,4.9,1040,33
2665,MU1003,3U8964,16:35:00,20:10:00,2019-02-01 16:30:25,4.9,1040,32
2714,MU1003,3U8964,16:35:00,20:10:00,2019-02-02 16:47:31,4.9,1040,31
2748,MU1003,3U8964,16:35:00,20:10:00,2019-02-03 17:33:54,4.9,1040,30
2811,MU1003,3U8964,16:35:00,20:10:00,2019-02-04 16:33:12,4.9,1040,29
2861,MU1003,3U8964,16:35:00,20:10:00,2019-02-05 16:17:08,4.9,1040,28
2909,MU1003,3U8964,16:35:00,20:10:00,2019-02-06 14:41:53,4.9,1040,27
2958,MU1003,3U8964,16:35:00,20:10:00,2019-02-07 16:29:21,4.9,1040,26
3007,MU1003,3U8964,16:35:00,20:10:00,2019-02-08 14:50:15,4.9,1040,25
3056,MU1003,3U8964,16:35:00,20:10:00,2019-02-09 15:08:22,4.9,1040,24
3118,MU1003,3U8964,16:35:00,20:10:00,2019-02-10 17:01:47,4.9,1040,23
3179,MU1003,3U8964,16:35:00,20:10:00,2019-02-11 17:08:19,4.9,1040,22
3204,MU1003,3U8964,16:35:00,20:10:00,2019-02-12 16:04:30,4.9,1040,21
3248,MU1003,3U8964,16:35:00,20:10:00,2019-02-13 14:30:12,4.9,1040,20
3284,MU1003,3U8964,16:35:00,20:10:00,2019-02-14 16:33:01,4.9,1040,19
3367,MU1003,3U8964,16:35:00,20:10:00,2019-02-15 16:07:50,4.9,1040,18
3412,MU1003,3U8964,16:35:00,20:10:00,2019-02-16 16:34:05,4.9,1040,17
3475,MU1003,3U8964,16:35:00,20:10:00,2019-02-17 17:25:24,4.9,1040,16
3485,MU1003,3U8964,16:35:00,20:10:00,2019-02-18 16:21:58,4.9,1040,15
3573,MU1003,3U8964,16:35:00,20:10:00,2019-02-19 14:36:15,4.9,1040,14
3607,MU1003,3U8964,16:35:00,20:10:00,2019-02-20 14:48:23,4.9,1040,13
3671,MU1003,3U8964,16:35:00,20:10:00,2019-02-21 15:14:42,4.9,1040,12
3706,MU1003,3U8964,16:35:00,20:10:00,2019-02-22 16:52:44,4.9,1040,11
3742,MU1003,3U8964,16:35:00,20:10:00,2019-02-23 16:55:58,4.9,1040,10
3778,MU1003,3U8964,16:35:00,20:10:00,2019-02-24 16:30:15,4.9,1040,9
3867,MU1003,3U8964,16:35:00,20:10:00,2019-02-25 17:38:35,4.9,1040,8
3902,MU1003,3U8964,16:35:00,20:10:00,2019-02-26 16:16:55,4.9,1040,7
3933,MU1003,3U8964,16:35:00,20:10:00,2019-02-27 16:43:30,4.9,1040,6
3990,MU1003,3U8964,16:35:00,20:10:00,2019-02-28 16:04:06,4.9,1040,5
4045,MU1003,3U8964,16:35:00,20:10:00,2019-03-01 15:18:39,4.9,1040,4
4102,MU1003,3U8964,16:35:00,20:10:00,2019-03-02 14:32:34,5.4,1140,3
4156,MU1003,3U8964,16:35:00,20:10:00,2019-03-03 14:20:23,5.4,1140,2
4200,MU1003,3U8964,16:35:00,20:10:00,2019-03-04 15:52:36,5.4,1140,1
4269,MU1003,3U8964,16:35:00,20:10:00,2019-03-05 14:28:37,6.4,1360,0
2034,MU1005,3U8966,19:55:00,23:30:00,2019-01-19 15:14:28,5.4,1140,45
2081,MU1005,3U8966,19:55:00,23:30:00,2019-01-20 15:06:09,5.4,1140,44
2128,MU1005,3U8966,19:55:00,23:30:00,2019-01-21 14:51:06,5.4,1140,43
2186,MU1005,3U8966,19:55:00,23:30:00,2019-01-22 17:06:35,5.4,1140,42
2217,MU1005,3U8966,19:55:00,23:30:00,2019-01-23 15:42:12,5.4,1140,41
2294,MU1005,3U8966,19:55:00,23:30:00,2019-01-24 15:50:34,5.4,1140,40
2308,MU1005,3U8966,19:55:00,23:30:00,2019-01-25 15:31:46,5.4,1140,39
2362,MU1005,3U8966,19:55:00,23:30:00,2019-01-26 14:52:19,5.4,1140,38
2411,MU1005,3U8966,19:55:00,23:30:00,2019-01-27 15:37:26,5.4,1140,37
2460,MU1005,3U8966,19:55:00,23:30:00,2019-01-28 17:28:51,5.4,1140,36
2509,MU1005,3U8966,19:55:00,23:30:00,2019-01-29 14:53:03,5.4,1140,35
2558,MU1005,3U8966,19:55:00,23:30:00,2019-01-30 14:52:33,5.4,1140,34
2607,MU1005,3U8966,19:55:00,23:30:00,2019-01-31 15:58:50,5.4,1140,33
2656,MU1005,3U8966,19:55:00,23:30:00,2019-02-01 16:30:25,5.4,1140,32
2705,MU1005,3U8966,19:55:00,23:30:00,2019-02-02 16:47:31,5.4,1140,31
2787,MU1005,3U8966,19:55:00,23:30:00,2019-02-03 17:33:54,5.4,1140,30
2802,MU1005,3U8966,19:55:00,23:30:00,2019-02-04 16:33:12,5.4,1140,29
2852,MU1005,3U8966,19:55:00,23:30:00,2019-02-05 16:17:08,5.4,1140,28
2900,MU1005,3U8966,19:55:00,23:30:00,2019-02-06 14:41:53,5.4,1140,27
2949,MU1005,3U8966,19:55:00,23:30:00,2019-02-07 16:29:21,5.4,1140,26
2998,MU1005,3U8966,19:55:00,23:30:00,2019-02-08 14:50:15,5.4,1140,25
3047,MU1005,3U8966,19:55:00,23:30:00,2019-02-09 15:08:22,5.4,1140,24
3127,MU1005,3U8966,19:55:00,23:30:00,2019-02-10 17:01:47,5.4,1140,23
3136,MU1005,3U8966,19:55:00,23:30:00,2019-02-11 17:08:19,5.4,1140,22
3195,MU1005,3U8966,19:55:00,23:30:00,2019-02-12 16:04:30,5.4,1140,21
3261,MU1005,3U8966,19:55:00,23:30:00,2019-02-13 14:30:12,5.4,1140,20
3324,MU1005,3U8966,19:55:00,23:30:00,2019-02-14 16:33:01,5.4,1140,19
3342,MU1005,3U8966,19:55:00,23:30:00,2019-02-15 16:07:50,5.4,1140,18
3421,MU1005,3U8966,19:55:00,23:30:00,2019-02-16 16:34:05,5.4,1140,17
3433,MU1005,3U8966,19:55:00,23:30:00,2019-02-17 17:25:24,5.4,1140,16
3494,MU1005,3U8966,19:55:00,23:30:00,2019-02-18 16:21:58,5.4,1140,15
3533,MU1005,3U8966,19:55:00,23:30:00,2019-02-19 14:36:15,5.4,1140,14
3616,MU1005,3U8966,19:55:00,23:30:00,2019-02-20 14:48:23,5.4,1140,13
3636,MU1005,3U8966,19:55:00,23:30:00,2019-02-21 15:14:42,5.4,1140,12
3715,MU1005,3U8966,19:55:00,23:30:00,2019-02-22 16:52:44,5.4,1140,11
3734,MU1005,3U8966,19:55:00,23:30:00,2019-02-23 16:55:58,5.4,1140,10
3812,MU1005,3U8966,19:55:00,23:30:00,2019-02-24 16:30:15,5.4,1140,9
3841,MU1005,3U8966,19:55:00,23:30:00,2019-02-25 17:38:35,5.4,1140,8
3910,MU1005,3U8966,19:55:00,23:30:00,2019-02-26 16:16:55,5.4,1140,7
3926,MU1005,3U8966,19:55:00,23:30:00,2019-02-27 16:43:30,5.4,1140,6
3983,MU1005,3U8966,19:55:00,23:30:00,2019-02-28 16:04:06,5.4,1140,5
4038,MU1005,3U8966,19:55:00,23:30:00,2019-03-01 15:18:39,5.4,1140,4
4095,MU1005,3U8966,19:55:00,23:30:00,2019-03-02 14:32:34,5.4,1140,3
4149,MU1005,3U8966,19:55:00,23:30:00,2019-03-03 14:20:23,5.4,1140,2
4207,MU1005,3U8966,19:55:00,23:30:00,2019-03-04 15:52:36,5.4,1140,1
4262,MU1005,3U8966,19:55:00,23:30:00,2019-03-05 14:28:37,5.4,1140,0
4322,MU1005,3U8966,19:55:00,23:30:00,2019-03-06 15:36:42,5.4,1140,0
2059,MU3042,CZ3349,08:10:00,11:45:00,2019-01-19 15:14:28,5.0,880,45
2105,MU3042,CZ3349,08:10:00,11:45:00,2019-01-20 15:06:09,5.0,880,44
2152,MU3042,CZ3349,08:10:00,11:45:00,2019-01-21 14:51:06,5.0,880,43
2197,MU3042,CZ3349,08:10:00,11:45:00,2019-01-22 17:06:35,5.0,880,42
2239,MU3042,CZ3349,08:10:00,11:45:00,2019-01-23 15:42:12,5.0,880,41
2270,MU3042,CZ3349,08:10:00,11:45:00,2019-01-24 15:50:34,5.0,880,40
2339,MU3042,CZ3349,08:10:00,11:45:00,2019-01-25 15:31:46,5.0,880,39
2388,MU3042,CZ3349,08:10:00,11:45:00,2019-01-26 14:52:19,5.0,880,38
2437,MU3042,CZ3349,08:10:00,11:45:00,2019-01-27 15:37:26,5.0,880,37
2485,MU3042,CZ3349,08:10:00,11:45:00,2019-01-28 17:28:51,5.0,880,36
2535,MU3042,CZ3349,08:10:00,11:45:00,2019-01-29 14:53:03,5.0,880,35
2584,MU3042,CZ3349,08:10:00,11:45:00,2019-01-30 14:52:33,5.0,880,34
2634,MU3042,CZ3349,08:10:00,11:45:00,2019-01-31 15:58:50,5.0,880,33
2682,MU3042,CZ3349,08:10:00,11:45:00,2019-02-01 16:30:25,5.0,880,32
2731,MU3042,CZ3349,08:10:00,11:45:00,2019-02-02 16:47:31,5.0,880,31
2765,MU3042,CZ3349,08:10:00,11:45:00,2019-02-03 17:33:54,5.0,880,30
2829,MU3042,CZ3349,08:10:00,11:45:00,2019-02-04 16:33:12,5.0,880,29
2878,MU3042,CZ3349,08:10:00,11:45:00,2019-02-05 16:17:08,5.0,880,28
2926,MU3042,CZ3349,08:10:00,11:45:00,2019-02-06 14:41:53,5.0,880,27
2975,MU3042,CZ3349,08:10:00,11:45:00,2019-02-07 16:29:21,5.0,880,26
3024,MU3042,CZ3349,08:10:00,11:45:00,2019-02-08 14:50:15,5.0,880,25
3073,MU3042,CZ3349,08:10:00,11:45:00,2019-02-09 15:08:22,5.0,880,24
3101,MU3042,CZ3349,08:10:00,11:45:00,2019-02-10 17:01:47,5.0,880,23
3146,MU3042,CZ3349,08:10:00,11:45:00,2019-02-11 17:08:19,5.0,880,22
3222,MU3042,CZ3349,08:10:00,11:45:00,2019-02-12 16:04:30,5.0,880,21
3269,MU3042,CZ3349,08:10:00,11:45:00,2019-02-13 14:30:12,5.0,880,20
3301,MU3042,CZ3349,08:10:00,11:45:00,2019-02-14 16:33:01,5.0,880,19
3349,MU3042,CZ3349,08:10:00,11:45:00,2019-02-15 16:07:50,5.0,880,18
3395,MU3042,CZ3349,08:10:00,11:45:00,2019-02-16 16:34:05,5.0,880,17
3458,MU3042,CZ3349,08:10:00,11:45:00,2019-02-17 17:25:24,5.0,880,16
3517,MU3042,CZ3349,08:10:00,11:45:00,2019-02-18 16:21:58,4.1,720,15
3556,MU3042,CZ3349,08:10:00,11:45:00,2019-02-19 14:36:15,4.1,720,14
3591,MU3042,CZ3349,08:10:00,11:45:00,2019-02-20 14:48:23,4.1,720,13
3654,MU3042,CZ3349,08:10:00,11:45:00,2019-02-21 15:14:42,4.1,720,12
3689,MU3042,CZ3349,08:10:00,11:45:00,2019-02-22 16:52:44,4.1,720,11
3759,MU3042,CZ3349,08:10:00,11:45:00,2019-02-23 16:55:58,4.1,720,10
3795,MU3042,CZ3349,08:10:00,11:45:00,2019-02-24 16:30:15,4.1,720,9
3864,MU3042,CZ3349,08:10:00,11:45:00,2019-02-25 17:38:35,4.1,720,8
3885,MU3042,CZ3349,08:10:00,11:45:00,2019-02-26 16:16:55,3.5,620,7
3968,MU3042,CZ3349,08:10:00,11:45:00,2019-02-27 16:43:30,3.0,530,6
4024,MU3042,CZ3349,08:10:00,11:45:00,2019-02-28 16:04:06,3.0,530,5
4080,MU3042,CZ3349,08:10:00,11:45:00,2019-03-01 15:18:39,3.5,620,4
4135,MU3042,CZ3349,08:10:00,11:45:00,2019-03-02 14:32:34,3.5,620,3
4191,MU3042,CZ3349,08:10:00,11:45:00,2019-03-03 14:20:23,3.5,620,2
4247,MU3042,CZ3349,08:10:00,11:45:00,2019-03-04 15:52:36,3.5,620,1
4302,MU3042,CZ3349,08:10:00,11:45:00,2019-03-05 14:28:37,5.9,1030,0
2058,MU3058,CZ3359,16:25:00,20:05:00,2019-01-19 15:14:28,5.0,880,45
2104,MU3058,CZ3359,16:25:00,20:05:00,2019-01-20 15:06:09,5.0,880,44
2151,MU3058,CZ3359,16:25:00,20:05:00,2019-01-21 14:51:06,5.0,880,43
2196,MU3058,CZ3359,16:25:00,20:05:00,2019-01-22 17:06:35,5.0,880,42
2240,MU3058,CZ3359,16:25:00,20:05:00,2019-01-23 15:42:12,5.0,880,41
2271,MU3058,CZ3359,16:25:00,20:05:00,2019-01-24 15:50:34,5.0,880,40
2334,MU3058,CZ3359,16:25:00,20:05:00,2019-01-25 15:31:46,5.0,880,39
2387,MU3058,CZ3359,16:25:00,20:05:00,2019-01-26 14:52:19,5.0,880,38
2436,MU3058,CZ3359,16:25:00,20:05:00,2019-01-27 15:37:26,5.0,880,37
2484,MU3058,CZ3359,16:25:00,20:05:00,2019-01-28 17:28:51,5.0,880,36
2534,MU3058,CZ3359,16:25:00,20:05:00,2019-01-29 14:53:03,5.0,880,35
2583,MU3058,CZ3359,16:25:00,20:05:00,2019-01-30 14:52:33,5.0,880,34
2632,MU3058,CZ3359,16:25:00,20:05:00,2019-01-31 15:58:50,5.0,880,33
2681,MU3058,CZ3359,16:25:00,20:05:00,2019-02-01 16:30:25,5.0,880,32
2730,MU3058,CZ3359,16:25:00,20:05:00,2019-02-02 16:47:31,5.0,880,31
2764,MU3058,CZ3359,16:25:00,20:05:00,2019-02-03 17:33:54,5.0,880,30
2828,MU3058,CZ3359,16:25:00,20:05:00,2019-02-04 16:33:12,5.0,880,29
2877,MU3058,CZ3359,16:25:00,20:05:00,2019-02-05 16:17:08,5.0,880,28
2925,MU3058,CZ3359,16:25:00,20:05:00,2019-02-06 14:41:53,5.0,880,27
2974,MU3058,CZ3359,16:25:00,20:05:00,2019-02-07 16:29:21,5.0,880,26
3023,MU3058,CZ3359,16:25:00,20:05:00,2019-02-08 14:50:15,5.0,880,25
3072,MU3058,CZ3359,16:25:00,20:05:00,2019-02-09 15:08:22,5.0,880,24
3102,MU3058,CZ3359,16:25:00,20:05:00,2019-02-10 17:01:47,5.0,880,23
3147,MU3058,CZ3359,16:25:00,20:05:00,2019-02-11 17:08:19,5.0,880,22
3221,MU3058,CZ3359,16:25:00,20:05:00,2019-02-12 16:04:30,5.0,880,21
3268,MU3058,CZ3359,16:25:00,20:05:00,2019-02-13 14:30:12,5.0,880,20
3300,MU3058,CZ3359,16:25:00,20:05:00,2019-02-14 16:33:01,5.0,880,19
3348,MU3058,CZ3359,16:25:00,20:05:00,2019-02-15 16:07:50,5.0,880,18
3396,MU3058,CZ3359,16:25:00,20:05:00,2019-02-16 16:34:05,5.0,880,17
3459,MU3058,CZ3359,16:25:00,20:05:00,2019-02-17 17:25:24,5.0,880,16
3518,MU3058,CZ3359,16:25:00,20:05:00,2019-02-18 16:21:58,4.0,700,15
3557,MU3058,CZ3359,16:25:00,20:05:00,2019-02-19 14:36:15,4.0,700,14
3592,MU3058,CZ3359,16:25:00,20:05:00,2019-02-20 14:48:23,4.0,700,13
3655,MU3058,CZ3359,16:25:00,20:05:00,2019-02-21 15:14:42,4.0,700,12
3690,MU3058,CZ3359,16:25:00,20:05:00,2019-02-22 16:52:44,6.4,1130,11
3758,MU3058,CZ3359,16:25:00,20:05:00,2019-02-23 16:55:58,5.9,1030,10
3794,MU3058,CZ3359,16:25:00,20:05:00,2019-02-24 16:30:15,4.0,700,9
3850,MU3058,CZ3359,16:25:00,20:05:00,2019-02-25 17:38:35,4.0,700,8
3886,MU3058,CZ3359,16:25:00,20:05:00,2019-02-26 16:16:55,3.5,620,7
3967,MU3058,CZ3359,16:25:00,20:05:00,2019-02-27 16:43:30,3.5,620,6
4023,MU3058,CZ3359,16:25:00,20:05:00,2019-02-28 16:04:06,3.5,620,5
4079,MU3058,CZ3359,16:25:00,20:05:00,2019-03-01 15:18:39,3.5,620,4
4134,MU3058,CZ3359,16:25:00,20:05:00,2019-03-02 14:32:34,3.5,620,3
4190,MU3058,CZ3359,16:25:00,20:05:00,2019-03-03 14:20:23,3.5,620,2
4246,MU3058,CZ3359,16:25:00,20:05:00,2019-03-04 15:52:36,3.5,620,1
4303,MU3058,CZ3359,16:25:00,20:05:00,2019-03-05 14:28:37,5.9,1030,0
2052,MU5221,,12:30:00,16:00:00,2019-01-19 15:14:28,4.4,930,45
2098,MU5221,,12:30:00,16:00:00,2019-01-20 15:06:09,4.4,930,44
2145,MU5221,,12:30:00,16:00:00,2019-01-21 14:51:06,4.4,930,43
2175,MU5221,,12:30:00,16:00:00,2019-01-22 17:06:35,4.4,930,42
2246,MU5221,,12:30:00,16:00:00,2019-01-23 15:42:12,4.4,930,41
2277,MU5221,,12:30:00,16:00:00,2019-01-24 15:50:34,4.4,930,40
2328,MU5221,,12:30:00,16:00:00,2019-01-25 15:31:46,4.4,930,39
2381,MU5221,,12:30:00,16:00:00,2019-01-26 14:52:19,4.4,930,38
2430,MU5221,,12:30:00,16:00:00,2019-01-27 15:37:26,4.4,930,37
2450,MU5221,,12:30:00,16:00:00,2019-01-28 17:28:51,4.4,930,36
2528,MU5221,,12:30:00,16:00:00,2019-01-29 14:53:03,4.4,930,35
2577,MU5221,,12:30:00,16:00:00,2019-01-30 14:52:33,4.4,930,34
2626,MU5221,,12:30:00,16:00:00,2019-01-31 15:58:50,4.4,930,33
2675,MU5221,,12:30:00,16:00:00,2019-02-01 16:30:25,4.4,930,32
2724,MU5221,,12:30:00,16:00:00,2019-02-02 16:47:31,4.4,930,31
2758,MU5221,,12:30:00,16:00:00,2019-02-03 17:33:54,4.4,930,30
2822,MU5221,,12:30:00,16:00:00,2019-02-04 16:33:12,4.4,930,29
2871,MU5221,,12:30:00,16:00:00,2019-02-05 16:17:08,4.4,930,28
2919,MU5221,,12:30:00,16:00:00,2019-02-06 14:41:53,4.4,930,27
2968,MU5221,,12:30:00,16:00:00,2019-02-07 16:29:21,4.4,930,26
3017,MU5221,,12:30:00,16:00:00,2019-02-08 14:50:15,4.4,930,25
3066,MU5221,,12:30:00,16:00:00,2019-02-09 15:08:22,4.4,930,24
3108,MU5221,,12:30:00,16:00:00,2019-02-10 17:01:47,4.4,930,23
3169,MU5221,,12:30:00,16:00:00,2019-02-11 17:08:19,4.4,930,22
3215,MU5221,,12:30:00,16:00:00,2019-02-12 16:04:30,4.4,930,21
3238,MU5221,,12:30:00,16:00:00,2019-02-13 14:30:12,4.4,930,20
3294,MU5221,,12:30:00,16:00:00,2019-02-14 16:33:01,4.4,930,19
3377,MU5221,,12:30:00,16:00:00,2019-02-15 16:07:50,4.4,930,18
3402,MU5221,,12:30:00,16:00:00,2019-02-16 16:34:05,4.4,930,17
3465,MU5221,,12:30:00,16:00:00,2019-02-17 17:25:24,4.4,930,16
3523,MU5221,,12:30:00,16:00:00,2019-02-18 16:21:58,2.6,560,15
3563,MU5221,,12:30:00,16:00:00,2019-02-19 14:36:15,2.6,560,14
3598,MU5221,,12:30:00,16:00:00,2019-02-20 14:48:23,2.6,560,13
3661,MU5221,,12:30:00,16:00:00,2019-02-21 15:14:42,2.6,560,12
3696,MU5221,,12:30:00,16:00:00,2019-02-22 16:52:44,2.5,520,11
3752,MU5221,,12:30:00,16:00:00,2019-02-23 16:55:58,3.5,740,10
3788,MU5221,,12:30:00,16:00:00,2019-02-24 16:30:15,3.5,740,9
3856,MU5221,,12:30:00,16:00:00,2019-02-25 17:38:35,3.5,740,8
3892,MU5221,,12:30:00,16:00:00,2019-02-26 16:16:55,3.5,740,7
3939,MU5221,,12:30:00,16:00:00,2019-02-27 16:43:30,3.5,740,6
3996,MU5221,,12:30:00,16:00:00,2019-02-28 16:04:06,3.5,740,5
4051,MU5221,,12:30:00,16:00:00,2019-03-01 15:18:39,3.5,740,4
4108,MU5221,,12:30:00,16:00:00,2019-03-02 14:32:34,5.4,1140,3
4163,MU5221,,12:30:00,16:00:00,2019-03-03 14:20:23,5.4,1140,2
4219,MU5221,,12:30:00,16:00:00,2019-03-04 15:52:36,5.4,1140,1
4275,MU5221,,12:30:00,16:00:00,2019-03-05 14:28:37,6.1,1290,0
2065,MU5297,,18:05:00,21:40:00,2019-01-19 15:14:28,3.5,740,45
2111,MU5297,,18:05:00,21:40:00,2019-01-20 15:06:09,3.5,740,44
2157,MU5297,,18:05:00,21:40:00,2019-01-21 14:51:06,3.5,740,43
2203,MU5297,,18:05:00,21:40:00,2019-01-22 17:06:35,3.5,740,42
2233,MU5297,,18:05:00,21:40:00,2019-01-23 15:42:12,3.5,740,41
2264,MU5297,,18:05:00,21:40:00,2019-01-24 15:50:34,3.5,740,40
2345,MU5297,,18:05:00,21:40:00,2019-01-25 15:31:46,3.5,740,39
2352,MU5297,,18:05:00,21:40:00,2019-01-26 14:52:19,3.5,740,38
2444,MU5297,,18:05:00,21:40:00,2019-01-27 15:37:26,2.8,592,37
2491,MU5297,,18:05:00,21:40:00,2019-01-28 17:28:51,2.8,589,36
2541,MU5297,,18:05:00,21:40:00,2019-01-29 14:53:03,2.8,595,35
2548,MU5297,,18:05:00,21:40:00,2019-01-30 14:52:33,2.8,592,34
2641,MU5297,,18:05:00,21:40:00,2019-01-31 15:58:50,3.5,740,33
2688,MU5297,,18:05:00,21:40:00,2019-02-01 16:30:25,3.5,740,32
2737,MU5297,,18:05:00,21:40:00,2019-02-02 16:47:31,3.5,740,31
2770,MU5297,,18:05:00,21:40:00,2019-02-03 17:33:54,3.5,740,30
2835,MU5297,,18:05:00,21:40:00,2019-02-04 16:33:12,3.5,740,29
2884,MU5297,,18:05:00,21:40:00,2019-02-05 16:17:08,3.5,740,28
2932,MU5297,,18:05:00,21:40:00,2019-02-06 14:41:53,3.5,740,27
2981,MU5297,,18:05:00,21:40:00,2019-02-07 16:29:21,3.5,740,26
3030,MU5297,,18:05:00,21:40:00,2019-02-08 14:50:15,3.5,740,25
3079,MU5297,,18:05:00,21:40:00,2019-02-09 15:08:22,3.5,740,24
3095,MU5297,,18:05:00,21:40:00,2019-02-10 17:01:47,3.5,740,23
3140,MU5297,,18:05:00,21:40:00,2019-02-11 17:08:19,3.5,740,22
3228,MU5297,,18:05:00,21:40:00,2019-02-12 16:04:30,3.5,740,21
3275,MU5297,,18:05:00,21:40:00,2019-02-13 14:30:12,3.5,740,20
3307,MU5297,,18:05:00,21:40:00,2019-02-14 16:33:01,3.5,740,19
3355,MU5297,,18:05:00,21:40:00,2019-02-15 16:07:50,3.5,740,18
3389,MU5297,,18:05:00,21:40:00,2019-02-16 16:34:05,3.5,740,17
3446,MU5297,,18:05:00,21:40:00,2019-02-17 17:25:24,3.5,740,16
3511,MU5297,,18:05:00,21:40:00,2019-02-18 16:21:58,3.5,740,15
3550,MU5297,,18:05:00,21:40:00,2019-02-19 14:36:15,3.5,740,14
3585,MU5297,,18:05:00,21:40:00,2019-02-20 14:48:23,3.5,740,13
3642,MU5297,,18:05:00,21:40:00,2019-02-21 15:14:42,3.5,740,12
3683,MU5297,,18:05:00,21:40:00,2019-02-22 16:52:44,3.5,740,11
3765,MU5297,,18:05:00,21:40:00,2019-02-23 16:55:58,3.5,740,10
3801,MU5297,,18:05:00,21:40:00,2019-02-24 16:30:15,3.5,740,9
3829,MU5297,,18:05:00,21:40:00,2019-02-25 17:38:35,3.5,740,8
3879,MU5297,,18:05:00,21:40:00,2019-02-26 16:16:55,3.5,740,7
3948,MU5297,,18:05:00,21:40:00,2019-02-27 16:43:30,3.5,740,6
4005,MU5297,,18:05:00,21:40:00,2019-02-28 16:04:06,2.5,520,5
4060,MU5297,,18:05:00,21:40:00,2019-03-01 15:18:39,3.5,740,4
4117,MU5297,,18:05:00,21:40:00,2019-03-02 14:32:34,5.4,1140,3
4172,MU5297,,18:05:00,21:40:00,2019-03-03 14:20:23,5.4,1140,2
4228,MU5297,,18:05:00,21:40:00,2019-03-04 15:52:36,5.4,1140,1
4288,MU5297,,18:05:00,21:40:00,2019-03-05 14:28:37,6.1,1290,0
4319,MU5297,,18:05:00,21:40:00,2019-03-06 15:36:42,6.1,1300,0
2050,MU5403,,09:10:00,12:40:00,2019-01-19 15:14:28,4.4,930,45
2096,MU5403,,09:10:00,12:40:00,2019-01-20 15:06:09,4.4,930,44
2143,MU5403,,09:10:00,12:40:00,2019-01-21 14:51:06,4.4,930,43
2173,MU5403,,09:10:00,12:40:00,2019-01-22 17:06:35,4.4,930,42
2248,MU5403,,09:10:00,12:40:00,2019-01-23 15:42:12,4.4,930,41
2279,MU5403,,09:10:00,12:40:00,2019-01-24 15:50:34,4.4,930,40
2325,MU5403,,09:10:00,12:40:00,2019-01-25 15:31:46,4.4,930,39
2379,MU5403,,09:10:00,12:40:00,2019-01-26 14:52:19,4.4,930,38
2428,MU5403,,09:10:00,12:40:00,2019-01-27 15:37:26,4.4,930,37
2477,MU5403,,09:10:00,12:40:00,2019-01-28 17:28:51,4.4,930,36
2526,MU5403,,09:10:00,12:40:00,2019-01-29 14:53:03,4.4,930,35
2575,MU5403,,09:10:00,12:40:00,2019-01-30 14:52:33,4.4,930,34
2624,MU5403,,09:10:00,12:40:00,2019-01-31 15:58:50,4.4,930,33
2673,MU5403,,09:10:00,12:40:00,2019-02-01 16:30:25,4.4,930,32
2722,MU5403,,09:10:00,12:40:00,2019-02-02 16:47:31,4.4,930,31
2756,MU5403,,09:10:00,12:40:00,2019-02-03 17:33:54,4.4,930,30
2820,MU5403,,09:10:00,12:40:00,2019-02-04 16:33:12,4.4,930,29
2869,MU5403,,09:10:00,12:40:00,2019-02-05 16:17:08,4.4,930,28
2917,MU5403,,09:10:00,12:40:00,2019-02-06 14:41:53,4.4,930,27
2966,MU5403,,09:10:00,12:40:00,2019-02-07 16:29:21,4.4,930,26
3015,MU5403,,09:10:00,12:40:00,2019-02-08 14:50:15,4.4,930,25
3064,MU5403,,09:10:00,12:40:00,2019-02-09 15:08:22,4.4,930,24
3110,MU5403,,09:10:00,12:40:00,2019-02-10 17:01:47,4.4,930,23
3171,MU5403,,09:10:00,12:40:00,2019-02-11 17:08:19,4.4,930,22
3213,MU5403,,09:10:00,12:40:00,2019-02-12 16:04:30,4.4,930,21
3240,MU5403,,09:10:00,12:40:00,2019-02-13 14:30:12,4.4,930,20
3292,MU5403,,09:10:00,12:40:00,2019-02-14 16:33:01,4.4,930,19
3375,MU5403,,09:10:00,12:40:00,2019-02-15 16:07:50,4.4,930,18
3404,MU5403,,09:10:00,12:40:00,2019-02-16 16:34:05,4.4,930,17
3467,MU5403,,09:10:00,12:40:00,2019-02-17 17:25:24,4.4,930,16
3525,MU5403,,09:10:00,12:40:00,2019-02-18 16:21:58,3.5,740,15
3565,MU5403,,09:10:00,12:40:00,2019-02-19 14:36:15,4.4,930,14
3599,MU5403,,09:10:00,12:40:00,2019-02-20 14:48:23,4.4,930,13
3663,MU5403,,09:10:00,12:40:00,2019-02-21 15:14:42,4.4,930,12
3698,MU5403,,09:10:00,12:40:00,2019-02-22 16:52:44,4.4,930,11
3750,MU5403,,09:10:00,12:40:00,2019-02-23 16:55:58,4.4,930,10
3786,MU5403,,09:10:00,12:40:00,2019-02-24 16:30:15,4.4,930,9
3858,MU5403,,09:10:00,12:40:00,2019-02-25 17:38:35,4.4,930,8
3894,MU5403,,09:10:00,12:40:00,2019-02-26 16:16:55,4.9,1040,7
3938,MU5403,,09:10:00,12:40:00,2019-02-27 16:43:30,5.4,1140,6
3995,MU5403,,09:10:00,12:40:00,2019-02-28 16:04:06,4.9,1040,5
4050,MU5403,,09:10:00,12:40:00,2019-03-01 15:18:39,4.4,930,4
4107,MU5403,,09:10:00,12:40:00,2019-03-02 14:32:34,5.4,1140,3
4162,MU5403,,09:10:00,12:40:00,2019-03-03 14:20:23,5.4,1140,2
4218,MU5403,,09:10:00,12:40:00,2019-03-04 15:52:36,5.4,1140,1
4274,MU5403,,09:10:00,12:40:00,2019-03-05 14:28:37,6.1,1290,0
2043,MU5407,,11:10:00,14:35:00,2019-01-19 15:14:28,4.4,930,45
2089,MU5407,,11:10:00,14:35:00,2019-01-20 15:06:09,4.4,930,44
2136,MU5407,,11:10:00,14:35:00,2019-01-21 14:51:06,4.4,930,43
2166,MU5407,,11:10:00,14:35:00,2019-01-22 17:06:35,4.4,930,42
2255,MU5407,,11:10:00,14:35:00,2019-01-23 15:42:12,4.4,930,41
2286,MU5407,,11:10:00,14:35:00,2019-01-24 15:50:34,4.4,930,40
2318,MU5407,,11:10:00,14:35:00,2019-01-25 15:31:46,4.4,930,39
2372,MU5407,,11:10:00,14:35:00,2019-01-26 14:52:19,4.4,930,38
2421,MU5407,,11:10:00,14:35:00,2019-01-27 15:37:26,4.4,930,37
2470,MU5407,,11:10:00,14:35:00,2019-01-28 17:28:51,4.4,930,36
2519,MU5407,,11:10:00,14:35:00,2019-01-29 14:53:03,4.4,930,35
2568,MU5407,,11:10:00,14:35:00,2019-01-30 14:52:33,4.4,930,34
2617,MU5407,,11:10:00,14:35:00,2019-01-31 15:58:50,4.4,930,33
2666,MU5407,,11:10:00,14:35:00,2019-02-01 16:30:25,4.4,930,32
2715,MU5407,,11:10:00,14:35:00,2019-02-02 16:47:31,4.4,930,31
2749,MU5407,,11:10:00,14:35:00,2019-02-03 17:33:54,4.4,930,30
2812,MU5407,,11:10:00,14:35:00,2019-02-04 16:33:12,4.4,930,29
2862,MU5407,,11:10:00,14:35:00,2019-02-05 16:17:08,4.4,930,28
2910,MU5407,,11:10:00,14:35:00,2019-02-06 14:41:53,4.4,930,27
2959,MU5407,,11:10:00,14:35:00,2019-02-07 16:29:21,4.4,930,26
3008,MU5407,,11:10:00,14:35:00,2019-02-08 14:50:15,4.4,930,25
3057,MU5407,,11:10:00,14:35:00,2019-02-09 15:08:22,4.4,930,24
3117,MU5407,,11:10:00,14:35:00,2019-02-10 17:01:47,4.4,930,23
3178,MU5407,,11:10:00,14:35:00,2019-02-11 17:08:19,4.4,930,22
3205,MU5407,,11:10:00,14:35:00,2019-02-12 16:04:30,4.4,930,21
3247,MU5407,,11:10:00,14:35:00,2019-02-13 14:30:12,4.4,930,20
3285,MU5407,,11:10:00,14:35:00,2019-02-14 16:33:01,4.4,930,19
3368,MU5407,,11:10:00,14:35:00,2019-02-15 16:07:50,4.4,930,18
3411,MU5407,,11:10:00,14:35:00,2019-02-16 16:34:05,4.4,930,17
3474,MU5407,,11:10:00,14:35:00,2019-02-17 17:25:24,4.4,930,16
3484,MU5407,,11:10:00,14:35:00,2019-02-18 16:21:58,4.4,930,15
3572,MU5407,,11:10:00,14:35:00,2019-02-19 14:36:15,3.5,740,14
3606,MU5407,,11:10:00,14:35:00,2019-02-20 14:48:23,3.5,740,13
3670,MU5407,,11:10:00,14:35:00,2019-02-21 15:14:42,3.5,740,12
3705,MU5407,,11:10:00,14:35:00,2019-02-22 16:52:44,3.5,740,11
3743,MU5407,,11:10:00,14:35:00,2019-02-23 16:55:58,3.5,740,10
3779,MU5407,,11:10:00,14:35:00,2019-02-24 16:30:15,3.5,740,9
3866,MU5407,,11:10:00,14:35:00,2019-02-25 17:38:35,3.5,740,8
3901,MU5407,,11:10:00,14:35:00,2019-02-26 16:16:55,3.5,740,7
3961,MU5407,,11:10:00,14:35:00,2019-02-27 16:43:30,4.4,930,6
4017,MU5407,,11:10:00,14:35:00,2019-02-28 16:04:06,3.5,740,5
4072,MU5407,,11:10:00,14:35:00,2019-03-01 15:18:39,4.4,930,4
4128,MU5407,,11:10:00,14:35:00,2019-03-02 14:32:34,5.4,1140,3
4184,MU5407,,11:10:00,14:35:00,2019-03-03 14:20:23,5.4,1140,2
4240,MU5407,,11:10:00,14:35:00,2019-03-04 15:52:36,5.4,1140,1
4309,MU5407,,11:10:00,14:35:00,2019-03-05 14:28:37,6.1,1290,0
2067,MU5417,,21:30:00,01:10:00,2019-01-19 15:14:28,4.4,930,45
2113,MU5417,,21:30:00,01:10:00,2019-01-20 15:06:09,4.4,930,44
2159,MU5417,,21:30:00,01:10:00,2019-01-21 14:51:06,4.4,930,43
2205,MU5417,,21:30:00,01:10:00,2019-01-22 17:06:35,4.4,930,42
2231,MU5417,,21:30:00,01:10:00,2019-01-23 15:42:12,4.4,930,41
2262,MU5417,,21:30:00,01:10:00,2019-01-24 15:50:34,4.4,930,40
2347,MU5417,,21:30:00,01:10:00,2019-01-25 15:31:46,4.4,930,39
2395,MU5417,,21:30:00,01:10:00,2019-01-26 14:52:19,4.4,930,38
2446,MU5417,,21:30:00,01:10:00,2019-01-27 15:37:26,4.4,930,37
2493,MU5417,,21:30:00,01:10:00,2019-01-28 17:28:51,4.4,930,36
2543,MU5417,,21:30:00,01:10:00,2019-01-29 14:53:03,4.4,930,35
2591,MU5417,,21:30:00,01:10:00,2019-01-30 14:52:33,4.4,930,34
2643,MU5417,,21:30:00,01:10:00,2019-01-31 15:58:50,4.4,930,33
2690,MU5417,,21:30:00,01:10:00,2019-02-01 16:30:25,4.4,930,32
2739,MU5417,,21:30:00,01:10:00,2019-02-02 16:47:31,4.4,930,31
2772,MU5417,,21:30:00,01:10:00,2019-02-03 17:33:54,4.4,930,30
2837,MU5417,,21:30:00,01:10:00,2019-02-04 16:33:12,4.4,930,29
2886,MU5417,,21:30:00,01:10:00,2019-02-05 16:17:08,4.4,930,28
2934,MU5417,,21:30:00,01:10:00,2019-02-06 14:41:53,4.4,930,27
2983,MU5417,,21:30:00,01:10:00,2019-02-07 16:29:21,4.4,930,26
3032,MU5417,,21:30:00,01:10:00,2019-02-08 14:50:15,4.4,930,25
3081,MU5417,,21:30:00,01:10:00,2019-02-09 15:08:22,4.4,930,24
3093,MU5417,,21:30:00,01:10:00,2019-02-10 17:01:47,4.4,930,23
3138,MU5417,,21:30:00,01:10:00,2019-02-11 17:08:19,4.4,930,22
3230,MU5417,,21:30:00,01:10:00,2019-02-12 16:04:30,4.4,930,21
3277,MU5417,,21:30:00,01:10:00,2019-02-13 14:30:12,4.4,930,20
3309,MU5417,,21:30:00,01:10:00,2019-02-14 16:33:01,4.4,930,19
3357,MU5417,,21:30:00,01:10:00,2019-02-15 16:07:50,4.4,930,18
3387,MU5417,,21:30:00,01:10:00,2019-02-16 16:34:05,4.4,930,17
3448,MU5417,,21:30:00,01:10:00,2019-02-17 17:25:24,4.4,930,16
3509,MU5417,,21:30:00,01:10:00,2019-02-18 16:21:58,2.4,514,15
3548,MU5417,,21:30:00,01:10:00,2019-02-19 14:36:15,2.5,522,14
3583,MU5417,,21:30:00,01:10:00,2019-02-20 14:48:23,2.4,519,13
3645,MU5417,,21:30:00,01:10:00,2019-02-21 15:14:42,2.5,522,12
3681,MU5417,,21:30:00,01:10:00,2019-02-22 16:52:44,2.2,472,11
3767,MU5417,,21:30:00,01:10:00,2019-02-23 16:55:58,2.2,470,10
3802,MU5417,,21:30:00,01:10:00,2019-02-24 16:30:15,2.2,470,9
3831,MU5417,,21:30:00,01:10:00,2019-02-25 17:38:35,2.2,470,8
3877,MU5417,,21:30:00,01:10:00,2019-02-26 16:16:55,2.2,470,7
3949,MU5417,,21:30:00,01:10:00,2019-02-27 16:43:30,2.2,470,6
4006,MU5417,,21:30:00,01:10:00,2019-02-28 16:04:06,2.2,470,5
4061,MU5417,,21:30:00,01:10:00,2019-03-01 15:18:39,3.5,740,4
4118,MU5417,,21:30:00,01:10:00,2019-03-02 14:32:34,5.4,1140,3
4173,MU5417,,21:30:00,01:10:00,2019-03-03 14:20:23,5.4,1140,2
4229,MU5417,,21:30:00,01:10:00,2019-03-04 15:52:36,5.4,1140,1
4287,MU5417,,21:30:00,01:10:00,2019-03-05 14:28:37,4.2,880,0
4317,MU5417,,21:30:00,01:10:00,2019-03-06 15:36:42,4.2,880,0
3950,NZ3806,CA1947,07:35:00,11:05:00,2019-02-27 16:43:30,3.7,780,6
4007,NZ3806,CA1947,07:35:00,11:05:00,2019-02-28 16:04:06,3.3,700,5
4062,NZ3806,CA1947,07:35:00,11:05:00,2019-03-01 15:18:39,3.7,780,4
4119,NZ3806,CA1947,07:35:00,11:05:00,2019-03-02 14:32:34,4.3,910,3
4174,NZ3806,CA1947,07:35:00,11:05:00,2019-03-03 14:20:23,3.7,780,2
4230,NZ3806,CA1947,07:35:00,11:05:00,2019-03-04 15:52:36,3.7,780,1
4286,NZ3806,CA1947,07:35:00,11:05:00,2019-03-05 14:28:37,6.1,1290,0
3937,NZ3808,CA1949,16:00:00,19:35:00,2019-02-27 16:43:30,3.7,780,6
3994,NZ3808,CA1949,16:00:00,19:35:00,2019-02-28 16:04:06,3.7,780,5
4049,NZ3808,CA1949,16:00:00,19:35:00,2019-03-01 15:18:39,3.7,780,4
4106,NZ3808,CA1949,16:00:00,19:35:00,2019-03-02 14:32:34,4.3,910,3
4161,NZ3808,CA1949,16:00:00,19:35:00,2019-03-03 14:20:23,3.7,780,2
4217,NZ3808,CA1949,16:00:00,19:35:00,2019-03-04 15:52:36,3.7,780,1
4273,NZ3808,CA1949,16:00:00,19:35:00,2019-03-05 14:28:37,6.1,1290,0
3930,NZ3810,CA4504,11:55:00,15:30:00,2019-02-27 16:43:30,4.9,1040,6
3987,NZ3810,CA4504,11:55:00,15:30:00,2019-02-28 16:04:06,4.3,910,5
4042,NZ3810,CA4504,11:55:00,15:30:00,2019-03-01 15:18:39,4.3,910,4
4099,NZ3810,CA4504,11:55:00,15:30:00,2019-03-02 14:32:34,4.3,910,3
4153,NZ3810,CA4504,11:55:00,15:30:00,2019-03-03 14:20:23,4.3,910,2
4211,NZ3810,CA4504,11:55:00,15:30:00,2019-03-04 15:52:36,4.3,910,1
4266,NZ3810,CA4504,11:55:00,15:30:00,2019-03-05 14:28:37,6.1,1290,0
3951,NZ3812,CA4592,09:20:00,12:55:00,2019-02-27 16:43:30,4.9,1040,6
4008,NZ3812,CA4592,09:20:00,12:55:00,2019-02-28 16:04:06,4.3,910,5
4063,NZ3812,CA4592,09:20:00,12:55:00,2019-03-01 15:18:39,4.3,910,4
4120,NZ3812,CA4592,09:20:00,12:55:00,2019-03-02 14:32:34,4.3,910,3
4175,NZ3812,CA4592,09:20:00,12:55:00,2019-03-03 14:20:23,4.3,910,2
4231,NZ3812,CA4592,09:20:00,12:55:00,2019-03-04 15:52:36,4.3,910,1
4285,NZ3812,CA4592,09:20:00,12:55:00,2019-03-05 14:28:37,6.1,1290,0
3973,NZ3816,CA4514,14:30:00,18:10:00,2019-02-27 16:43:30,4.9,1040,6
4028,NZ3816,CA4514,14:30:00,18:10:00,2019-02-28 16:04:06,4.3,910,5
4085,NZ3816,CA4514,14:30:00,18:10:00,2019-03-01 15:18:39,4.3,910,4
4140,NZ3816,CA4514,14:30:00,18:10:00,2019-03-02 14:32:34,4.3,910,3
4196,NZ3816,CA4514,14:30:00,18:10:00,2019-03-03 14:20:23,4.3,910,2
4252,NZ3816,CA4514,14:30:00,18:10:00,2019-03-04 15:52:36,4.3,910,1
4297,NZ3816,CA4514,14:30:00,18:10:00,2019-03-05 14:28:37,6.1,1290,0
3940,NZ3818,CA4536,21:30:00,00:55:00,2019-02-27 16:43:30,3.7,780,6
3997,NZ3818,CA4536,21:30:00,00:55:00,2019-02-28 16:04:06,3.7,780,5
4052,NZ3818,CA4536,21:30:00,00:55:00,2019-03-01 15:18:39,3.7,780,4
4109,NZ3818,CA4536,21:30:00,00:55:00,2019-03-02 14:32:34,4.3,910,3
4164,NZ3818,CA4536,21:30:00,00:55:00,2019-03-03 14:20:23,3.7,780,2
4220,NZ3818,CA4536,21:30:00,00:55:00,2019-03-04 15:52:36,3.7,780,1
4276,NZ3818,CA4536,21:30:00,00:55:00,2019-03-05 14:28:37,4.3,910,0
4314,NZ3818,CA4536,21:30:00,00:55:00,2019-03-06 15:36:42,4.3,910,0
2044,TV6257,CA1947,07:35:00,11:05:00,2019-01-19 15:14:28,4.3,910,45
2090,TV6257,CA1947,07:35:00,11:05:00,2019-01-20 15:06:09,4.3,910,44
2137,TV6257,CA1947,07:35:00,11:05:00,2019-01-21 14:51:06,4.3,910,43
2167,TV6257,CA1947,07:35:00,11:05:00,2019-01-22 17:06:35,4.3,910,42
2254,TV6257,CA1947,07:35:00,11:05:00,2019-01-23 15:42:12,4.3,910,41
2285,TV6257,CA1947,07:35:00,11:05:00,2019-01-24 15:50:34,4.3,910,40
2319,TV6257,CA1947,07:35:00,11:05:00,2019-01-25 15:31:46,4.3,910,39
2373,TV6257,CA1947,07:35:00,11:05:00,2019-01-26 14:52:19,4.3,910,38
2422,TV6257,CA1947,07:35:00,11:05:00,2019-01-27 15:37:26,4.3,910,37
2471,TV6257,CA1947,07:35:00,11:05:00,2019-01-28 17:28:51,4.3,910,36
2520,TV6257,CA1947,07:35:00,11:05:00,2019-01-29 14:53:03,4.3,910,35
2569,TV6257,CA1947,07:35:00,11:05:00,2019-01-30 14:52:33,4.3,910,34
2618,TV6257,CA1947,07:35:00,11:05:00,2019-01-31 15:58:50,4.3,910,33
2667,TV6257,CA1947,07:35:00,11:05:00,2019-02-01 16:30:25,4.3,910,32
2716,TV6257,CA1947,07:35:00,11:05:00,2019-02-02 16:47:31,4.3,910,31
2750,TV6257,CA1947,07:35:00,11:05:00,2019-02-03 17:33:54,4.3,910,30
2813,TV6257,CA1947,07:35:00,11:05:00,2019-02-04 16:33:12,4.3,910,29
2863,TV6257,CA1947,07:35:00,11:05:00,2019-02-05 16:17:08,4.3,910,28
2911,TV6257,CA1947,07:35:00,11:05:00,2019-02-06 14:41:53,4.3,910,27
2960,TV6257,CA1947,07:35:00,11:05:00,2019-02-07 16:29:21,4.3,910,26
3009,TV6257,CA1947,07:35:00,11:05:00,2019-02-08 14:50:15,4.3,910,25
3058,TV6257,CA1947,07:35:00,11:05:00,2019-02-09 15:08:22,4.3,910,24
3116,TV6257,CA1947,07:35:00,11:05:00,2019-02-10 17:01:47,4.3,910,23
3177,TV6257,CA1947,07:35:00,11:05:00,2019-02-11 17:08:19,4.3,910,22
3206,TV6257,CA1947,07:35:00,11:05:00,2019-02-12 16:04:30,4.3,910,21
3246,TV6257,CA1947,07:35:00,11:05:00,2019-02-13 14:30:12,4.3,910,20
3286,TV6257,CA1947,07:35:00,11:05:00,2019-02-14 16:33:01,4.3,910,19
3369,TV6257,CA1947,07:35:00,11:05:00,2019-02-15 16:07:50,4.3,910,18
3410,TV6257,CA1947,07:35:00,11:05:00,2019-02-16 16:34:05,4.3,910,17
3473,TV6257,CA1947,07:35:00,11:05:00,2019-02-17 17:25:24,4.3,910,16
3483,TV6257,CA1947,07:35:00,11:05:00,2019-02-18 16:21:58,4.3,910,15
3571,TV6257,CA1947,07:35:00,11:05:00,2019-02-19 14:36:15,4.3,910,14
3605,TV6257,CA1947,07:35:00,11:05:00,2019-02-20 14:48:23,4.3,910,13
3669,TV6257,CA1947,07:35:00,11:05:00,2019-02-21 15:14:42,4.3,910,12
3704,TV6257,CA1947,07:35:00,11:05:00,2019-02-22 16:52:44,4.3,910,11
3744,TV6257,CA1947,07:35:00,11:05:00,2019-02-23 16:55:58,4.3,910,10
3780,TV6257,CA1947,07:35:00,11:05:00,2019-02-24 16:30:15,4.3,910,9
3865,TV6257,CA1947,07:35:00,11:05:00,2019-02-25 17:38:35,4.3,910,8
3900,TV6257,CA1947,07:35:00,11:05:00,2019-02-26 16:16:55,4.3,910,7
3934,TV6257,CA1947,07:35:00,11:05:00,2019-02-27 16:43:30,4.3,910,6
3991,TV6257,CA1947,07:35:00,11:05:00,2019-02-28 16:04:06,4.3,910,5
4046,TV6257,CA1947,07:35:00,11:05:00,2019-03-01 15:18:39,4.3,910,4
4103,TV6257,CA1947,07:35:00,11:05:00,2019-03-02 14:32:34,4.3,910,3
4158,TV6257,CA1947,07:35:00,11:05:00,2019-03-03 14:20:23,4.3,910,2
4214,TV6257,CA1947,07:35:00,11:05:00,2019-03-04 15:52:36,4.3,910,1
4270,TV6257,CA1947,07:35:00,11:05:00,2019-03-05 14:28:37,6.1,1290,0
2047,TV6259,CA1949,16:00:00,19:35:00,2019-01-19 15:14:28,4.3,910,45
2093,TV6259,CA1949,16:00:00,19:35:00,2019-01-20 15:06:09,4.3,910,44
2140,TV6259,CA1949,16:00:00,19:35:00,2019-01-21 14:51:06,4.3,910,43
2170,TV6259,CA1949,16:00:00,19:35:00,2019-01-22 17:06:35,4.3,910,42
2251,TV6259,CA1949,16:00:00,19:35:00,2019-01-23 15:42:12,4.3,910,41
2282,TV6259,CA1949,16:00:00,19:35:00,2019-01-24 15:50:34,4.3,910,40
2322,TV6259,CA1949,16:00:00,19:35:00,2019-01-25 15:31:46,4.3,910,39
2376,TV6259,CA1949,16:00:00,19:35:00,2019-01-26 14:52:19,4.3,910,38
2425,TV6259,CA1949,16:00:00,19:35:00,2019-01-27 15:37:26,4.3,910,37
2474,TV6259,CA1949,16:00:00,19:35:00,2019-01-28 17:28:51,4.3,910,36
2523,TV6259,CA1949,16:00:00,19:35:00,2019-01-29 14:53:03,4.3,910,35
2572,TV6259,CA1949,16:00:00,19:35:00,2019-01-30 14:52:33,4.3,910,34
2621,TV6259,CA1949,16:00:00,19:35:00,2019-01-31 15:58:50,4.3,910,33
2670,TV6259,CA1949,16:00:00,19:35:00,2019-02-01 16:30:25,4.3,910,32
2719,TV6259,CA1949,16:00:00,19:35:00,2019-02-02 16:47:31,4.3,910,31
2753,TV6259,CA1949,16:00:00,19:35:00,2019-02-03 17:33:54,4.3,910,30
2816,TV6259,CA1949,16:00:00,19:35:00,2019-02-04 16:33:12,4.3,910,29
2866,TV6259,CA1949,16:00:00,19:35:00,2019-02-05 16:17:08,4.3,910,28
2914,TV6259,CA1949,16:00:00,19:35:00,2019-02-06 14:41:53,4.3,910,27
2963,TV6259,CA1949,16:00:00,19:35:00,2019-02-07 16:29:21,4.3,910,26
3012,TV6259,CA1949,16:00:00,19:35:00,2019-02-08 14:50:15,4.3,910,25
3061,TV6259,CA1949,16:00:00,19:35:00,2019-02-09 15:08:22,4.3,910,24
3113,TV6259,CA1949,16:00:00,19:35:00,2019-02-10 17:01:47,4.3,910,23
3174,TV6259,CA1949,16:00:00,19:35:00,2019-02-11 17:08:19,4.3,910,22
3210,TV6259,CA1949,16:00:00,19:35:00,2019-02-12 16:04:30,4.3,910,21
3243,TV6259,CA1949,16:00:00,19:35:00,2019-02-13 14:30:12,4.3,910,20
3289,TV6259,CA1949,16:00:00,19:35:00,2019-02-14 16:33:01,4.3,910,19
3372,TV6259,CA1949,16:00:00,19:35:00,2019-02-15 16:07:50,4.3,910,18
3407,TV6259,CA1949,16:00:00,19:35:00,2019-02-16 16:34:05,4.3,910,17
3470,TV6259,CA1949,16:00:00,19:35:00,2019-02-17 17:25:24,4.3,910,16
3480,TV6259,CA1949,16:00:00,19:35:00,2019-02-18 16:21:58,4.3,910,15
3568,TV6259,CA1949,16:00:00,19:35:00,2019-02-19 14:36:15,4.3,910,14
3602,TV6259,CA1949,16:00:00,19:35:00,2019-02-20 14:48:23,4.3,910,13
3666,TV6259,CA1949,16:00:00,19:35:00,2019-02-21 15:14:42,4.3,910,12
3701,TV6259,CA1949,16:00:00,19:35:00,2019-02-22 16:52:44,4.3,910,11
3747,TV6259,CA1949,16:00:00,19:35:00,2019-02-23 16:55:58,4.3,910,10
3783,TV6259,CA1949,16:00:00,19:35:00,2019-02-24 16:30:15,4.3,910,9
3861,TV6259,CA1949,16:00:00,19:35:00,2019-02-25 17:38:35,4.3,910,8
3897,TV6259,CA1949,16:00:00,19:35:00,2019-02-26 16:16:55,4.3,910,7
3962,TV6259,CA1949,16:00:00,19:35:00,2019-02-27 16:43:30,4.3,910,6
4018,TV6259,CA1949,16:00:00,19:35:00,2019-02-28 16:04:06,4.3,910,5
4074,TV6259,CA1949,16:00:00,19:35:00,2019-03-01 15:18:39,4.3,910,4
4129,TV6259,CA1949,16:00:00,19:35:00,2019-03-02 14:32:34,4.3,910,3
4185,TV6259,CA1949,16:00:00,19:35:00,2019-03-03 14:20:23,4.3,910,2
4241,TV6259,CA1949,16:00:00,19:35:00,2019-03-04 15:52:36,4.3,910,1
4308,TV6259,CA1949,16:00:00,19:35:00,2019-03-05 14:28:37,6.1,1290,0
2027,TV6432,CA4504,11:55:00,15:30:00,2019-01-19 15:14:28,4.3,910,45
2074,TV6432,CA4504,11:55:00,15:30:00,2019-01-20 15:06:09,4.3,910,44
2121,TV6432,CA4504,11:55:00,15:30:00,2019-01-21 14:51:06,4.3,910,43
2179,TV6432,CA4504,11:55:00,15:30:00,2019-01-22 17:06:35,4.3,910,42
2224,TV6432,CA4504,11:55:00,15:30:00,2019-01-23 15:42:12,4.3,910,41
2301,TV6432,CA4504,11:55:00,15:30:00,2019-01-24 15:50:34,4.3,910,40
2336,TV6432,CA4504,11:55:00,15:30:00,2019-01-25 15:31:46,4.3,910,39
2354,TV6432,CA4504,11:55:00,15:30:00,2019-01-26 14:52:19,4.3,910,38
2403,TV6432,CA4504,11:55:00,15:30:00,2019-01-27 15:37:26,4.3,910,37
2452,TV6432,CA4504,11:55:00,15:30:00,2019-01-28 17:28:51,4.3,910,36
2501,TV6432,CA4504,11:55:00,15:30:00,2019-01-29 14:53:03,4.3,910,35
2550,TV6432,CA4504,11:55:00,15:30:00,2019-01-30 14:52:33,4.3,910,34
2599,TV6432,CA4504,11:55:00,15:30:00,2019-01-31 15:58:50,4.3,910,33
2648,TV6432,CA4504,11:55:00,15:30:00,2019-02-01 16:30:25,4.3,910,32
2697,TV6432,CA4504,11:55:00,15:30:00,2019-02-02 16:47:31,4.3,910,31
2779,TV6432,CA4504,11:55:00,15:30:00,2019-02-03 17:33:54,4.3,910,30
2794,TV6432,CA4504,11:55:00,15:30:00,2019-02-04 16:33:12,4.3,910,29
2844,TV6432,CA4504,11:55:00,15:30:00,2019-02-05 16:17:08,4.3,910,28
2892,TV6432,CA4504,11:55:00,15:30:00,2019-02-06 14:41:53,4.3,910,27
2941,TV6432,CA4504,11:55:00,15:30:00,2019-02-07 16:29:21,4.3,910,26
2990,TV6432,CA4504,11:55:00,15:30:00,2019-02-08 14:50:15,4.3,910,25
3039,TV6432,CA4504,11:55:00,15:30:00,2019-02-09 15:08:22,4.3,910,24
3134,TV6432,CA4504,11:55:00,15:30:00,2019-02-10 17:01:47,4.3,910,23
3152,TV6432,CA4504,11:55:00,15:30:00,2019-02-11 17:08:19,4.3,910,22
3187,TV6432,CA4504,11:55:00,15:30:00,2019-02-12 16:04:30,4.3,910,21
3253,TV6432,CA4504,11:55:00,15:30:00,2019-02-13 14:30:12,4.3,910,20
3316,TV6432,CA4504,11:55:00,15:30:00,2019-02-14 16:33:01,4.3,910,19
3334,TV6432,CA4504,11:55:00,15:30:00,2019-02-15 16:07:50,4.3,910,18
3428,TV6432,CA4504,11:55:00,15:30:00,2019-02-16 16:34:05,4.3,910,17
3440,TV6432,CA4504,11:55:00,15:30:00,2019-02-17 17:25:24,4.3,910,16
3502,TV6432,CA4504,11:55:00,15:30:00,2019-02-18 16:21:58,4.3,910,15
3539,TV6432,CA4504,11:55:00,15:30:00,2019-02-19 14:36:15,4.3,910,14
3624,TV6432,CA4504,11:55:00,15:30:00,2019-02-20 14:48:23,5.4,1140,13
3628,TV6432,CA4504,11:55:00,15:30:00,2019-02-21 15:14:42,5.4,1140,12
3722,TV6432,CA4504,11:55:00,15:30:00,2019-02-22 16:52:44,5.4,1140,11
3726,TV6432,CA4504,11:55:00,15:30:00,2019-02-23 16:55:58,5.4,1140,10
3820,TV6432,CA4504,11:55:00,15:30:00,2019-02-24 16:30:15,5.4,1140,9
3849,TV6432,CA4504,11:55:00,15:30:00,2019-02-25 17:38:35,4.3,910,8
3918,TV6432,CA4504,11:55:00,15:30:00,2019-02-26 16:16:55,4.3,910,7
3923,TV6432,CA4504,11:55:00,15:30:00,2019-02-27 16:43:30,4.3,910,6
3980,TV6432,CA4504,11:55:00,15:30:00,2019-02-28 16:04:06,4.3,910,5
4035,TV6432,CA4504,11:55:00,15:30:00,2019-03-01 15:18:39,4.3,910,4
4092,TV6432,CA4504,11:55:00,15:30:00,2019-03-02 14:32:34,4.3,910,3
4146,TV6432,CA4504,11:55:00,15:30:00,2019-03-03 14:20:23,4.3,910,2
4204,TV6432,CA4504,11:55:00,15:30:00,2019-03-04 15:52:36,4.3,910,1
4259,TV6432,CA4504,11:55:00,15:30:00,2019-03-05 14:28:37,6.1,1290,0
2072,TV6440,CA4514,14:30:00,18:10:00,2019-01-19 15:14:28,4.3,910,45
2118,TV6440,CA4514,14:30:00,18:10:00,2019-01-20 15:06:09,4.3,910,44
2164,TV6440,CA4514,14:30:00,18:10:00,2019-01-21 14:51:06,4.3,910,43
2210,TV6440,CA4514,14:30:00,18:10:00,2019-01-22 17:06:35,4.3,910,42
2226,TV6440,CA4514,14:30:00,18:10:00,2019-01-23 15:42:12,4.3,910,41
2258,TV6440,CA4514,14:30:00,18:10:00,2019-01-24 15:50:34,4.3,910,40
2303,TV6440,CA4514,14:30:00,18:10:00,2019-01-25 15:31:46,4.3,910,39
2400,TV6440,CA4514,14:30:00,18:10:00,2019-01-26 14:52:19,4.3,910,38
2401,TV6440,CA4514,14:30:00,18:10:00,2019-01-27 15:37:26,4.3,910,37
2498,TV6440,CA4514,14:30:00,18:10:00,2019-01-28 17:28:51,4.3,910,36
2499,TV6440,CA4514,14:30:00,18:10:00,2019-01-29 14:53:03,4.3,910,35
2596,TV6440,CA4514,14:30:00,18:10:00,2019-01-30 14:52:33,4.3,910,34
2633,TV6440,CA4514,14:30:00,18:10:00,2019-01-31 15:58:50,4.3,910,33
2646,TV6440,CA4514,14:30:00,18:10:00,2019-02-01 16:30:25,4.3,910,32
2695,TV6440,CA4514,14:30:00,18:10:00,2019-02-02 16:47:31,4.3,910,31
2777,TV6440,CA4514,14:30:00,18:10:00,2019-02-03 17:33:54,4.3,910,30
2818,TV6440,CA4514,14:30:00,18:10:00,2019-02-04 16:33:12,4.3,910,29
2890,TV6440,CA4514,14:30:00,18:10:00,2019-02-05 16:17:08,4.3,910,28
2939,TV6440,CA4514,14:30:00,18:10:00,2019-02-06 14:41:53,4.3,910,27
2988,TV6440,CA4514,14:30:00,18:10:00,2019-02-07 16:29:21,4.3,910,26
3037,TV6440,CA4514,14:30:00,18:10:00,2019-02-08 14:50:15,4.3,910,25
3086,TV6440,CA4514,14:30:00,18:10:00,2019-02-09 15:08:22,4.3,910,24
3088,TV6440,CA4514,14:30:00,18:10:00,2019-02-10 17:01:47,4.3,910,23
3184,TV6440,CA4514,14:30:00,18:10:00,2019-02-11 17:08:19,4.3,910,22
3209,TV6440,CA4514,14:30:00,18:10:00,2019-02-12 16:04:30,4.3,910,21
3282,TV6440,CA4514,14:30:00,18:10:00,2019-02-13 14:30:12,4.3,910,20
3314,TV6440,CA4514,14:30:00,18:10:00,2019-02-14 16:33:01,4.3,910,19
3362,TV6440,CA4514,14:30:00,18:10:00,2019-02-15 16:07:50,4.3,910,18
3382,TV6440,CA4514,14:30:00,18:10:00,2019-02-16 16:34:05,4.3,910,17
3453,TV6440,CA4514,14:30:00,18:10:00,2019-02-17 17:25:24,4.3,910,16
3504,TV6440,CA4514,14:30:00,18:10:00,2019-02-18 16:21:58,4.3,910,15
3543,TV6440,CA4514,14:30:00,18:10:00,2019-02-19 14:36:15,4.3,910,14
3578,TV6440,CA4514,14:30:00,18:10:00,2019-02-20 14:48:23,4.3,910,13
3650,TV6440,CA4514,14:30:00,18:10:00,2019-02-21 15:14:42,4.3,910,12
3676,TV6440,CA4514,14:30:00,18:10:00,2019-02-22 16:52:44,4.3,910,11
3772,TV6440,CA4514,14:30:00,18:10:00,2019-02-23 16:55:58,4.3,910,10
3807,TV6440,CA4514,14:30:00,18:10:00,2019-02-24 16:30:15,4.3,910,9
3836,TV6440,CA4514,14:30:00,18:10:00,2019-02-25 17:38:35,4.3,910,8
3872,TV6440,CA4514,14:30:00,18:10:00,2019-02-26 16:16:55,4.3,910,7
3920,TV6440,CA4514,14:30:00,18:10:00,2019-02-27 16:43:30,4.3,910,6
4031,TV6440,CA4514,14:30:00,18:10:00,2019-02-28 16:04:06,4.3,910,5
4032,TV6440,CA4514,14:30:00,18:10:00,2019-03-01 15:18:39,4.3,910,4
4143,TV6440,CA4514,14:30:00,18:10:00,2019-03-02 14:32:34,4.3,910,3
4199,TV6440,CA4514,14:30:00,18:10:00,2019-03-03 14:20:23,4.3,910,2
4255,TV6440,CA4514,14:30:00,18:10:00,2019-03-04 15:52:36,4.3,910,1
4294,TV6440,CA4514,14:30:00,18:10:00,2019-03-05 14:28:37,6.1,1290,0
2048,TV6456,CA4536,21:30:00,00:55:00,2019-01-19 15:14:28,4.3,910,45
2094,TV6456,CA4536,21:30:00,00:55:00,2019-01-20 15:06:09,4.3,910,44
2141,TV6456,CA4536,21:30:00,00:55:00,2019-01-21 14:51:06,4.3,910,43
2171,TV6456,CA4536,21:30:00,00:55:00,2019-01-22 17:06:35,4.3,910,42
2250,TV6456,CA4536,21:30:00,00:55:00,2019-01-23 15:42:12,4.3,910,41
2281,TV6456,CA4536,21:30:00,00:55:00,2019-01-24 15:50:34,4.3,910,40
2324,TV6456,CA4536,21:30:00,00:55:00,2019-01-25 15:31:46,4.3,910,39
2377,TV6456,CA4536,21:30:00,00:55:00,2019-01-26 14:52:19,4.3,910,38
2426,TV6456,CA4536,21:30:00,00:55:00,2019-01-27 15:37:26,4.3,910,37
2476,TV6456,CA4536,21:30:00,00:55:00,2019-01-28 17:28:51,4.3,910,36
2525,TV6456,CA4536,21:30:00,00:55:00,2019-01-29 14:53:03,4.3,910,35
2573,TV6456,CA4536,21:30:00,00:55:00,2019-01-30 14:52:33,4.3,910,34
2623,TV6456,CA4536,21:30:00,00:55:00,2019-01-31 15:58:50,4.3,910,33
2672,TV6456,CA4536,21:30:00,00:55:00,2019-02-01 16:30:25,4.3,910,32
2720,TV6456,CA4536,21:30:00,00:55:00,2019-02-02 16:47:31,4.3,910,31
2755,TV6456,CA4536,21:30:00,00:55:00,2019-02-03 17:33:54,4.3,910,30
2817,TV6456,CA4536,21:30:00,00:55:00,2019-02-04 16:33:12,4.3,910,29
2868,TV6456,CA4536,21:30:00,00:55:00,2019-02-05 16:17:08,4.3,910,28
2916,TV6456,CA4536,21:30:00,00:55:00,2019-02-06 14:41:53,4.3,910,27
2964,TV6456,CA4536,21:30:00,00:55:00,2019-02-07 16:29:21,4.3,910,26
3014,TV6456,CA4536,21:30:00,00:55:00,2019-02-08 14:50:15,4.3,910,25
3063,TV6456,CA4536,21:30:00,00:55:00,2019-02-09 15:08:22,4.3,910,24
3111,TV6456,CA4536,21:30:00,00:55:00,2019-02-10 17:01:47,4.3,910,23
3172,TV6456,CA4536,21:30:00,00:55:00,2019-02-11 17:08:19,4.3,910,22
3212,TV6456,CA4536,21:30:00,00:55:00,2019-02-12 16:04:30,4.3,910,21
3241,TV6456,CA4536,21:30:00,00:55:00,2019-02-13 14:30:12,4.3,910,20
3291,TV6456,CA4536,21:30:00,00:55:00,2019-02-14 16:33:01,4.3,910,19
3374,TV6456,CA4536,21:30:00,00:55:00,2019-02-15 16:07:50,4.3,910,18
3405,TV6456,CA4536,21:30:00,00:55:00,2019-02-16 16:34:05,4.3,910,17
3468,TV6456,CA4536,21:30:00,00:55:00,2019-02-17 17:25:24,4.3,910,16
3526,TV6456,CA4536,21:30:00,00:55:00,2019-02-18 16:21:58,4.3,910,15
3566,TV6456,CA4536,21:30:00,00:55:00,2019-02-19 14:36:15,4.3,910,14
3600,TV6456,CA4536,21:30:00,00:55:00,2019-02-20 14:48:23,4.3,910,13
3664,TV6456,CA4536,21:30:00,00:55:00,2019-02-21 15:14:42,4.3,910,12
3699,TV6456,CA4536,21:30:00,00:55:00,2019-02-22 16:52:44,4.3,910,11
3749,TV6456,CA4536,21:30:00,00:55:00,2019-02-23 16:55:58,4.3,910,10
3785,TV6456,CA4536,21:30:00,00:55:00,2019-02-24 16:30:15,4.3,910,9
3859,TV6456,CA4536,21:30:00,00:55:00,2019-02-25 17:38:35,4.3,910,8
3896,TV6456,CA4536,21:30:00,00:55:00,2019-02-26 16:16:55,4.3,910,7
3964,TV6456,CA4536,21:30:00,00:55:00,2019-02-27 16:43:30,4.3,910,6
4020,TV6456,CA4536,21:30:00,00:55:00,2019-02-28 16:04:06,4.3,910,5
4076,TV6456,CA4536,21:30:00,00:55:00,2019-03-01 15:18:39,4.3,910,4
4131,TV6456,CA4536,21:30:00,00:55:00,2019-03-02 14:32:34,4.3,910,3
4187,TV6456,CA4536,21:30:00,00:55:00,2019-03-03 14:20:23,4.3,910,2
4243,TV6456,CA4536,21:30:00,00:55:00,2019-03-04 15:52:36,4.3,910,1
4307,TV6456,CA4536,21:30:00,00:55:00,2019-03-05 14:28:37,4.3,910,0
4316,TV6456,CA4536,21:30:00,00:55:00,2019-03-06 15:36:42,4.3,910,0
2060,TV6482,CA4592,09:20:00,12:55:00,2019-01-19 15:14:28,5.4,1140,45
2106,TV6482,CA4592,09:20:00,12:55:00,2019-01-20 15:06:09,5.4,1140,44
2153,TV6482,CA4592,09:20:00,12:55:00,2019-01-21 14:51:06,5.4,1140,43
2198,TV6482,CA4592,09:20:00,12:55:00,2019-01-22 17:06:35,5.4,1140,42
2238,TV6482,CA4592,09:20:00,12:55:00,2019-01-23 15:42:12,5.4,1140,41
2269,TV6482,CA4592,09:20:00,12:55:00,2019-01-24 15:50:34,5.4,1140,40
2340,TV6482,CA4592,09:20:00,12:55:00,2019-01-25 15:31:46,5.4,1140,39
2389,TV6482,CA4592,09:20:00,12:55:00,2019-01-26 14:52:19,5.4,1140,38
2438,TV6482,CA4592,09:20:00,12:55:00,2019-01-27 15:37:26,5.4,1140,37
2486,TV6482,CA4592,09:20:00,12:55:00,2019-01-28 17:28:51,5.4,1140,36
2536,TV6482,CA4592,09:20:00,12:55:00,2019-01-29 14:53:03,5.4,1140,35
2585,TV6482,CA4592,09:20:00,12:55:00,2019-01-30 14:52:33,5.4,1140,34
2635,TV6482,CA4592,09:20:00,12:55:00,2019-01-31 15:58:50,5.4,1140,33
2683,TV6482,CA4592,09:20:00,12:55:00,2019-02-01 16:30:25,5.4,1140,32
2732,TV6482,CA4592,09:20:00,12:55:00,2019-02-02 16:47:31,5.4,1140,31
2766,TV6482,CA4592,09:20:00,12:55:00,2019-02-03 17:33:54,5.4,1140,30
2830,TV6482,CA4592,09:20:00,12:55:00,2019-02-04 16:33:12,5.4,1140,29
2879,TV6482,CA4592,09:20:00,12:55:00,2019-02-05 16:17:08,5.4,1140,28
2927,TV6482,CA4592,09:20:00,12:55:00,2019-02-06 14:41:53,5.4,1140,27
2976,TV6482,CA4592,09:20:00,12:55:00,2019-02-07 16:29:21,5.4,1140,26
3025,TV6482,CA4592,09:20:00,12:55:00,2019-02-08 14:50:15,5.4,1140,25
3074,TV6482,CA4592,09:20:00,12:55:00,2019-02-09 15:08:22,5.4,1140,24
3100,TV6482,CA4592,09:20:00,12:55:00,2019-02-10 17:01:47,5.4,1140,23
3145,TV6482,CA4592,09:20:00,12:55:00,2019-02-11 17:08:19,4.3,910,22
3223,TV6482,CA4592,09:20:00,12:55:00,2019-02-12 16:04:30,4.3,910,21
3270,TV6482,CA4592,09:20:00,12:55:00,2019-02-13 14:30:12,4.3,910,20
3302,TV6482,CA4592,09:20:00,12:55:00,2019-02-14 16:33:01,4.3,910,19
3350,TV6482,CA4592,09:20:00,12:55:00,2019-02-15 16:07:50,4.3,910,18
3394,TV6482,CA4592,09:20:00,12:55:00,2019-02-16 16:34:05,4.3,910,17
3457,TV6482,CA4592,09:20:00,12:55:00,2019-02-17 17:25:24,4.3,910,16
3516,TV6482,CA4592,09:20:00,12:55:00,2019-02-18 16:21:58,4.3,910,15
3555,TV6482,CA4592,09:20:00,12:55:00,2019-02-19 14:36:15,4.3,910,14
3590,TV6482,CA4592,09:20:00,12:55:00,2019-02-20 14:48:23,4.3,910,13
3653,TV6482,CA4592,09:20:00,12:55:00,2019-02-21 15:14:42,4.3,910,12
3688,TV6482,CA4592,09:20:00,12:55:00,2019-02-22 16:52:44,4.3,910,11
3760,TV6482,CA4592,09:20:00,12:55:00,2019-02-23 16:55:58,4.3,910,10
3796,TV6482,CA4592,09:20:00,12:55:00,2019-02-24 16:30:15,4.3,910,9
3823,TV6482,CA4592,09:20:00,12:55:00,2019-02-25 17:38:35,4.3,910,8
3884,TV6482,CA4592,09:20:00,12:55:00,2019-02-26 16:16:55,4.3,910,7
3945,TV6482,CA4592,09:20:00,12:55:00,2019-02-27 16:43:30,4.3,910,6
4002,TV6482,CA4592,09:20:00,12:55:00,2019-02-28 16:04:06,4.3,910,5
4057,TV6482,CA4592,09:20:00,12:55:00,2019-03-01 15:18:39,4.3,910,4
4114,TV6482,CA4592,09:20:00,12:55:00,2019-03-02 14:32:34,4.3,910,3
4169,TV6482,CA4592,09:20:00,12:55:00,2019-03-03 14:20:23,4.3,910,2
4225,TV6482,CA4592,09:20:00,12:55:00,2019-03-04 15:52:36,4.3,910,1
4291,TV6482,CA4592,09:20:00,12:55:00,2019-03-05 14:28:37,6.1,1290,0
2045,ZH1947,CA1947,07:35:00,11:05:00,2019-01-19 15:14:28,4.2,900,45
2091,ZH1947,CA1947,07:35:00,11:05:00,2019-01-20 15:06:09,4.2,900,44
2138,ZH1947,CA1947,07:35:00,11:05:00,2019-01-21 14:51:06,4.2,900,43
2168,ZH1947,CA1947,07:35:00,11:05:00,2019-01-22 17:06:35,4.2,900,42
2253,ZH1947,CA1947,07:35:00,11:05:00,2019-01-23 15:42:12,4.2,900,41
2284,ZH1947,CA1947,07:35:00,11:05:00,2019-01-24 15:50:34,4.2,900,40
2320,ZH1947,CA1947,07:35:00,11:05:00,2019-01-25 15:31:46,4.2,900,39
2374,ZH1947,CA1947,07:35:00,11:05:00,2019-01-26 14:52:19,4.2,900,38
2423,ZH1947,CA1947,07:35:00,11:05:00,2019-01-27 15:37:26,4.2,900,37
2472,ZH1947,CA1947,07:35:00,11:05:00,2019-01-28 17:28:51,4.2,900,36
2521,ZH1947,CA1947,07:35:00,11:05:00,2019-01-29 14:53:03,4.2,900,35
2570,ZH1947,CA1947,07:35:00,11:05:00,2019-01-30 14:52:33,4.2,900,34
2619,ZH1947,CA1947,07:35:00,11:05:00,2019-01-31 15:58:50,4.2,900,33
2668,ZH1947,CA1947,07:35:00,11:05:00,2019-02-01 16:30:25,4.2,900,32
2717,ZH1947,CA1947,07:35:00,11:05:00,2019-02-02 16:47:31,4.2,900,31
2751,ZH1947,CA1947,07:35:00,11:05:00,2019-02-03 17:33:54,4.2,900,30
2814,ZH1947,CA1947,07:35:00,11:05:00,2019-02-04 16:33:12,4.2,900,29
2864,ZH1947,CA1947,07:35:00,11:05:00,2019-02-05 16:17:08,4.2,900,28
2912,ZH1947,CA1947,07:35:00,11:05:00,2019-02-06 14:41:53,4.2,900,27
2961,ZH1947,CA1947,07:35:00,11:05:00,2019-02-07 16:29:21,4.2,900,26
3010,ZH1947,CA1947,07:35:00,11:05:00,2019-02-08 14:50:15,4.2,900,25
3059,ZH1947,CA1947,07:35:00,11:05:00,2019-02-09 15:08:22,4.2,900,24
3115,ZH1947,CA1947,07:35:00,11:05:00,2019-02-10 17:01:47,4.2,900,23
3176,ZH1947,CA1947,07:35:00,11:05:00,2019-02-11 17:08:19,4.2,900,22
3207,ZH1947,CA1947,07:35:00,11:05:00,2019-02-12 16:04:30,4.2,900,21
3245,ZH1947,CA1947,07:35:00,11:05:00,2019-02-13 14:30:12,4.2,900,20
3287,ZH1947,CA1947,07:35:00,11:05:00,2019-02-14 16:33:01,3.3,700,19
3370,ZH1947,CA1947,07:35:00,11:05:00,2019-02-15 16:07:50,3.3,700,18
3409,ZH1947,CA1947,07:35:00,11:05:00,2019-02-16 16:34:05,3.3,700,17
3472,ZH1947,CA1947,07:35:00,11:05:00,2019-02-17 17:25:24,3.3,700,16
3482,ZH1947,CA1947,07:35:00,11:05:00,2019-02-18 16:21:58,3.3,700,15
3570,ZH1947,CA1947,07:35:00,11:05:00,2019-02-19 14:36:15,3.3,700,14
3604,ZH1947,CA1947,07:35:00,11:05:00,2019-02-20 14:48:23,3.3,700,13
3668,ZH1947,CA1947,07:35:00,11:05:00,2019-02-21 15:14:42,3.3,700,12
3703,ZH1947,CA1947,07:35:00,11:05:00,2019-02-22 16:52:44,3.3,700,11
3745,ZH1947,CA1947,07:35:00,11:05:00,2019-02-23 16:55:58,3.3,700,10
3781,ZH1947,CA1947,07:35:00,11:05:00,2019-02-24 16:30:15,3.3,700,9
3863,ZH1947,CA1947,07:35:00,11:05:00,2019-02-25 17:38:35,3.3,700,8
3899,ZH1947,CA1947,07:35:00,11:05:00,2019-02-26 16:16:55,3.3,700,7
3935,ZH1947,CA1947,07:35:00,11:05:00,2019-02-27 16:43:30,3.7,780,6
3992,ZH1947,CA1947,07:35:00,11:05:00,2019-02-28 16:04:06,3.3,700,5
4047,ZH1947,CA1947,07:35:00,11:05:00,2019-03-01 15:18:39,3.7,780,4
4104,ZH1947,CA1947,07:35:00,11:05:00,2019-03-02 14:32:34,4.2,900,3
4159,ZH1947,CA1947,07:35:00,11:05:00,2019-03-03 14:20:23,3.7,780,2
4215,ZH1947,CA1947,07:35:00,11:05:00,2019-03-04 15:52:36,3.7,780,1
4271,ZH1947,CA1947,07:35:00,11:05:00,2019-03-05 14:28:37,6.0,1280,0
2032,ZH1949,CA1949,16:00:00,19:35:00,2019-01-19 15:14:28,4.2,900,45
2079,ZH1949,CA1949,16:00:00,19:35:00,2019-01-20 15:06:09,4.2,900,44
2126,ZH1949,CA1949,16:00:00,19:35:00,2019-01-21 14:51:06,4.2,900,43
2184,ZH1949,CA1949,16:00:00,19:35:00,2019-01-22 17:06:35,4.2,900,42
2219,ZH1949,CA1949,16:00:00,19:35:00,2019-01-23 15:42:12,4.2,900,41
2296,ZH1949,CA1949,16:00:00,19:35:00,2019-01-24 15:50:34,4.2,900,40
2306,ZH1949,CA1949,16:00:00,19:35:00,2019-01-25 15:31:46,4.2,900,39
2360,ZH1949,CA1949,16:00:00,19:35:00,2019-01-26 14:52:19,4.2,900,38
2409,ZH1949,CA1949,16:00:00,19:35:00,2019-01-27 15:37:26,4.2,900,37
2458,ZH1949,CA1949,16:00:00,19:35:00,2019-01-28 17:28:51,4.2,900,36
2507,ZH1949,CA1949,16:00:00,19:35:00,2019-01-29 14:53:03,4.2,900,35
2556,ZH1949,CA1949,16:00:00,19:35:00,2019-01-30 14:52:33,4.2,900,34
2605,ZH1949,CA1949,16:00:00,19:35:00,2019-01-31 15:58:50,4.2,900,33
2654,ZH1949,CA1949,16:00:00,19:35:00,2019-02-01 16:30:25,4.2,900,32
2703,ZH1949,CA1949,16:00:00,19:35:00,2019-02-02 16:47:31,4.2,900,31
2785,ZH1949,CA1949,16:00:00,19:35:00,2019-02-03 17:33:54,4.2,900,30
2800,ZH1949,CA1949,16:00:00,19:35:00,2019-02-04 16:33:12,4.2,900,29
2850,ZH1949,CA1949,16:00:00,19:35:00,2019-02-05 16:17:08,4.2,900,28
2898,ZH1949,CA1949,16:00:00,19:35:00,2019-02-06 14:41:53,4.2,900,27
2947,ZH1949,CA1949,16:00:00,19:35:00,2019-02-07 16:29:21,4.2,900,26
2996,ZH1949,CA1949,16:00:00,19:35:00,2019-02-08 14:50:15,4.2,900,25
3045,ZH1949,CA1949,16:00:00,19:35:00,2019-02-09 15:08:22,4.2,900,24
3128,ZH1949,CA1949,16:00:00,19:35:00,2019-02-10 17:01:47,4.2,900,23
3158,ZH1949,CA1949,16:00:00,19:35:00,2019-02-11 17:08:19,4.2,900,22
3193,ZH1949,CA1949,16:00:00,19:35:00,2019-02-12 16:04:30,4.2,900,21
3259,ZH1949,CA1949,16:00:00,19:35:00,2019-02-13 14:30:12,4.2,900,20
3322,ZH1949,CA1949,16:00:00,19:35:00,2019-02-14 16:33:01,3.3,700,19
3340,ZH1949,CA1949,16:00:00,19:35:00,2019-02-15 16:07:50,3.3,700,18
3422,ZH1949,CA1949,16:00:00,19:35:00,2019-02-16 16:34:05,3.3,700,17
3431,ZH1949,CA1949,16:00:00,19:35:00,2019-02-17 17:25:24,3.3,700,16
3496,ZH1949,CA1949,16:00:00,19:35:00,2019-02-18 16:21:58,3.3,700,15
3531,ZH1949,CA1949,16:00:00,19:35:00,2019-02-19 14:36:15,3.3,700,14
3618,ZH1949,CA1949,16:00:00,19:35:00,2019-02-20 14:48:23,3.3,700,13
3634,ZH1949,CA1949,16:00:00,19:35:00,2019-02-21 15:14:42,3.3,700,12
3716,ZH1949,CA1949,16:00:00,19:35:00,2019-02-22 16:52:44,3.3,700,11
3732,ZH1949,CA1949,16:00:00,19:35:00,2019-02-23 16:55:58,3.3,700,10
3814,ZH1949,CA1949,16:00:00,19:35:00,2019-02-24 16:30:15,3.3,700,9
3843,ZH1949,CA1949,16:00:00,19:35:00,2019-02-25 17:38:35,3.3,700,8
3912,ZH1949,CA1949,16:00:00,19:35:00,2019-02-26 16:16:55,3.7,780,7
3925,ZH1949,CA1949,16:00:00,19:35:00,2019-02-27 16:43:30,3.7,780,6
3982,ZH1949,CA1949,16:00:00,19:35:00,2019-02-28 16:04:06,3.7,780,5
4037,ZH1949,CA1949,16:00:00,19:35:00,2019-03-01 15:18:39,3.7,780,4
4094,ZH1949,CA1949,16:00:00,19:35:00,2019-03-02 14:32:34,4.2,900,3
4148,ZH1949,CA1949,16:00:00,19:35:00,2019-03-03 14:20:23,3.7,780,2
4206,ZH1949,CA1949,16:00:00,19:35:00,2019-03-04 15:52:36,3.7,780,1
4261,ZH1949,CA1949,16:00:00,19:35:00,2019-03-05 14:28:37,6.0,1280,0
2033,ZH4504,CA4504,11:55:00,15:30:00,2019-01-19 15:14:28,4.2,900,45
2080,ZH4504,CA4504,11:55:00,15:30:00,2019-01-20 15:06:09,4.2,900,44
2127,ZH4504,CA4504,11:55:00,15:30:00,2019-01-21 14:51:06,4.2,900,43
2185,ZH4504,CA4504,11:55:00,15:30:00,2019-01-22 17:06:35,4.2,900,42
2218,ZH4504,CA4504,11:55:00,15:30:00,2019-01-23 15:42:12,4.2,900,41
2295,ZH4504,CA4504,11:55:00,15:30:00,2019-01-24 15:50:34,4.2,900,40
2307,ZH4504,CA4504,11:55:00,15:30:00,2019-01-25 15:31:46,4.2,900,39
2361,ZH4504,CA4504,11:55:00,15:30:00,2019-01-26 14:52:19,4.2,900,38
2410,ZH4504,CA4504,11:55:00,15:30:00,2019-01-27 15:37:26,4.2,900,37
2459,ZH4504,CA4504,11:55:00,15:30:00,2019-01-28 17:28:51,4.2,900,36
2508,ZH4504,CA4504,11:55:00,15:30:00,2019-01-29 14:53:03,4.2,900,35
2557,ZH4504,CA4504,11:55:00,15:30:00,2019-01-30 14:52:33,4.2,900,34
2606,ZH4504,CA4504,11:55:00,15:30:00,2019-01-31 15:58:50,4.2,900,33
2655,ZH4504,CA4504,11:55:00,15:30:00,2019-02-01 16:30:25,4.2,900,32
2704,ZH4504,CA4504,11:55:00,15:30:00,2019-02-02 16:47:31,4.2,900,31
2786,ZH4504,CA4504,11:55:00,15:30:00,2019-02-03 17:33:54,4.2,900,30
2801,ZH4504,CA4504,11:55:00,15:30:00,2019-02-04 16:33:12,4.2,900,29
2851,ZH4504,CA4504,11:55:00,15:30:00,2019-02-05 16:17:08,4.2,900,28
2899,ZH4504,CA4504,11:55:00,15:30:00,2019-02-06 14:41:53,4.2,900,27
2948,ZH4504,CA4504,11:55:00,15:30:00,2019-02-07 16:29:21,4.2,900,26
2997,ZH4504,CA4504,11:55:00,15:30:00,2019-02-08 14:50:15,4.2,900,25
3046,ZH4504,CA4504,11:55:00,15:30:00,2019-02-09 15:08:22,4.2,900,24
3087,ZH4504,CA4504,11:55:00,15:30:00,2019-02-10 17:01:47,4.2,900,23
3159,ZH4504,CA4504,11:55:00,15:30:00,2019-02-11 17:08:19,4.2,900,22
3194,ZH4504,CA4504,11:55:00,15:30:00,2019-02-12 16:04:30,4.2,900,21
3260,ZH4504,CA4504,11:55:00,15:30:00,2019-02-13 14:30:12,4.2,900,20
3323,ZH4504,CA4504,11:55:00,15:30:00,2019-02-14 16:33:01,4.2,900,19
3341,ZH4504,CA4504,11:55:00,15:30:00,2019-02-15 16:07:50,4.2,900,18
3381,ZH4504,CA4504,11:55:00,15:30:00,2019-02-16 16:34:05,4.2,900,17
3432,ZH4504,CA4504,11:55:00,15:30:00,2019-02-17 17:25:24,4.2,900,16
3495,ZH4504,CA4504,11:55:00,15:30:00,2019-02-18 16:21:58,4.2,900,15
3532,ZH4504,CA4504,11:55:00,15:30:00,2019-02-19 14:36:15,4.2,900,14
3617,ZH4504,CA4504,11:55:00,15:30:00,2019-02-20 14:48:23,5.3,1130,13
3635,ZH4504,CA4504,11:55:00,15:30:00,2019-02-21 15:14:42,5.3,1130,12
3675,ZH4504,CA4504,11:55:00,15:30:00,2019-02-22 16:52:44,5.3,1130,11
3733,ZH4504,CA4504,11:55:00,15:30:00,2019-02-23 16:55:58,5.3,1130,10
3813,ZH4504,CA4504,11:55:00,15:30:00,2019-02-24 16:30:15,5.3,1130,9
3842,ZH4504,CA4504,11:55:00,15:30:00,2019-02-25 17:38:35,4.2,900,8
3911,ZH4504,CA4504,11:55:00,15:30:00,2019-02-26 16:16:55,4.2,900,7
3957,ZH4504,CA4504,11:55:00,15:30:00,2019-02-27 16:43:30,4.2,900,6
4013,ZH4504,CA4504,11:55:00,15:30:00,2019-02-28 16:04:06,4.2,900,5
4068,ZH4504,CA4504,11:55:00,15:30:00,2019-03-01 15:18:39,4.2,900,4
4124,ZH4504,CA4504,11:55:00,15:30:00,2019-03-02 14:32:34,4.2,900,3
4180,ZH4504,CA4504,11:55:00,15:30:00,2019-03-03 14:20:23,4.2,900,2
4236,ZH4504,CA4504,11:55:00,15:30:00,2019-03-04 15:52:36,4.2,900,1
4280,ZH4504,CA4504,11:55:00,15:30:00,2019-03-05 14:28:37,6.0,1280,0
2036,ZH4514,CA4514,14:30:00,18:10:00,2019-01-19 15:14:28,4.2,900,45
2083,ZH4514,CA4514,14:30:00,18:10:00,2019-01-20 15:06:09,4.2,900,44
2130,ZH4514,CA4514,14:30:00,18:10:00,2019-01-21 14:51:06,4.2,900,43
2188,ZH4514,CA4514,14:30:00,18:10:00,2019-01-22 17:06:35,4.2,900,42
2215,ZH4514,CA4514,14:30:00,18:10:00,2019-01-23 15:42:12,4.2,900,41
2292,ZH4514,CA4514,14:30:00,18:10:00,2019-01-24 15:50:34,4.2,900,40
2310,ZH4514,CA4514,14:30:00,18:10:00,2019-01-25 15:31:46,4.2,900,39
2364,ZH4514,CA4514,14:30:00,18:10:00,2019-01-26 14:52:19,4.2,900,38
2413,ZH4514,CA4514,14:30:00,18:10:00,2019-01-27 15:37:26,4.2,900,37
2462,ZH4514,CA4514,14:30:00,18:10:00,2019-01-28 17:28:51,4.2,900,36
2511,ZH4514,CA4514,14:30:00,18:10:00,2019-01-29 14:53:03,4.2,900,35
2560,ZH4514,CA4514,14:30:00,18:10:00,2019-01-30 14:52:33,4.2,900,34
2609,ZH4514,CA4514,14:30:00,18:10:00,2019-01-31 15:58:50,4.2,900,33
2658,ZH4514,CA4514,14:30:00,18:10:00,2019-02-01 16:30:25,4.2,900,32
2707,ZH4514,CA4514,14:30:00,18:10:00,2019-02-02 16:47:31,4.2,900,31
2789,ZH4514,CA4514,14:30:00,18:10:00,2019-02-03 17:33:54,4.2,900,30
2804,ZH4514,CA4514,14:30:00,18:10:00,2019-02-04 16:33:12,4.2,900,29
2854,ZH4514,CA4514,14:30:00,18:10:00,2019-02-05 16:17:08,4.2,900,28
2902,ZH4514,CA4514,14:30:00,18:10:00,2019-02-06 14:41:53,4.2,900,27
2951,ZH4514,CA4514,14:30:00,18:10:00,2019-02-07 16:29:21,4.2,900,26
3000,ZH4514,CA4514,14:30:00,18:10:00,2019-02-08 14:50:15,4.2,900,25
3049,ZH4514,CA4514,14:30:00,18:10:00,2019-02-09 15:08:22,4.2,900,24
3125,ZH4514,CA4514,14:30:00,18:10:00,2019-02-10 17:01:47,4.2,900,23
3161,ZH4514,CA4514,14:30:00,18:10:00,2019-02-11 17:08:19,4.2,900,22
3197,ZH4514,CA4514,14:30:00,18:10:00,2019-02-12 16:04:30,4.2,900,21
3263,ZH4514,CA4514,14:30:00,18:10:00,2019-02-13 14:30:12,4.2,900,20
3326,ZH4514,CA4514,14:30:00,18:10:00,2019-02-14 16:33:01,4.2,900,19
3344,ZH4514,CA4514,14:30:00,18:10:00,2019-02-15 16:07:50,4.2,900,18
3419,ZH4514,CA4514,14:30:00,18:10:00,2019-02-16 16:34:05,4.2,900,17
3435,ZH4514,CA4514,14:30:00,18:10:00,2019-02-17 17:25:24,4.2,900,16
3492,ZH4514,CA4514,14:30:00,18:10:00,2019-02-18 16:21:58,4.2,900,15
3535,ZH4514,CA4514,14:30:00,18:10:00,2019-02-19 14:36:15,4.2,900,14
3614,ZH4514,CA4514,14:30:00,18:10:00,2019-02-20 14:48:23,4.2,900,13
3638,ZH4514,CA4514,14:30:00,18:10:00,2019-02-21 15:14:42,4.2,900,12
3713,ZH4514,CA4514,14:30:00,18:10:00,2019-02-22 16:52:44,4.2,900,11
3736,ZH4514,CA4514,14:30:00,18:10:00,2019-02-23 16:55:58,4.2,900,10
3810,ZH4514,CA4514,14:30:00,18:10:00,2019-02-24 16:30:15,4.2,900,9
3839,ZH4514,CA4514,14:30:00,18:10:00,2019-02-25 17:38:35,4.2,900,8
3908,ZH4514,CA4514,14:30:00,18:10:00,2019-02-26 16:16:55,4.2,900,7
3927,ZH4514,CA4514,14:30:00,18:10:00,2019-02-27 16:43:30,4.2,900,6
3984,ZH4514,CA4514,14:30:00,18:10:00,2019-02-28 16:04:06,4.2,900,5
4039,ZH4514,CA4514,14:30:00,18:10:00,2019-03-01 15:18:39,4.2,900,4
4096,ZH4514,CA4514,14:30:00,18:10:00,2019-03-02 14:32:34,4.2,900,3
4150,ZH4514,CA4514,14:30:00,18:10:00,2019-03-03 14:20:23,4.2,900,2
4208,ZH4514,CA4514,14:30:00,18:10:00,2019-03-04 15:52:36,4.2,900,1
4263,ZH4514,CA4514,14:30:00,18:10:00,2019-03-05 14:28:37,6.0,1280,0
2071,ZH4536,CA4536,21:30:00,00:55:00,2019-01-19 15:14:28,4.2,900,45
2117,ZH4536,CA4536,21:30:00,00:55:00,2019-01-20 15:06:09,4.2,900,44
2163,ZH4536,CA4536,21:30:00,00:55:00,2019-01-21 14:51:06,4.2,900,43
2209,ZH4536,CA4536,21:30:00,00:55:00,2019-01-22 17:06:35,4.2,900,42
2227,ZH4536,CA4536,21:30:00,00:55:00,2019-01-23 15:42:12,4.2,900,41
2257,ZH4536,CA4536,21:30:00,00:55:00,2019-01-24 15:50:34,4.2,900,40
2351,ZH4536,CA4536,21:30:00,00:55:00,2019-01-25 15:31:46,4.2,900,39
2399,ZH4536,CA4536,21:30:00,00:55:00,2019-01-26 14:52:19,4.2,900,38
2443,ZH4536,CA4536,21:30:00,00:55:00,2019-01-27 15:37:26,4.2,900,37
2497,ZH4536,CA4536,21:30:00,00:55:00,2019-01-28 17:28:51,4.2,900,36
2547,ZH4536,CA4536,21:30:00,00:55:00,2019-01-29 14:53:03,4.2,900,35
2595,ZH4536,CA4536,21:30:00,00:55:00,2019-01-30 14:52:33,4.2,900,34
2639,ZH4536,CA4536,21:30:00,00:55:00,2019-01-31 15:58:50,4.2,900,33
2694,ZH4536,CA4536,21:30:00,00:55:00,2019-02-01 16:30:25,4.2,900,32
2743,ZH4536,CA4536,21:30:00,00:55:00,2019-02-02 16:47:31,4.2,900,31
2776,ZH4536,CA4536,21:30:00,00:55:00,2019-02-03 17:33:54,4.2,900,30
2841,ZH4536,CA4536,21:30:00,00:55:00,2019-02-04 16:33:12,4.2,900,29
2842,ZH4536,CA4536,21:30:00,00:55:00,2019-02-05 16:17:08,4.2,900,28
2938,ZH4536,CA4536,21:30:00,00:55:00,2019-02-06 14:41:53,4.2,900,27
2987,ZH4536,CA4536,21:30:00,00:55:00,2019-02-07 16:29:21,4.2,900,26
3036,ZH4536,CA4536,21:30:00,00:55:00,2019-02-08 14:50:15,4.2,900,25
3085,ZH4536,CA4536,21:30:00,00:55:00,2019-02-09 15:08:22,4.2,900,24
3089,ZH4536,CA4536,21:30:00,00:55:00,2019-02-10 17:01:47,4.2,900,23
3181,ZH4536,CA4536,21:30:00,00:55:00,2019-02-11 17:08:19,4.2,900,22
3185,ZH4536,CA4536,21:30:00,00:55:00,2019-02-12 16:04:30,4.2,900,21
3281,ZH4536,CA4536,21:30:00,00:55:00,2019-02-13 14:30:12,4.2,900,20
3313,ZH4536,CA4536,21:30:00,00:55:00,2019-02-14 16:33:01,3.3,700,19
3361,ZH4536,CA4536,21:30:00,00:55:00,2019-02-15 16:07:50,3.3,700,18
3383,ZH4536,CA4536,21:30:00,00:55:00,2019-02-16 16:34:05,3.3,700,17
3452,ZH4536,CA4536,21:30:00,00:55:00,2019-02-17 17:25:24,3.3,700,16
3505,ZH4536,CA4536,21:30:00,00:55:00,2019-02-18 16:21:58,3.3,700,15
3544,ZH4536,CA4536,21:30:00,00:55:00,2019-02-19 14:36:15,3.3,700,14
3579,ZH4536,CA4536,21:30:00,00:55:00,2019-02-20 14:48:23,3.3,700,13
3649,ZH4536,CA4536,21:30:00,00:55:00,2019-02-21 15:14:42,3.3,700,12
3677,ZH4536,CA4536,21:30:00,00:55:00,2019-02-22 16:52:44,3.7,780,11
3771,ZH4536,CA4536,21:30:00,00:55:00,2019-02-23 16:55:58,3.7,780,10
3806,ZH4536,CA4536,21:30:00,00:55:00,2019-02-24 16:30:15,3.3,700,9
3835,ZH4536,CA4536,21:30:00,00:55:00,2019-02-25 17:38:35,3.3,700,8
3873,ZH4536,CA4536,21:30:00,00:55:00,2019-02-26 16:16:55,3.3,700,7
3952,ZH4536,CA4536,21:30:00,00:55:00,2019-02-27 16:43:30,3.7,780,6
4009,ZH4536,CA4536,21:30:00,00:55:00,2019-02-28 16:04:06,3.7,780,5
4064,ZH4536,CA4536,21:30:00,00:55:00,2019-03-01 15:18:39,3.7,780,4
4121,ZH4536,CA4536,21:30:00,00:55:00,2019-03-02 14:32:34,4.2,900,3
4176,ZH4536,CA4536,21:30:00,00:55:00,2019-03-03 14:20:23,3.7,780,2
4232,ZH4536,CA4536,21:30:00,00:55:00,2019-03-04 15:52:36,3.7,780,1
4284,ZH4536,CA4536,21:30:00,00:55:00,2019-03-05 14:28:37,4.2,900,0
4312,ZH4536,CA4536,21:30:00,00:55:00,2019-03-06 15:36:42,4.2,900,0
2070,ZH4592,CA4592,09:20:00,12:55:00,2019-01-19 15:14:28,5.3,1130,45
2116,ZH4592,CA4592,09:20:00,12:55:00,2019-01-20 15:06:09,5.3,1130,44
2162,ZH4592,CA4592,09:20:00,12:55:00,2019-01-21 14:51:06,5.3,1130,43
2208,ZH4592,CA4592,09:20:00,12:55:00,2019-01-22 17:06:35,5.3,1130,42
2228,ZH4592,CA4592,09:20:00,12:55:00,2019-01-23 15:42:12,5.3,1130,41
2259,ZH4592,CA4592,09:20:00,12:55:00,2019-01-24 15:50:34,5.3,1130,40
2350,ZH4592,CA4592,09:20:00,12:55:00,2019-01-25 15:31:46,5.3,1130,39
2398,ZH4592,CA4592,09:20:00,12:55:00,2019-01-26 14:52:19,5.3,1130,38
2447,ZH4592,CA4592,09:20:00,12:55:00,2019-01-27 15:37:26,5.3,1130,37
2496,ZH4592,CA4592,09:20:00,12:55:00,2019-01-28 17:28:51,5.3,1130,36
2546,ZH4592,CA4592,09:20:00,12:55:00,2019-01-29 14:53:03,5.3,1130,35
2594,ZH4592,CA4592,09:20:00,12:55:00,2019-01-30 14:52:33,5.3,1130,34
2597,ZH4592,CA4592,09:20:00,12:55:00,2019-01-31 15:58:50,5.3,1130,33
2693,ZH4592,CA4592,09:20:00,12:55:00,2019-02-01 16:30:25,5.3,1130,32
2742,ZH4592,CA4592,09:20:00,12:55:00,2019-02-02 16:47:31,5.3,1130,31
2775,ZH4592,CA4592,09:20:00,12:55:00,2019-02-03 17:33:54,5.3,1130,30
2840,ZH4592,CA4592,09:20:00,12:55:00,2019-02-04 16:33:12,5.3,1130,29
2889,ZH4592,CA4592,09:20:00,12:55:00,2019-02-05 16:17:08,5.3,1130,28
2937,ZH4592,CA4592,09:20:00,12:55:00,2019-02-06 14:41:53,5.3,1130,27
2986,ZH4592,CA4592,09:20:00,12:55:00,2019-02-07 16:29:21,5.3,1130,26
3035,ZH4592,CA4592,09:20:00,12:55:00,2019-02-08 14:50:15,5.3,1130,25
3084,ZH4592,CA4592,09:20:00,12:55:00,2019-02-09 15:08:22,5.3,1130,24
3090,ZH4592,CA4592,09:20:00,12:55:00,2019-02-10 17:01:47,5.3,1130,23
3182,ZH4592,CA4592,09:20:00,12:55:00,2019-02-11 17:08:19,4.2,900,22
3233,ZH4592,CA4592,09:20:00,12:55:00,2019-02-12 16:04:30,4.2,900,21
3280,ZH4592,CA4592,09:20:00,12:55:00,2019-02-13 14:30:12,4.2,900,20
3312,ZH4592,CA4592,09:20:00,12:55:00,2019-02-14 16:33:01,4.2,900,19
3360,ZH4592,CA4592,09:20:00,12:55:00,2019-02-15 16:07:50,4.2,900,18
3384,ZH4592,CA4592,09:20:00,12:55:00,2019-02-16 16:34:05,4.2,900,17
3451,ZH4592,CA4592,09:20:00,12:55:00,2019-02-17 17:25:24,4.2,900,16
3506,ZH4592,CA4592,09:20:00,12:55:00,2019-02-18 16:21:58,4.2,900,15
3545,ZH4592,CA4592,09:20:00,12:55:00,2019-02-19 14:36:15,4.2,900,14
3580,ZH4592,CA4592,09:20:00,12:55:00,2019-02-20 14:48:23,4.2,900,13
3648,ZH4592,CA4592,09:20:00,12:55:00,2019-02-21 15:14:42,4.2,900,12
3678,ZH4592,CA4592,09:20:00,12:55:00,2019-02-22 16:52:44,4.2,900,11
3770,ZH4592,CA4592,09:20:00,12:55:00,2019-02-23 16:55:58,4.2,900,10
3805,ZH4592,CA4592,09:20:00,12:55:00,2019-02-24 16:30:15,4.2,900,9
3834,ZH4592,CA4592,09:20:00,12:55:00,2019-02-25 17:38:35,4.2,900,8
3874,ZH4592,CA4592,09:20:00,12:55:00,2019-02-26 16:16:55,4.2,900,7
3975,ZH4592,CA4592,09:20:00,12:55:00,2019-02-27 16:43:30,4.2,900,6
4030,ZH4592,CA4592,09:20:00,12:55:00,2019-02-28 16:04:06,4.2,900,5
4087,ZH4592,CA4592,09:20:00,12:55:00,2019-03-01 15:18:39,4.2,900,4
4142,ZH4592,CA4592,09:20:00,12:55:00,2019-03-02 14:32:34,4.2,900,3
4198,ZH4592,CA4592,09:20:00,12:55:00,2019-03-03 14:20:23,4.2,900,2
4254,ZH4592,CA4592,09:20:00,12:55:00,2019-03-04 15:52:36,4.2,900,1
4296,ZH4592,CA4592,09:20:00,12:55:00,2019-03-05 14:28:37,6.0,1280,0
