,flightno,actualflight,departtime,arrivetime,crawltime,discount,lowest_price,days_to_departure
1155,3U2578,EU6668,21:30:00,01:05:00,2020-07-05 15:29:41,3.8,890,45
1201,3U2578,EU6668,21:30:00,01:05:00,2020-07-06 14:14:27,3.8,890,44
1247,3U2578,EU6668,21:30:00,01:05:00,2020-07-07 13:10:33,3.8,890,43
1319,3U2578,EU6668,21:30:00,01:05:00,2020-07-08 15:04:04,3.8,890,42
1333,3U2578,EU6668,21:30:00,01:05:00,2020-07-09 16:04:09,3.8,890,41
1419,3U2578,EU6668,21:30:00,01:05:00,2020-07-10 14:58:18,3.8,890,40
1459,3U2578,EU6668,21:30:00,01:05:00,2020-07-11 15:03:17,3.8,890,39
1479,3U2578,EU6668,21:30:00,01:05:00,2020-07-12 15:30:02,3.8,890,38
1526,3U2578,EU6668,21:30:00,01:05:00,2020-07-13 14:36:02,3.8,890,37
1572,3U2578,EU6668,21:30:00,01:05:00,2020-07-14 15:58:17,3.8,890,36
1620,3U2578,EU6668,21:30:00,01:05:00,2020-07-15 15:29:59,3.8,890,35
1666,3U2578,EU6668,21:30:00,01:05:00,2020-07-16 15:25:43,3.8,890,34
1704,3U2578,EU6668,21:30:00,01:05:00,2020-07-17 16:39:46,3.8,890,33
1769,3U2578,EU6668,21:30:00,01:05:00,2020-07-18 17:30:47,3.8,890,32
1818,3U2578,EU6668,21:30:00,01:05:00,2020-07-19 14:13:06,3.8,890,31
1869,3U2578,EU6668,21:30:00,01:05:00,2020-07-20 15:24:47,3.8,890,30
1920,3U2578,EU6668,21:30:00,01:05:00,2020-07-21 15:00:00,3.8,890,29
2008,3U2578,EU6668,21:30:00,01:05:00,2020-07-22 15:05:02,3.8,890,28
2048,3U2578,EU6668,21:30:00,01:05:00,2020-07-24 14:11:09,3.8,890,26
2070,3U2578,EU6668,21:30:00,01:05:00,2020-07-25 14:24:11,3.8,890,25
2117,3U2578,EU6668,21:30:00,01:05:00,2020-07-26 14:11:30,3.8,890,24
2163,3U2578,EU6668,21:30:00,01:05:00,2020-07-27 15:42:59,3.8,890,23
2241,3U2578,EU6668,21:30:00,01:05:00,2020-07-28 16:51:19,3.8,890,22
2257,3U2578,EU6668,21:30:00,01:05:00,2020-07-30 14:09:25,3.8,890,20
2306,3U2578,EU6668,21:30:00,01:05:00,2020-07-31 14:13:51,3.8,890,19
2354,3U2578,EU6668,21:30:00,01:05:00,2020-08-01 15:29:02,3.8,890,18
2422,3U2578,EU6668,21:30:00,01:05:00,2020-08-02 16:55:46,2.4,550,17
2435,3U2578,EU6668,21:30:00,01:05:00,2020-08-03 13:10:22,2.4,550,16
2525,3U2578,EU6668,21:30:00,01:05:00,2020-08-04 14:17:31,3.0,700,15
2532,3U2578,EU6668,21:30:00,01:05:00,2020-08-05 15:49:53,2.8,650,14
2592,3U2578,EU6668,21:30:00,01:05:00,2020-08-06 14:25:51,2.8,650,13
2637,3U2578,EU6668,21:30:00,01:05:00,2020-08-07 14:15:31,2.8,650,12
2679,3U2578,EU6668,21:30:00,01:05:00,2020-08-08 15:46:25,2.8,650,11
2736,3U2578,EU6668,21:30:00,01:05:00,2020-08-09 15:21:59,2.4,550,10
2795,3U2578,EU6668,21:30:00,01:05:00,2020-08-10 16:37:33,2.8,650,9
2824,3U2578,EU6668,21:30:00,01:05:00,2020-08-11 15:07:53,2.1,500,8
2898,3U2578,EU6668,21:30:00,01:05:00,2020-08-12 14:15:57,2.1,480,7
2936,3U2578,EU6668,21:30:00,01:05:00,2020-08-13 15:04:50,2.1,480,6
2959,3U2578,EU6668,21:30:00,01:05:00,2020-08-14 15:34:48,2.8,650,5
3017,3U2578,EU6668,21:30:00,01:05:00,2020-08-15 15:03:57,2.8,650,4
3084,3U2578,EU6668,21:30:00,01:05:00,2020-08-16 15:05:11,2.4,550,3
3100,3U2578,EU6668,21:30:00,01:05:00,2020-08-17 15:18:04,2.4,550,2
3161,3U2578,EU6668,21:30:00,01:05:00,2020-08-19 14:12:01,2.6,600,0
3185,3U2578,EU6668,21:30:00,01:05:00,2020-08-20 15:17:42,2.6,601,0
1156,3U8962,,11:45:00,15:15:00,2020-07-05 15:29:41,3.2,750,45
1202,3U8962,,11:45:00,15:15:00,2020-07-06 14:14:27,3.2,750,44
1248,3U8962,,11:45:00,15:15:00,2020-07-07 13:10:33,3.2,750,43
1318,3U8962,,11:45:00,15:15:00,2020-07-08 15:04:04,3.2,750,42
1339,3U8962,,11:45:00,15:15:00,2020-07-09 16:04:09,3.2,750,41
1417,3U8962,,11:45:00,15:15:00,2020-07-10 14:58:18,3.2,750,40
1458,3U8962,,11:45:00,15:15:00,2020-07-11 15:03:17,3.2,750,39
1478,3U8962,,11:45:00,15:15:00,2020-07-12 15:30:02,3.2,750,38
1527,3U8962,,11:45:00,15:15:00,2020-07-13 14:36:02,3.2,750,37
1573,3U8962,,11:45:00,15:15:00,2020-07-14 15:58:17,3.2,750,36
1621,3U8962,,11:45:00,15:15:00,2020-07-15 15:29:59,3.2,750,35
1667,3U8962,,11:45:00,15:15:00,2020-07-16 15:25:43,2.7,640,34
1705,3U8962,,11:45:00,15:15:00,2020-07-17 16:39:46,2.7,640,33
1770,3U8962,,11:45:00,15:15:00,2020-07-18 17:30:47,2.7,640,32
1819,3U8962,,11:45:00,15:15:00,2020-07-19 14:13:06,2.7,640,31
1870,3U8962,,11:45:00,15:15:00,2020-07-20 15:24:47,2.7,640,30
1908,3U8962,,11:45:00,15:15:00,2020-07-21 15:00:00,2.7,640,29
2009,3U8962,,11:45:00,15:15:00,2020-07-22 15:05:02,2.7,640,28
2049,3U8962,,11:45:00,15:15:00,2020-07-24 14:11:09,2.7,640,26
2071,3U8962,,11:45:00,15:15:00,2020-07-25 14:24:11,2.7,640,25
2118,3U8962,,11:45:00,15:15:00,2020-07-26 14:11:30,2.7,640,24
2164,3U8962,,11:45:00,15:15:00,2020-07-27 15:42:59,2.7,640,23
2239,3U8962,,11:45:00,15:15:00,2020-07-28 16:51:19,2.7,640,22
2258,3U8962,,11:45:00,15:15:00,2020-07-30 14:09:25,2.7,640,20
2307,3U8962,,11:45:00,15:15:00,2020-07-31 14:13:51,2.7,640,19
2355,3U8962,,11:45:00,15:15:00,2020-08-01 15:29:02,2.7,640,18
2421,3U8962,,11:45:00,15:15:00,2020-08-02 16:55:46,2.7,640,17
2436,3U8962,,11:45:00,15:15:00,2020-08-03 13:10:22,2.7,640,16
2524,3U8962,,11:45:00,15:15:00,2020-08-04 14:17:31,2.7,640,15
2531,3U8962,,11:45:00,15:15:00,2020-08-05 15:49:53,2.7,640,14
2591,3U8962,,11:45:00,15:15:00,2020-08-06 14:25:51,2.7,640,13
2636,3U8962,,11:45:00,15:15:00,2020-08-07 14:15:31,2.7,640,12
2678,3U8962,,11:45:00,15:15:00,2020-08-08 15:46:25,2.7,640,11
2762,3U8962,,11:45:00,15:15:00,2020-08-09 15:21:59,2.7,640,10
2794,3U8962,,11:45:00,15:15:00,2020-08-10 16:37:33,2.2,510,9
2823,3U8962,,11:45:00,15:15:00,2020-08-11 15:07:53,3.0,700,8
2897,3U8962,,11:45:00,15:15:00,2020-08-12 14:15:57,2.7,640,7
2935,3U8962,,11:45:00,15:15:00,2020-08-13 15:04:50,2.7,640,6
2960,3U8962,,11:45:00,15:15:00,2020-08-14 15:34:48,2.7,640,5
3018,3U8962,,11:45:00,15:15:00,2020-08-15 15:03:57,2.2,510,4
3083,3U8962,,11:45:00,15:15:00,2020-08-16 15:05:11,2.7,640,3
3101,3U8962,,11:45:00,15:15:00,2020-08-17 15:18:04,3.1,720,2
3160,3U8962,,11:45:00,15:15:00,2020-08-19 14:12:01,3.1,720,0
1178,3U8964,,15:40:00,18:55:00,2020-07-05 15:29:41,3.2,750,45
1224,3U8964,,15:40:00,18:55:00,2020-07-06 14:14:27,3.2,750,44
1270,3U8964,,15:40:00,18:55:00,2020-07-07 13:10:33,3.2,750,43
1296,3U8964,,15:40:00,18:55:00,2020-07-08 15:04:04,3.2,750,42
1353,3U8964,,15:40:00,18:55:00,2020-07-09 16:04:09,3.2,750,41
1390,3U8964,,15:40:00,18:55:00,2020-07-10 14:58:18,3.2,750,40
1436,3U8964,,15:40:00,18:55:00,2020-07-11 15:03:17,3.2,750,39
1502,3U8964,,15:40:00,18:55:00,2020-07-12 15:30:02,3.2,750,38
1550,3U8964,,15:40:00,18:55:00,2020-07-13 14:36:02,3.2,750,37
1596,3U8964,,15:40:00,18:55:00,2020-07-14 15:58:17,3.2,750,36
1644,3U8964,,15:40:00,18:55:00,2020-07-15 15:29:59,3.2,750,35
1690,3U8964,,15:40:00,18:55:00,2020-07-16 15:25:43,2.7,640,34
1728,3U8964,,15:40:00,18:55:00,2020-07-17 16:39:46,2.7,640,33
1805,3U8964,,15:40:00,18:55:00,2020-07-18 17:30:47,2.7,640,32
1841,3U8964,,15:40:00,18:55:00,2020-07-19 14:13:06,2.7,640,31
1893,3U8964,,15:40:00,18:55:00,2020-07-20 15:24:47,2.7,640,30
1943,3U8964,,15:40:00,18:55:00,2020-07-21 15:00:00,2.7,640,29
1981,3U8964,,15:40:00,18:55:00,2020-07-22 15:05:02,2.7,640,28
2034,3U8964,,15:40:00,18:55:00,2020-07-24 14:11:09,2.7,640,26
2091,3U8964,,15:40:00,18:55:00,2020-07-25 14:24:11,4.2,970,25
2139,3U8964,,15:40:00,18:55:00,2020-07-26 14:11:30,4.2,970,24
2185,3U8964,,15:40:00,18:55:00,2020-07-27 15:42:59,4.2,970,23
2212,3U8964,,15:40:00,18:55:00,2020-07-28 16:51:19,2.7,640,22
2279,3U8964,,15:40:00,18:55:00,2020-07-30 14:09:25,2.7,640,20
2330,3U8964,,15:40:00,18:55:00,2020-07-31 14:13:51,2.7,640,19
2343,3U8964,,15:40:00,18:55:00,2020-08-01 15:29:02,2.7,640,18
2401,3U8964,,15:40:00,18:55:00,2020-08-02 16:55:46,2.7,640,17
2446,3U8964,,15:40:00,18:55:00,2020-08-03 13:10:22,2.7,640,16
2482,3U8964,,15:40:00,18:55:00,2020-08-04 14:17:31,2.7,640,15
2556,3U8964,,15:40:00,18:55:00,2020-08-05 15:49:53,2.7,640,14
2618,3U8964,,15:40:00,18:55:00,2020-08-06 14:25:51,2.7,640,13
2655,3U8964,,15:40:00,18:55:00,2020-08-07 14:15:31,2.7,640,12
2703,3U8964,,15:40:00,18:55:00,2020-08-08 15:46:25,2.7,640,11
2722,3U8964,,15:40:00,18:55:00,2020-08-09 15:21:59,2.7,640,10
2773,3U8964,,15:40:00,18:55:00,2020-08-10 16:37:33,2.7,640,9
2839,3U8964,,15:40:00,18:55:00,2020-08-11 15:07:53,2.7,640,8
2862,3U8964,,15:40:00,18:55:00,2020-08-12 14:15:57,2.7,640,7
2915,3U8964,,15:40:00,18:55:00,2020-08-13 15:04:50,2.7,640,6
2981,3U8964,,15:40:00,18:55:00,2020-08-14 15:34:48,2.7,640,5
3038,3U8964,,15:40:00,18:55:00,2020-08-15 15:03:57,2.2,510,4
3053,3U8964,,15:40:00,18:55:00,2020-08-16 15:05:11,2.7,640,3
3109,3U8964,,15:40:00,18:55:00,2020-08-17 15:18:04,3.1,720,2
3154,3U8964,,15:40:00,18:55:00,2020-08-19 14:12:01,3.1,720,0
1166,3U8966,,19:45:00,23:15:00,2020-07-05 15:29:41,3.0,700,45
1212,3U8966,,19:45:00,23:15:00,2020-07-06 14:14:27,3.0,700,44
1258,3U8966,,19:45:00,23:15:00,2020-07-07 13:10:33,3.0,700,43
1308,3U8966,,19:45:00,23:15:00,2020-07-08 15:04:04,3.0,700,42
1365,3U8966,,19:45:00,23:15:00,2020-07-09 16:04:09,3.0,700,41
1403,3U8966,,19:45:00,23:15:00,2020-07-10 14:58:18,3.0,700,40
1448,3U8966,,19:45:00,23:15:00,2020-07-11 15:03:17,3.0,700,39
1489,3U8966,,19:45:00,23:15:00,2020-07-12 15:30:02,3.0,700,38
1537,3U8966,,19:45:00,23:15:00,2020-07-13 14:36:02,3.0,700,37
1583,3U8966,,19:45:00,23:15:00,2020-07-14 15:58:17,3.0,700,36
1631,3U8966,,19:45:00,23:15:00,2020-07-15 15:29:59,3.0,700,35
1677,3U8966,,19:45:00,23:15:00,2020-07-16 15:25:43,2.5,580,34
1715,3U8966,,19:45:00,23:15:00,2020-07-17 16:39:46,2.5,580,33
1792,3U8966,,19:45:00,23:15:00,2020-07-18 17:30:47,2.5,580,32
1828,3U8966,,19:45:00,23:15:00,2020-07-19 14:13:06,2.5,580,31
1880,3U8966,,19:45:00,23:15:00,2020-07-20 15:24:47,2.5,580,30
1930,3U8966,,19:45:00,23:15:00,2020-07-21 15:00:00,2.5,580,29
1969,3U8966,,19:45:00,23:15:00,2020-07-22 15:05:02,2.5,580,28
2021,3U8966,,19:45:00,23:15:00,2020-07-24 14:11:09,2.5,580,26
2080,3U8966,,19:45:00,23:15:00,2020-07-25 14:24:11,3.3,770,25
2127,3U8966,,19:45:00,23:15:00,2020-07-26 14:11:30,3.3,770,24
2173,3U8966,,19:45:00,23:15:00,2020-07-27 15:42:59,3.3,770,23
2224,3U8966,,19:45:00,23:15:00,2020-07-28 16:51:19,3.3,770,22
2267,3U8966,,19:45:00,23:15:00,2020-07-30 14:09:25,3.3,770,20
2317,3U8966,,19:45:00,23:15:00,2020-07-31 14:13:51,3.3,770,19
2364,3U8966,,19:45:00,23:15:00,2020-08-01 15:29:02,3.3,770,18
2412,3U8966,,19:45:00,23:15:00,2020-08-02 16:55:46,3.3,770,17
2445,3U8966,,19:45:00,23:15:00,2020-08-03 13:10:22,3.3,770,16
2494,3U8966,,19:45:00,23:15:00,2020-08-04 14:17:31,3.3,770,15
2567,3U8966,,19:45:00,23:15:00,2020-08-05 15:49:53,2.5,580,14
2582,3U8966,,19:45:00,23:15:00,2020-08-06 14:25:51,2.5,580,13
2627,3U8966,,19:45:00,23:15:00,2020-08-07 14:15:31,2.5,580,12
2715,3U8966,,19:45:00,23:15:00,2020-08-08 15:46:25,2.5,580,11
2753,3U8966,,19:45:00,23:15:00,2020-08-09 15:21:59,2.5,580,10
2785,3U8966,,19:45:00,23:15:00,2020-08-10 16:37:33,2.5,580,9
2854,3U8966,,19:45:00,23:15:00,2020-08-11 15:07:53,2.5,580,8
2888,3U8966,,19:45:00,23:15:00,2020-08-12 14:15:57,1.9,450,7
2927,3U8966,,19:45:00,23:15:00,2020-08-13 15:04:50,2.5,580,6
2969,3U8966,,19:45:00,23:15:00,2020-08-14 15:34:48,2.5,580,5
3027,3U8966,,19:45:00,23:15:00,2020-08-15 15:03:57,2.5,580,4
3065,3U8966,,19:45:00,23:15:00,2020-08-16 15:05:11,2.5,580,3
3121,3U8966,,19:45:00,23:15:00,2020-08-17 15:18:04,2.7,640,2
3142,3U8966,,19:45:00,23:15:00,2020-08-19 14:12:01,2.7,640,0
3184,3U8966,,19:45:00,23:15:00,2020-08-20 15:17:42,3.3,770,0
1168,8L7407,HU7407,20:15:00,23:10:00,2020-07-05 15:29:41,4.2,890,45
1214,8L7407,HU7407,20:15:00,23:10:00,2020-07-06 14:14:27,4.2,890,44
1260,8L7407,HU7407,20:15:00,23:10:00,2020-07-07 13:10:33,4.2,890,43
1306,8L7407,HU7407,20:15:00,23:10:00,2020-07-08 15:04:04,4.2,890,42
1363,8L7407,HU7407,20:15:00,23:10:00,2020-07-09 16:04:09,4.2,890,41
1401,8L7407,HU7407,20:15:00,23:10:00,2020-07-10 14:58:18,4.2,890,40
1446,8L7407,HU7407,20:15:00,23:10:00,2020-07-11 15:03:17,4.2,890,39
1491,8L7407,HU7407,20:15:00,23:10:00,2020-07-12 15:30:02,4.2,890,38
1539,8L7407,HU7407,20:15:00,23:10:00,2020-07-13 14:36:02,4.2,890,37
1585,8L7407,HU7407,20:15:00,23:10:00,2020-07-14 15:58:17,4.2,890,36
1633,8L7407,HU7407,20:15:00,23:10:00,2020-07-15 15:29:59,4.2,890,35
1679,8L7407,HU7407,20:15:00,23:10:00,2020-07-16 15:25:43,4.2,890,34
1717,8L7407,HU7407,20:15:00,23:25:00,2020-07-17 16:39:46,4.2,890,33
1794,8L7407,HU7407,20:15:00,23:25:00,2020-07-18 17:30:47,4.2,890,32
1830,8L7407,HU7407,20:15:00,23:25:00,2020-07-19 14:13:06,4.2,890,31
1882,8L7407,HU7407,20:15:00,23:25:00,2020-07-20 15:24:47,4.2,890,30
1932,8L7407,HU7407,20:15:00,23:25:00,2020-07-21 15:00:00,4.2,890,29
1970,8L7407,HU7407,20:15:00,23:25:00,2020-07-22 15:05:02,4.2,890,28
2023,8L7407,HU7407,20:15:00,23:25:00,2020-07-24 14:11:09,4.2,890,26
2082,8L7407,HU7407,20:15:00,23:25:00,2020-07-25 14:24:11,4.2,890,25
2129,8L7407,HU7407,20:15:00,23:25:00,2020-07-26 14:11:30,4.2,890,24
2175,8L7407,HU7407,20:15:00,23:25:00,2020-07-27 15:42:59,4.2,890,23
2222,8L7407,HU7407,20:15:00,23:25:00,2020-07-28 16:51:19,4.2,890,22
2269,8L7407,HU7407,20:15:00,23:25:00,2020-07-30 14:09:25,4.2,890,20
2319,8L7407,HU7407,20:15:00,23:25:00,2020-07-31 14:13:51,4.2,890,19
2366,8L7407,HU7407,20:15:00,23:25:00,2020-08-01 15:29:02,4.2,890,18
2390,8L7407,HU7407,20:15:00,23:25:00,2020-08-02 16:55:46,4.2,890,17
2447,8L7407,HU7407,20:15:00,23:25:00,2020-08-03 13:10:22,4.2,890,16
2492,8L7407,HU7407,20:15:00,23:25:00,2020-08-04 14:17:31,4.2,890,15
2562,8L7407,HU7407,20:15:00,23:25:00,2020-08-05 15:49:53,4.2,890,14
2580,8L7407,HU7407,20:15:00,23:25:00,2020-08-06 14:25:51,4.2,890,13
2622,8L7407,HU7407,20:15:00,23:25:00,2020-08-07 14:15:31,4.2,890,12
2713,8L7407,HU7407,20:15:00,23:25:00,2020-08-08 15:46:25,4.2,890,11
2751,8L7407,HU7407,20:15:00,23:25:00,2020-08-09 15:21:59,4.2,890,10
2783,8L7407,HU7407,20:15:00,23:25:00,2020-08-10 16:37:33,4.2,890,9
2852,8L7407,HU7407,20:15:00,23:25:00,2020-08-11 15:07:53,4.2,890,8
2886,8L7407,HU7407,20:15:00,23:25:00,2020-08-12 14:15:57,4.2,890,7
2925,8L7407,HU7407,20:15:00,23:25:00,2020-08-13 15:04:50,4.2,890,6
2971,8L7407,HU7407,20:15:00,23:25:00,2020-08-14 15:34:48,4.2,890,5
3029,8L7407,HU7407,20:15:00,23:25:00,2020-08-15 15:03:57,4.2,890,4
3063,8L7407,HU7407,20:15:00,23:25:00,2020-08-16 15:05:11,4.2,890,3
3123,8L7407,HU7407,20:15:00,23:25:00,2020-08-17 15:18:04,4.2,890,2
3144,8L7407,HU7407,20:15:00,23:25:00,2020-08-19 14:12:01,4.2,890,0
3181,8L7407,HU7407,20:15:00,23:25:00,2020-08-20 15:17:42,4.2,890,0
1145,CA1947,,07:40:00,10:55:00,2020-07-05 15:29:41,2.4,500,45
1236,CA1947,,07:40:00,10:55:00,2020-07-06 14:14:27,2.4,500,44
1274,CA1947,,07:40:00,10:55:00,2020-07-07 13:10:33,2.4,500,43
1284,CA1947,,07:40:00,10:55:00,2020-07-08 15:04:04,2.4,500,42
1340,CA1947,,07:40:00,10:55:00,2020-07-09 16:04:09,2.4,500,41
1377,CA1947,,07:40:00,10:55:00,2020-07-10 14:58:18,2.4,500,40
1423,CA1947,,07:40:00,10:55:00,2020-07-11 15:03:17,2.4,500,39
1515,CA1947,,07:40:00,10:55:00,2020-07-12 15:30:02,2.4,500,38
1562,CA1947,,07:40:00,10:55:00,2020-07-13 14:36:02,2.4,500,37
1609,CA1947,,07:40:00,10:55:00,2020-07-14 15:58:17,2.7,580,36
1610,CA1947,,07:40:00,10:55:00,2020-07-15 15:29:59,2.7,580,35
1703,CA1947,,07:40:00,10:55:00,2020-07-16 15:25:43,2.7,580,34
1743,CA1947,,07:40:00,10:55:00,2020-07-17 16:39:46,2.7,580,33
1764,CA1947,,07:40:00,10:55:00,2020-07-18 17:30:47,2.7,580,32
1856,CA1947,,07:40:00,10:55:00,2020-07-19 14:13:06,2.7,580,31
1857,CA1947,,07:40:00,10:55:00,2020-07-20 15:24:47,2.7,580,30
1958,CA1947,,07:40:00,10:55:00,2020-07-21 15:00:00,2.7,580,29
2007,CA1947,,07:40:00,10:55:00,2020-07-22 15:05:02,2.7,580,28
2045,CA1947,,07:40:00,10:55:00,2020-07-24 14:11:09,3.1,650,26
2104,CA1947,,07:40:00,10:55:00,2020-07-25 14:24:11,3.1,650,25
2105,CA1947,,07:40:00,10:55:00,2020-07-26 14:11:30,3.1,650,24
2198,CA1947,,07:40:00,10:55:00,2020-07-27 15:42:59,3.0,640,23
2200,CA1947,,07:40:00,10:55:00,2020-07-28 16:51:19,2.7,580,22
2292,CA1947,,07:40:00,10:55:00,2020-07-30 14:09:25,2.7,580,20
2294,CA1947,,07:40:00,10:55:00,2020-07-31 14:13:51,2.7,580,19
2342,CA1947,,07:40:00,10:55:00,2020-08-01 15:29:02,2.7,580,18
2387,CA1947,,07:40:00,10:55:00,2020-08-02 16:55:46,2.7,580,17
2469,CA1947,,07:40:00,10:55:00,2020-08-03 13:10:22,2.1,450,16
2501,CA1947,,07:40:00,10:55:00,2020-08-04 14:17:31,2.1,450,15
2543,CA1947,,07:40:00,10:55:00,2020-08-05 15:49:53,2.1,450,14
2605,CA1947,,07:40:00,10:55:00,2020-08-06 14:25:51,2.1,450,13
2663,CA1947,,07:40:00,10:55:00,2020-08-07 14:15:31,2.7,580,12
2690,CA1947,,07:40:00,10:55:00,2020-08-08 15:46:25,2.7,580,11
2730,CA1947,,07:40:00,10:55:00,2020-08-09 15:21:59,2.7,580,10
2806,CA1947,,07:40:00,10:55:00,2020-08-10 16:37:33,2.1,450,9
2814,CA1947,,07:40:00,10:55:00,2020-08-11 15:07:53,2.1,450,8
2867,CA1947,,07:40:00,10:55:00,2020-08-12 14:15:57,2.1,450,7
2903,CA1947,,07:40:00,10:55:00,2020-08-13 15:04:50,2.0,420,6
2993,CA1947,,07:40:00,10:55:00,2020-08-14 15:34:48,2.7,580,5
2999,CA1947,,07:40:00,10:55:00,2020-08-15 15:03:57,2.7,580,4
3052,CA1947,,07:40:00,10:55:00,2020-08-16 15:05:11,2.7,580,3
3097,CA1947,,07:40:00,10:55:00,2020-08-17 15:18:04,3.6,770,2
3168,CA1947,,07:40:00,10:55:00,2020-08-19 14:12:01,3.6,770,0
1160,CA1949,,16:05:00,19:30:00,2020-07-05 15:29:41,2.8,600,45
1206,CA1949,,16:05:00,19:30:00,2020-07-06 14:14:27,2.8,600,44
1252,CA1949,,16:05:00,19:30:00,2020-07-07 13:10:33,2.8,600,43
1314,CA1949,,16:05:00,19:30:00,2020-07-08 15:04:04,2.8,600,42
1371,CA1949,,16:05:00,19:30:00,2020-07-09 16:04:09,2.8,600,41
1409,CA1949,,16:05:00,19:30:00,2020-07-10 14:58:18,2.8,600,40
1454,CA1949,,16:05:00,19:30:00,2020-07-11 15:03:17,2.8,600,39
1483,CA1949,,16:05:00,19:30:00,2020-07-12 15:30:02,2.8,600,38
1531,CA1949,,16:05:00,19:30:00,2020-07-13 14:36:02,2.8,600,37
1577,CA1949,,16:05:00,19:30:00,2020-07-14 15:58:17,3.0,640,36
1625,CA1949,,16:05:00,19:30:00,2020-07-15 15:29:59,3.0,640,35
1671,CA1949,,16:05:00,19:30:00,2020-07-16 15:25:43,3.0,640,34
1709,CA1949,,16:05:00,19:30:00,2020-07-17 16:39:46,3.0,640,33
1774,CA1949,,16:05:00,19:30:00,2020-07-18 17:30:47,3.0,640,32
1823,CA1949,,16:05:00,19:30:00,2020-07-19 14:13:06,3.0,640,31
1874,CA1949,,16:05:00,19:30:00,2020-07-20 15:24:47,3.0,640,30
1924,CA1949,,16:05:00,19:30:00,2020-07-21 15:00:00,3.0,640,29
1963,CA1949,,16:05:00,19:30:00,2020-07-22 15:05:02,3.0,640,28
2053,CA1949,,16:05:00,19:30:00,2020-07-24 14:11:09,3.0,640,26
2075,CA1949,,16:05:00,19:30:00,2020-07-25 14:24:11,3.0,640,25
2122,CA1949,,16:05:00,19:30:00,2020-07-26 14:11:30,3.0,640,24
2168,CA1949,,16:05:00,19:30:00,2020-07-27 15:42:59,3.0,640,23
2235,CA1949,,16:05:00,19:30:00,2020-07-28 16:51:19,3.0,640,22
2262,CA1949,,16:05:00,19:30:00,2020-07-30 14:09:25,2.4,510,20
2312,CA1949,,16:05:00,19:30:00,2020-07-31 14:13:51,2.4,510,19
2359,CA1949,,16:05:00,19:30:00,2020-08-01 15:29:02,2.4,510,18
2417,CA1949,,16:05:00,19:30:00,2020-08-02 16:55:46,3.0,640,17
2440,CA1949,,16:05:00,19:30:00,2020-08-03 13:10:22,2.4,510,16
2499,CA1949,,16:05:00,19:30:00,2020-08-04 14:17:31,2.4,510,15
2574,CA1949,,16:05:00,19:30:00,2020-08-05 15:49:53,2.4,510,14
2587,CA1949,,16:05:00,19:30:00,2020-08-06 14:25:51,2.4,510,13
2632,CA1949,,16:05:00,19:30:00,2020-08-07 14:15:31,3.0,640,12
2674,CA1949,,16:05:00,19:30:00,2020-08-08 15:46:25,3.0,640,11
2758,CA1949,,16:05:00,19:30:00,2020-08-09 15:21:59,3.0,640,10
2790,CA1949,,16:05:00,19:30:00,2020-08-10 16:37:33,3.0,640,9
2819,CA1949,,16:05:00,19:30:00,2020-08-11 15:07:53,2.4,510,8
2893,CA1949,,16:05:00,19:30:00,2020-08-12 14:15:57,3.0,640,7
2932,CA1949,,16:05:00,19:30:00,2020-08-13 15:04:50,3.0,640,6
2964,CA1949,,16:05:00,19:30:00,2020-08-14 15:34:48,3.0,640,5
3022,CA1949,,16:05:00,19:30:00,2020-08-15 15:03:57,3.0,640,4
3069,CA1949,,16:05:00,19:30:00,2020-08-16 15:05:11,3.0,640,3
3116,CA1949,,16:05:00,19:30:00,2020-08-17 15:18:04,4.0,850,2
3166,CA1949,,16:05:00,19:30:00,2020-08-19 14:12:01,3.4,720,0
1174,CA4480,,13:50:00,19:00:00,2020-07-05 15:29:41,4.8,1010,45
1220,CA4480,,13:50:00,19:00:00,2020-07-06 14:14:27,4.8,1010,44
1266,CA4480,,13:50:00,19:00:00,2020-07-07 13:10:33,4.8,1010,43
1300,CA4480,,13:50:00,19:00:00,2020-07-08 15:04:04,4.8,1010,42
1357,CA4480,,13:50:00,19:00:00,2020-07-09 16:04:09,4.8,1010,41
1394,CA4480,,13:50:00,19:00:00,2020-07-10 14:58:18,4.8,1010,40
1440,CA4480,,13:50:00,19:00:00,2020-07-11 15:03:17,4.8,1010,39
1498,CA4480,,13:50:00,19:00:00,2020-07-12 15:30:02,4.8,1010,38
1546,CA4480,,13:50:00,19:00:00,2020-07-13 14:36:02,4.8,1010,37
1592,CA4480,,13:50:00,19:00:00,2020-07-14 15:58:17,4.8,1010,36
1640,CA4480,,13:50:00,19:00:00,2020-07-15 15:29:59,4.8,1010,35
1686,CA4480,,13:50:00,19:00:00,2020-07-16 15:25:43,4.8,1010,34
1724,CA4480,,13:50:00,19:00:00,2020-07-17 16:39:46,4.8,1010,33
1801,CA4480,,13:50:00,19:00:00,2020-07-18 17:30:47,4.8,1010,32
1837,CA4480,,13:50:00,19:00:00,2020-07-19 14:13:06,4.8,1010,31
1889,CA4480,,13:50:00,19:00:00,2020-07-20 15:24:47,4.8,1010,30
1939,CA4480,,13:50:00,19:00:00,2020-07-21 15:00:00,4.8,1010,29
1977,CA4480,,13:50:00,19:00:00,2020-07-22 15:05:02,4.8,1010,28
2029,CA4480,,13:50:00,19:00:00,2020-07-24 14:11:09,4.8,1010,26
2088,CA4480,,13:50:00,19:00:00,2020-07-25 14:24:11,4.8,1010,25
2135,CA4480,,13:50:00,19:00:00,2020-07-26 14:11:30,4.8,1010,24
2181,CA4480,,13:50:00,19:00:00,2020-07-27 15:42:59,4.8,1010,23
2216,CA4480,,13:50:00,19:00:00,2020-07-28 16:51:19,4.8,1010,22
2275,CA4480,,13:50:00,19:00:00,2020-07-30 14:09:25,4.8,1010,20
2325,CA4480,,13:50:00,19:00:00,2020-07-31 14:13:51,4.8,1010,19
2347,CA4480,,13:50:00,19:00:00,2020-08-01 15:29:02,4.8,1010,18
2405,CA4480,,13:50:00,19:00:00,2020-08-02 16:55:46,4.8,1010,17
2453,CA4480,,13:50:00,19:00:00,2020-08-03 13:10:22,4.8,1010,16
2486,CA4480,,13:50:00,19:00:00,2020-08-04 14:17:31,4.8,1010,15
2560,CA4480,,13:50:00,19:00:00,2020-08-05 15:49:53,4.8,1010,14
2575,CA4480,,13:50:00,19:00:00,2020-08-06 14:25:51,4.8,1010,13
2651,CA4480,,13:50:00,19:00:00,2020-08-07 14:15:31,4.8,1010,12
2707,CA4480,,13:50:00,19:00:00,2020-08-08 15:46:25,4.8,1010,11
2718,CA4480,,13:50:00,19:00:00,2020-08-09 15:21:59,4.8,1010,10
2777,CA4480,,13:50:00,19:00:00,2020-08-10 16:37:33,4.8,1010,9
2836,CA4480,,13:50:00,19:00:00,2020-08-11 15:07:53,4.8,1010,8
2880,CA4480,,13:50:00,19:00:00,2020-08-12 14:15:57,4.8,1010,7
2919,CA4480,,13:50:00,19:00:00,2020-08-13 15:04:50,4.8,1010,6
2977,CA4480,,13:50:00,19:00:00,2020-08-14 15:34:48,3.8,810,5
3034,CA4480,,13:50:00,19:00:00,2020-08-15 15:03:57,3.8,810,4
3057,CA4480,,13:50:00,19:00:00,2020-08-16 15:05:11,3.8,810,3
3104,CA4480,,13:50:00,19:00:00,2020-08-17 15:18:04,4.8,1010,2
3150,CA4480,,13:50:00,19:00:00,2020-08-19 14:12:01,4.8,1010,0
1175,CA4504,,11:50:00,15:15:00,2020-07-05 15:29:41,2.8,600,45
1221,CA4504,,11:50:00,15:15:00,2020-07-06 14:14:27,2.8,600,44
1267,CA4504,,11:50:00,15:15:00,2020-07-07 13:10:33,2.4,500,43
1299,CA4504,,11:50:00,15:15:00,2020-07-08 15:04:04,2.4,500,42
1356,CA4504,,11:50:00,15:15:00,2020-07-09 16:04:09,2.4,500,41
1393,CA4504,,11:50:00,15:15:00,2020-07-10 14:58:18,2.4,500,40
1439,CA4504,,11:50:00,15:15:00,2020-07-11 15:03:17,2.4,500,39
1499,CA4504,,11:50:00,15:15:00,2020-07-12 15:30:02,2.4,500,38
1547,CA4504,,11:50:00,15:15:00,2020-07-13 14:36:02,2.4,500,37
1593,CA4504,,11:50:00,15:15:00,2020-07-14 15:58:17,3.0,640,36
1641,CA4504,,11:50:00,15:15:00,2020-07-15 15:29:59,3.0,640,35
1687,CA4504,,11:50:00,15:15:00,2020-07-16 15:25:43,3.0,640,34
1725,CA4504,,11:50:00,15:15:00,2020-07-17 16:39:46,3.0,640,33
1802,CA4504,,11:50:00,15:15:00,2020-07-18 17:30:47,3.0,640,32
1838,CA4504,,11:50:00,15:15:00,2020-07-19 14:13:06,3.0,640,31
1890,CA4504,,11:50:00,15:15:00,2020-07-20 15:24:47,3.0,640,30
1940,CA4504,,11:50:00,15:15:00,2020-07-21 15:00:00,3.0,640,29
1978,CA4504,,11:50:00,15:15:00,2020-07-22 15:05:02,3.0,640,28
2030,CA4504,,11:50:00,15:15:00,2020-07-24 14:11:09,3.0,640,26
2089,CA4504,,11:50:00,15:15:00,2020-07-25 14:24:11,3.0,640,25
2136,CA4504,,11:50:00,15:15:00,2020-07-26 14:11:30,3.0,640,24
2182,CA4504,,11:50:00,15:15:00,2020-07-27 15:42:59,3.0,640,23
2215,CA4504,,11:50:00,15:15:00,2020-07-28 16:51:19,3.0,640,22
2276,CA4504,,11:50:00,15:15:00,2020-07-30 14:09:25,3.0,640,20
2327,CA4504,,11:50:00,15:15:00,2020-07-31 14:13:51,3.0,640,19
2346,CA4504,,11:50:00,15:15:00,2020-08-01 15:29:02,3.0,640,18
2404,CA4504,,11:50:00,15:15:00,2020-08-02 16:55:46,3.0,640,17
2454,CA4504,,11:50:00,15:15:00,2020-08-03 13:10:22,2.4,510,16
2485,CA4504,,11:50:00,15:15:00,2020-08-04 14:17:31,2.4,510,15
2559,CA4504,,11:50:00,15:15:00,2020-08-05 15:49:53,2.4,510,14
2621,CA4504,,11:50:00,15:15:00,2020-08-06 14:25:51,2.4,510,13
2652,CA4504,,11:50:00,15:15:00,2020-08-07 14:15:31,3.0,640,12
2706,CA4504,,11:50:00,15:15:00,2020-08-08 15:46:25,3.0,640,11
2719,CA4504,,11:50:00,15:15:00,2020-08-09 15:21:59,3.0,640,10
2776,CA4504,,11:50:00,15:15:00,2020-08-10 16:37:33,3.0,640,9
2846,CA4504,,11:50:00,15:15:00,2020-08-11 15:07:53,2.4,510,8
2879,CA4504,,11:50:00,15:15:00,2020-08-12 14:15:57,3.0,640,7
2918,CA4504,,11:50:00,15:15:00,2020-08-13 15:04:50,2.3,480,6
2978,CA4504,,11:50:00,15:15:00,2020-08-14 15:34:48,3.0,640,5
3035,CA4504,,11:50:00,15:15:00,2020-08-15 15:03:57,3.0,640,4
3056,CA4504,,11:50:00,15:15:00,2020-08-16 15:05:11,3.0,640,3
3105,CA4504,,11:50:00,15:15:00,2020-08-17 15:18:04,4.0,850,2
3151,CA4504,,11:50:00,15:15:00,2020-08-19 14:12:01,3.4,720,0
1146,CA4514,,20:25:00,23:50:00,2020-07-05 15:29:41,2.8,600,45
1192,CA4514,,20:25:00,23:50:00,2020-07-06 14:14:27,2.8,600,44
1238,CA4514,,20:25:00,23:50:00,2020-07-07 13:10:33,2.4,500,43
1328,CA4514,,20:25:00,23:50:00,2020-07-08 15:04:04,2.4,500,42
1332,CA4514,,20:25:00,23:50:00,2020-07-09 16:04:09,2.4,500,41
1420,CA4514,,20:25:00,23:50:00,2020-07-10 14:58:18,2.4,500,40
1468,CA4514,,20:25:00,23:50:00,2020-07-11 15:03:17,2.4,500,39
1469,CA4514,,20:25:00,23:50:00,2020-07-12 15:30:02,2.4,500,38
1517,CA4514,,20:25:00,23:50:00,2020-07-13 14:36:02,2.4,500,37
1564,CA4514,,20:25:00,23:50:00,2020-07-14 15:58:17,2.7,580,36
1611,CA4514,,20:25:00,23:50:00,2020-07-15 15:29:59,2.7,580,35
1657,CA4514,,20:25:00,23:50:00,2020-07-16 15:25:43,2.7,580,34
1744,CA4514,,20:25:00,23:50:00,2020-07-17 16:39:46,2.7,580,33
1756,CA4514,,20:25:00,23:50:00,2020-07-18 17:30:47,2.7,580,32
1807,CA4514,,20:25:00,23:50:00,2020-07-19 14:13:06,2.7,580,31
1858,CA4514,,20:25:00,23:50:00,2020-07-20 15:24:47,2.7,580,30
1909,CA4514,,20:25:00,23:50:00,2020-07-21 15:00:00,2.7,580,29
1994,CA4514,,20:25:00,23:50:00,2020-07-22 15:05:02,2.7,580,28
2036,CA4514,,20:25:00,23:50:00,2020-07-24 14:11:09,2.7,580,26
2059,CA4514,,20:25:00,23:50:00,2020-07-25 14:24:11,2.7,580,25
2106,CA4514,,20:25:00,23:50:00,2020-07-26 14:11:30,2.7,580,24
2152,CA4514,,20:25:00,23:50:00,2020-07-27 15:42:59,2.7,580,23
2243,CA4514,,20:25:00,23:50:00,2020-07-28 16:51:19,2.7,580,22
2246,CA4514,,20:25:00,23:50:00,2020-07-30 14:09:25,2.7,580,20
2310,CA4514,,20:25:00,23:50:00,2020-07-31 14:13:51,2.7,580,19
2386,CA4514,,20:25:00,23:50:00,2020-08-01 15:29:02,2.7,580,18
2433,CA4514,,20:25:00,23:50:00,2020-08-02 16:55:46,2.7,580,17
2480,CA4514,,20:25:00,23:50:00,2020-08-03 13:10:22,2.7,580,16
2513,CA4514,,20:25:00,23:50:00,2020-08-04 14:17:31,2.7,580,15
2529,CA4514,,20:25:00,23:50:00,2020-08-05 15:49:53,2.7,580,14
2603,CA4514,,20:25:00,23:50:00,2020-08-06 14:25:51,2.7,580,13
2648,CA4514,,20:25:00,23:50:00,2020-08-07 14:15:31,2.7,580,12
2689,CA4514,,20:25:00,23:50:00,2020-08-08 15:46:25,2.7,580,11
2737,CA4514,,20:25:00,23:50:00,2020-08-09 15:21:59,2.7,580,10
2805,CA4514,,20:25:00,23:50:00,2020-08-10 16:37:33,2.7,580,9
2835,CA4514,,20:25:00,23:50:00,2020-08-11 15:07:53,2.7,580,8
2872,CA4514,,20:25:00,23:50:00,2020-08-12 14:15:57,2.7,580,7
2947,CA4514,,20:25:00,23:50:00,2020-08-13 15:04:50,2.7,580,6
2948,CA4514,,20:25:00,23:50:00,2020-08-14 15:34:48,2.7,580,5
3006,CA4514,,20:25:00,23:50:00,2020-08-15 15:03:57,2.7,580,4
3074,CA4514,,20:25:00,23:50:00,2020-08-16 15:05:11,2.7,580,3
3130,CA4514,,20:25:00,23:50:00,2020-08-17 15:18:04,3.6,770,2
3132,CA4514,,20:25:00,23:50:00,2020-08-19 14:12:01,3.6,770,0
3179,CA4514,,20:25:00,23:50:00,2020-08-20 15:17:42,3.6,770,0
1190,CA4536,,21:10:00,00:20:00,2020-07-05 15:29:41,2.1,455,45
1235,CA4536,,21:10:00,00:20:00,2020-07-06 14:14:27,2.1,450,44
1280,CA4536,,21:10:00,00:20:00,2020-07-07 13:10:33,2.2,458,43
1285,CA4536,,21:10:00,00:20:00,2020-07-08 15:04:04,2.1,455,42
1341,CA4536,,21:10:00,00:20:00,2020-07-09 16:04:09,2.2,458,41
1378,CA4536,,21:10:00,00:20:00,2020-07-10 14:58:18,2.2,462,40
1424,CA4536,,21:10:00,00:20:00,2020-07-11 15:03:17,2.1,450,39
1514,CA4536,,21:10:00,00:20:00,2020-07-12 15:30:02,2.1,450,38
1516,CA4536,,21:10:00,00:20:00,2020-07-13 14:36:02,2.1,450,37
1608,CA4536,,21:10:00,00:20:00,2020-07-14 15:58:17,2.5,540,36
1656,CA4536,,21:10:00,00:20:00,2020-07-15 15:29:59,2.5,540,35
1702,CA4536,,21:10:00,00:20:00,2020-07-16 15:25:43,2.5,540,34
1742,CA4536,,21:10:00,00:20:00,2020-07-17 16:39:46,1.4,290,33
1760,CA4536,,21:10:00,00:20:00,2020-07-18 17:30:47,2.5,540,32
1855,CA4536,,21:10:00,00:20:00,2020-07-19 14:13:06,2.5,540,31
1907,CA4536,,21:10:00,00:20:00,2020-07-20 15:24:47,2.5,540,30
1957,CA4536,,21:10:00,00:20:00,2020-07-21 15:00:00,2.5,540,29
2006,CA4536,,21:10:00,00:20:00,2020-07-22 15:05:02,2.5,540,28
2020,CA4536,,21:10:00,00:20:00,2020-07-24 14:11:09,2.9,610,26
2103,CA4536,,21:10:00,00:20:00,2020-07-25 14:24:11,2.9,610,25
2151,CA4536,,21:10:00,00:20:00,2020-07-26 14:11:30,2.9,610,24
2197,CA4536,,21:10:00,00:20:00,2020-07-27 15:42:59,3.0,630,23
2201,CA4536,,21:10:00,00:20:00,2020-07-28 16:51:19,3.0,630,22
2291,CA4536,,21:10:00,00:20:00,2020-07-30 14:09:25,3.8,810,20
2295,CA4536,,21:10:00,00:20:00,2020-07-31 14:13:51,3.8,810,19
2341,CA4536,,21:10:00,00:20:00,2020-08-01 15:29:02,3.8,810,18
2389,CA4536,,21:10:00,00:20:00,2020-08-02 16:55:46,3.8,810,17
2468,CA4536,,21:10:00,00:20:00,2020-08-03 13:10:22,3.8,810,16
2502,CA4536,,21:10:00,00:20:00,2020-08-04 14:17:31,3.8,810,15
2544,CA4536,,21:10:00,00:20:00,2020-08-05 15:49:53,3.8,810,14
2606,CA4536,,21:10:00,00:20:00,2020-08-06 14:25:51,3.8,810,13
2664,CA4536,,21:10:00,00:20:00,2020-08-07 14:15:31,3.8,810,12
2691,CA4536,,21:10:00,00:20:00,2020-08-08 15:46:25,3.8,810,11
2729,CA4536,,21:10:00,00:20:00,2020-08-09 15:21:59,3.8,810,10
2807,CA4536,,21:10:00,00:20:00,2020-08-10 16:37:33,3.0,630,9
2813,CA4536,,21:10:00,00:20:00,2020-08-11 15:07:53,3.0,630,8
2866,CA4536,,21:10:00,00:20:00,2020-08-12 14:15:57,3.0,630,7
2904,CA4536,,21:10:00,00:20:00,2020-08-13 15:04:50,2.8,600,6
2992,CA4536,,21:10:00,00:20:00,2020-08-14 15:34:48,3.0,630,5
3000,CA4536,,21:10:00,00:20:00,2020-08-15 15:03:57,3.0,630,4
3051,CA4536,,21:10:00,00:20:00,2020-08-16 15:05:11,3.0,630,3
3096,CA4536,,21:10:00,00:20:00,2020-08-17 15:18:04,3.4,720,2
3169,CA4536,,21:10:00,00:20:00,2020-08-19 14:12:01,3.4,720,0
3182,CA4536,,21:10:00,00:20:00,2020-08-20 15:17:42,3.4,720,0
1749,CZ8249,,08:30:00,11:30:00,2020-07-17 16:39:46,4.9,939,33
1763,CZ8249,,08:30:00,11:30:00,2020-07-18 17:30:47,4.9,950,32
1813,CZ8249,,08:30:00,11:30:00,2020-07-19 14:13:06,4.9,950,31
1864,CZ8249,,08:30:00,11:30:00,2020-07-20 15:24:47,3.3,629,30
1915,CZ8249,,08:30:00,11:30:00,2020-07-21 15:00:00,3.3,640,29
2000,CZ8249,,08:30:00,11:30:00,2020-07-22 15:05:02,3.3,640,28
2041,CZ8249,,08:30:00,11:30:00,2020-07-24 14:11:09,3.3,640,26
2064,CZ8249,,08:30:00,11:30:00,2020-07-25 14:24:11,3.3,640,25
2111,CZ8249,,08:30:00,11:30:00,2020-07-26 14:11:30,3.3,640,24
2157,CZ8249,,08:30:00,11:30:00,2020-07-27 15:42:59,3.3,640,23
2228,CZ8249,,08:30:00,11:30:00,2020-07-28 16:51:19,2.6,510,22
2251,CZ8249,,08:30:00,11:30:00,2020-07-30 14:09:25,2.6,503,20
2300,CZ8249,,08:30:00,11:30:00,2020-07-31 14:13:51,2.6,510,19
2348,CZ8249,,08:30:00,11:30:00,2020-08-01 15:29:02,2.6,510,18
2428,CZ8249,,08:30:00,11:30:00,2020-08-02 16:55:46,2.6,510,17
2475,CZ8249,,08:30:00,11:30:00,2020-08-03 13:10:22,2.6,500,16
2519,CZ8249,,08:30:00,11:30:00,2020-08-04 14:17:31,2.6,510,15
2538,CZ8249,,08:30:00,11:30:00,2020-08-05 15:49:53,3.3,640,14
2598,CZ8249,,08:30:00,11:30:00,2020-08-06 14:25:51,2.6,510,13
2643,CZ8249,,08:30:00,11:30:00,2020-08-07 14:15:31,2.6,510,12
2669,CZ8249,,08:30:00,11:30:00,2020-08-08 15:46:25,2.6,510,11
2742,CZ8249,,08:30:00,11:30:00,2020-08-09 15:21:59,2.6,510,10
2800,CZ8249,,08:30:00,11:30:00,2020-08-10 16:37:33,2.6,502,9
2830,CZ8249,,08:30:00,11:30:00,2020-08-11 15:07:53,2.6,510,8
2869,CZ8249,,08:30:00,11:30:00,2020-08-12 14:15:57,2.6,510,7
2942,CZ8249,,08:30:00,11:30:00,2020-08-13 15:04:50,2.4,461,6
2953,CZ8249,,08:30:00,11:30:00,2020-08-14 15:34:48,3.1,591,5
3011,CZ8249,,08:30:00,11:30:00,2020-08-15 15:03:57,3.3,640,4
3079,CZ8249,,08:30:00,11:30:00,2020-08-16 15:05:11,3.3,640,3
3087,CZ8249,,08:30:00,11:30:00,2020-08-17 15:18:04,4.2,804,2
3141,CZ8249,,08:30:00,11:30:00,2020-08-19 14:12:01,4.2,803,0
1733,CZ8557,,13:40:00,17:20:00,2020-07-17 16:39:46,4.9,939,33
1782,CZ8557,,13:40:00,17:20:00,2020-07-18 17:30:47,4.9,950,32
1846,CZ8557,,13:40:00,17:20:00,2020-07-19 14:13:06,4.9,950,31
1898,CZ8557,,13:40:00,17:20:00,2020-07-20 15:24:47,3.3,629,30
1948,CZ8557,,13:40:00,17:20:00,2020-07-21 15:00:00,3.3,640,29
1986,CZ8557,,13:40:00,17:20:00,2020-07-22 15:05:02,3.3,640,28
2012,CZ8557,,13:40:00,17:20:00,2020-07-24 14:11:09,3.3,640,26
2096,CZ8557,,13:40:00,17:20:00,2020-07-25 14:24:11,3.3,640,25
2144,CZ8557,,13:40:00,17:20:00,2020-07-26 14:11:30,3.3,640,24
2190,CZ8557,,13:40:00,17:20:00,2020-07-27 15:42:59,3.3,640,23
2208,CZ8557,,13:40:00,17:20:00,2020-07-28 16:51:19,2.6,510,22
2284,CZ8557,,13:40:00,17:20:00,2020-07-30 14:09:25,2.6,503,20
2335,CZ8557,,13:40:00,17:20:00,2020-07-31 14:13:51,3.3,640,19
2380,CZ8557,,13:40:00,17:20:00,2020-08-01 15:29:02,2.6,510,18
2396,CZ8557,,13:40:00,17:20:00,2020-08-02 16:55:46,2.6,510,17
2461,CZ8557,,13:40:00,17:20:00,2020-08-03 13:10:22,2.6,503,16
2509,CZ8557,,13:40:00,17:20:00,2020-08-04 14:17:31,3.3,640,15
2551,CZ8557,,13:40:00,17:20:00,2020-08-05 15:49:53,3.3,640,14
2613,CZ8557,,13:40:00,17:20:00,2020-08-06 14:25:51,3.7,720,13
2658,CZ8557,,13:40:00,17:20:00,2020-08-07 14:15:31,3.7,720,12
2698,CZ8557,,13:40:00,17:20:00,2020-08-08 15:46:25,3.7,720,11
2734,CZ8557,,13:40:00,17:20:00,2020-08-09 15:21:59,3.7,720,10
2768,CZ8557,,13:40:00,17:20:00,2020-08-10 16:37:33,3.6,689,9
2844,CZ8557,,13:40:00,17:20:00,2020-08-11 15:07:53,3.7,720,8
2860,CZ8557,,13:40:00,17:20:00,2020-08-12 14:15:57,3.7,720,7
2910,CZ8557,,13:40:00,17:20:00,2020-08-13 15:04:50,3.5,674,6
2986,CZ8557,,13:40:00,17:20:00,2020-08-14 15:34:48,3.6,688,5
2996,CZ8557,,13:40:00,17:20:00,2020-08-15 15:03:57,3.7,720,4
3045,CZ8557,,13:40:00,17:20:00,2020-08-16 15:05:11,3.7,720,3
3090,CZ8557,,13:40:00,17:20:00,2020-08-17 15:18:04,4.2,804,2
3175,CZ8557,,13:40:00,17:20:00,2020-08-19 14:12:01,4.2,803,0
1739,CZ8615,,17:40:00,21:00:00,2020-07-17 16:39:46,4.9,939,33
1788,CZ8615,,17:40:00,21:00:00,2020-07-18 17:30:47,4.9,950,32
1852,CZ8615,,17:40:00,21:00:00,2020-07-19 14:13:06,4.9,950,31
1904,CZ8615,,17:40:00,21:00:00,2020-07-20 15:24:47,3.3,629,30
1954,CZ8615,,17:40:00,21:00:00,2020-07-21 15:00:00,3.3,640,29
1992,CZ8615,,17:40:00,21:00:00,2020-07-22 15:05:02,3.3,640,28
2018,CZ8615,,17:40:00,21:00:00,2020-07-24 14:11:09,3.3,640,26
1753,CZ8617,,07:30:00,10:50:00,2020-07-17 16:39:46,2.9,569,33
1767,CZ8617,,07:30:00,10:50:00,2020-07-18 17:30:47,3.0,580,32
1816,CZ8617,,07:30:00,10:50:00,2020-07-19 14:13:06,3.0,580,31
1867,CZ8617,,07:30:00,10:50:00,2020-07-20 15:24:47,2.9,569,30
1918,CZ8617,,07:30:00,10:50:00,2020-07-21 15:00:00,3.0,580,29
2003,CZ8617,,07:30:00,10:50:00,2020-07-22 15:05:02,3.0,580,28
2046,CZ8617,,07:30:00,10:50:00,2020-07-24 14:11:09,3.0,580,26
2068,CZ8617,,07:30:00,10:50:00,2020-07-25 14:24:11,4.9,950,25
2115,CZ8617,,07:30:00,10:50:00,2020-07-26 14:11:30,4.9,950,24
2161,CZ8617,,07:30:00,10:50:00,2020-07-27 15:42:59,4.9,950,23
2244,CZ8617,,07:30:00,10:50:00,2020-07-28 16:51:19,2.3,450,22
2255,CZ8617,,07:30:00,10:50:00,2020-07-30 14:09:25,2.3,443,20
2304,CZ8617,,07:30:00,10:50:00,2020-07-31 14:13:51,2.3,450,19
2352,CZ8617,,07:30:00,10:50:00,2020-08-01 15:29:02,2.3,450,18
2424,CZ8617,,07:30:00,10:50:00,2020-08-02 16:55:46,2.3,450,17
2471,CZ8617,,07:30:00,10:50:00,2020-08-03 13:10:22,2.3,440,16
2527,CZ8617,,07:30:00,10:50:00,2020-08-04 14:17:31,2.3,450,15
2534,CZ8617,,07:30:00,10:50:00,2020-08-05 15:49:53,2.3,450,14
2594,CZ8617,,07:30:00,10:50:00,2020-08-06 14:25:51,2.3,450,13
2639,CZ8617,,07:30:00,10:50:00,2020-08-07 14:15:31,2.3,450,12
2681,CZ8617,,07:30:00,10:50:00,2020-08-08 15:46:25,2.3,450,11
2746,CZ8617,,07:30:00,10:50:00,2020-08-09 15:21:59,2.3,450,10
2797,CZ8617,,07:30:00,10:50:00,2020-08-10 16:37:33,2.2,421,9
2826,CZ8617,,07:30:00,10:50:00,2020-08-11 15:07:53,2.3,450,8
2900,CZ8617,,07:30:00,10:50:00,2020-08-12 14:15:57,2.3,450,7
2938,CZ8617,,07:30:00,10:50:00,2020-08-13 15:04:50,2.2,423,6
2957,CZ8617,,07:30:00,10:50:00,2020-08-14 15:34:48,2.8,531,5
3015,CZ8617,,07:30:00,10:50:00,2020-08-15 15:03:57,3.0,580,4
3073,CZ8617,,07:30:00,10:50:00,2020-08-16 15:05:11,3.0,580,3
3098,CZ8617,,07:30:00,10:50:00,2020-08-17 15:18:04,3.8,724,2
3163,CZ8617,,07:30:00,10:50:00,2020-08-19 14:12:01,3.7,723,0
1169,CZ9264,MU5297,21:30:00,00:40:00,2020-07-05 15:29:41,2.8,660,45
1215,CZ9264,MU5297,21:30:00,00:40:00,2020-07-06 14:14:27,2.8,655,44
1261,CZ9264,MU5297,21:30:00,00:40:00,2020-07-07 13:10:33,2.0,470,43
1305,CZ9264,MU5297,21:30:00,00:40:00,2020-07-08 15:04:04,2.0,470,42
1362,CZ9264,MU5297,21:30:00,00:40:00,2020-07-09 16:04:09,2.0,465,41
1399,CZ9264,MU5297,21:30:00,00:40:00,2020-07-10 14:58:18,2.0,470,40
1444,CZ9264,MU5297,21:30:00,00:40:00,2020-07-11 15:03:17,2.0,465,39
1493,CZ9264,MU5297,21:30:00,00:40:00,2020-07-12 15:30:02,2.0,470,38
1541,CZ9264,MU5297,21:30:00,00:40:00,2020-07-13 14:36:02,2.0,470,37
1587,CZ9264,MU5297,21:30:00,00:40:00,2020-07-14 15:58:17,2.0,470,36
1635,CZ9264,MU5297,21:30:00,00:40:00,2020-07-15 15:29:59,2.0,470,35
1681,CZ9264,MU5297,21:30:00,00:40:00,2020-07-16 15:25:43,2.0,470,34
1719,CZ9264,MU5297,21:30:00,00:40:00,2020-07-17 16:39:46,2.0,465,33
1796,CZ9264,MU5297,21:30:00,00:40:00,2020-07-18 17:30:47,2.0,470,32
1832,CZ9264,MU5297,21:30:00,00:40:00,2020-07-19 14:13:06,2.0,470,31
1884,CZ9264,MU5297,21:30:00,00:40:00,2020-07-20 15:24:47,2.0,465,30
1934,CZ9264,MU5297,21:30:00,00:40:00,2020-07-21 15:00:00,4.4,1030,29
1972,CZ9264,MU5297,21:30:00,00:40:00,2020-07-22 15:05:02,4.4,1030,28
1188,CZ9328,MU5403,09:25:00,12:40:00,2020-07-05 15:29:41,3.1,720,45
1233,CZ9328,MU5403,09:25:00,12:40:00,2020-07-06 14:14:27,3.1,715,44
1237,CZ9328,MU5403,09:25:00,12:40:00,2020-07-07 13:10:33,2.2,520,43
1287,CZ9328,MU5403,09:25:00,12:40:00,2020-07-08 15:04:04,2.2,520,42
1343,CZ9328,MU5403,09:25:00,12:40:00,2020-07-09 16:04:09,2.2,515,41
1380,CZ9328,MU5403,09:25:00,12:40:00,2020-07-10 14:58:18,2.2,520,40
1426,CZ9328,MU5403,09:25:00,12:40:00,2020-07-11 15:03:17,2.2,515,39
1512,CZ9328,MU5403,09:25:00,12:40:00,2020-07-12 15:30:02,2.2,520,38
1560,CZ9328,MU5403,09:25:00,12:40:00,2020-07-13 14:36:02,2.2,520,37
1606,CZ9328,MU5403,09:25:00,12:40:00,2020-07-14 15:58:17,3.5,820,36
1654,CZ9328,MU5403,09:25:00,12:40:00,2020-07-15 15:29:59,2.7,640,35
1700,CZ9328,MU5403,09:25:00,12:40:00,2020-07-16 15:25:43,2.7,640,34
1740,CZ9328,MU5403,09:25:00,12:40:00,2020-07-17 16:39:46,2.7,635,33
1789,CZ9328,MU5403,09:25:00,12:40:00,2020-07-18 17:30:47,2.7,640,32
1853,CZ9328,MU5403,09:25:00,12:40:00,2020-07-19 14:13:06,2.7,640,31
1905,CZ9328,MU5403,09:25:00,12:40:00,2020-07-20 15:24:47,2.7,635,30
1955,CZ9328,MU5403,09:25:00,12:40:00,2020-07-21 15:00:00,2.7,640,29
1993,CZ9328,MU5403,09:25:00,12:40:00,2020-07-22 15:05:02,2.7,640,28
2019,CZ9328,MU5403,09:25:00,12:40:00,2020-07-24 14:11:09,2.7,640,26
2102,CZ9328,MU5403,09:25:00,12:40:00,2020-07-25 14:24:11,2.7,640,25
2150,CZ9328,MU5403,09:25:00,12:40:00,2020-07-26 14:11:30,2.7,640,24
2196,CZ9328,MU5403,09:25:00,12:40:00,2020-07-27 15:42:59,2.7,640,23
2202,CZ9328,MU5403,09:25:00,12:40:00,2020-07-28 16:51:19,2.7,640,22
2290,CZ9328,MU5403,09:25:00,12:40:00,2020-07-30 14:09:25,2.7,635,20
2326,CZ9328,MU5403,09:25:00,12:40:00,2020-07-31 14:13:51,2.7,640,19
2340,CZ9328,MU5403,09:25:00,12:40:00,2020-08-01 15:29:02,2.7,640,18
2388,CZ9328,MU5403,09:25:00,12:40:00,2020-08-02 16:55:46,2.7,640,17
2467,CZ9328,MU5403,09:25:00,12:40:00,2020-08-03 13:10:22,2.7,635,16
2503,CZ9328,MU5403,09:25:00,12:40:00,2020-08-04 14:17:31,2.7,640,15
2545,CZ9328,MU5403,09:25:00,12:40:00,2020-08-05 15:49:53,2.7,640,14
2607,CZ9328,MU5403,09:25:00,12:40:00,2020-08-06 14:25:51,2.7,640,13
2665,CZ9328,MU5403,09:25:00,12:40:00,2020-08-07 14:15:31,2.7,640,12
2692,CZ9328,MU5403,09:25:00,12:40:00,2020-08-08 15:46:25,2.7,640,11
2728,CZ9328,MU5403,09:25:00,12:40:00,2020-08-09 15:21:59,2.7,640,10
2808,CZ9328,MU5403,09:25:00,12:40:00,2020-08-10 16:37:33,2.7,635,9
2812,CZ9328,MU5403,09:25:00,12:40:00,2020-08-11 15:07:53,2.7,640,8
2865,CZ9328,MU5403,09:25:00,12:40:00,2020-08-12 14:15:57,2.7,640,7
2905,CZ9328,MU5403,09:25:00,12:40:00,2020-08-13 15:04:50,2.7,635,6
2991,CZ9328,MU5403,09:25:00,12:40:00,2020-08-14 15:34:48,2.7,640,5
3001,CZ9328,MU5403,09:25:00,12:40:00,2020-08-15 15:03:57,2.7,640,4
3050,CZ9328,MU5403,09:25:00,12:40:00,2020-08-16 15:05:11,2.7,640,3
3095,CZ9328,MU5403,09:25:00,12:40:00,2020-08-17 15:18:04,3.1,720,2
3170,CZ9328,MU5403,09:25:00,12:40:00,2020-08-19 14:12:01,5.5,1280,0
1148,CZ9332,MU5407,11:05:00,14:30:00,2020-07-05 15:29:41,3.1,720,45
1194,CZ9332,MU5407,11:05:00,14:30:00,2020-07-06 14:14:27,3.1,715,44
1240,CZ9332,MU5407,11:05:00,14:30:00,2020-07-07 13:10:33,2.2,520,43
1326,CZ9332,MU5407,11:05:00,14:30:00,2020-07-08 15:04:04,2.2,520,42
1330,CZ9332,MU5407,11:05:00,14:30:00,2020-07-09 16:04:09,2.2,515,41
1375,CZ9332,MU5407,11:05:00,14:30:00,2020-07-10 14:58:18,2.2,520,40
1466,CZ9332,MU5407,11:05:00,14:30:00,2020-07-11 15:03:17,2.2,515,39
1471,CZ9332,MU5407,11:05:00,14:30:00,2020-07-12 15:30:02,2.2,520,38
1519,CZ9332,MU5407,11:05:00,14:30:00,2020-07-13 14:36:02,2.2,520,37
1566,CZ9332,MU5407,11:05:00,14:30:00,2020-07-14 15:58:17,3.5,820,36
1613,CZ9332,MU5407,11:05:00,14:30:00,2020-07-15 15:29:59,2.7,640,35
1659,CZ9332,MU5407,11:05:00,14:30:00,2020-07-16 15:25:43,2.7,640,34
1746,CZ9332,MU5407,11:05:00,14:30:00,2020-07-17 16:39:46,2.7,635,33
1758,CZ9332,MU5407,11:05:00,14:30:00,2020-07-18 17:30:47,2.7,640,32
1809,CZ9332,MU5407,11:05:00,14:30:00,2020-07-19 14:13:06,2.7,640,31
1860,CZ9332,MU5407,11:05:00,14:30:00,2020-07-20 15:24:47,2.7,635,30
1911,CZ9332,MU5407,11:05:00,14:30:00,2020-07-21 15:00:00,2.7,640,29
1996,CZ9332,MU5407,11:05:00,14:30:00,2020-07-22 15:05:02,2.7,640,28
2038,CZ9332,MU5407,11:05:00,14:30:00,2020-07-24 14:11:09,2.7,640,26
2061,CZ9332,MU5407,11:05:00,14:30:00,2020-07-25 14:24:11,2.7,640,25
2108,CZ9332,MU5407,11:05:00,14:30:00,2020-07-26 14:11:30,2.7,640,24
2154,CZ9332,MU5407,11:05:00,14:30:00,2020-07-27 15:42:59,2.7,640,23
2231,CZ9332,MU5407,11:05:00,14:30:00,2020-07-28 16:51:19,2.2,510,22
2248,CZ9332,MU5407,11:05:00,14:30:00,2020-07-30 14:09:25,2.2,505,20
2297,CZ9332,MU5407,11:05:00,14:30:00,2020-07-31 14:13:51,2.2,510,19
2372,CZ9332,MU5407,11:05:00,14:30:00,2020-08-01 15:29:02,2.2,510,18
2431,CZ9332,MU5407,11:05:00,14:30:00,2020-08-02 16:55:46,2.2,510,17
2478,CZ9332,MU5407,11:05:00,14:30:00,2020-08-03 13:10:22,2.7,635,16
2515,CZ9332,MU5407,11:05:00,14:30:00,2020-08-04 14:17:31,2.7,640,15
2541,CZ9332,MU5407,11:05:00,14:30:00,2020-08-05 15:49:53,2.7,640,14
2601,CZ9332,MU5407,11:05:00,14:30:00,2020-08-06 14:25:51,2.7,640,13
2646,CZ9332,MU5407,11:05:00,14:30:00,2020-08-07 14:15:31,2.7,640,12
2687,CZ9332,MU5407,11:05:00,14:30:00,2020-08-08 15:46:25,2.7,640,11
2739,CZ9332,MU5407,11:05:00,14:30:00,2020-08-09 15:21:59,2.7,640,10
2803,CZ9332,MU5407,11:05:00,14:30:00,2020-08-10 16:37:33,2.7,635,9
2833,CZ9332,MU5407,11:05:00,14:30:00,2020-08-11 15:07:53,2.7,640,8
2874,CZ9332,MU5407,11:05:00,14:30:00,2020-08-12 14:15:57,2.7,640,7
2945,CZ9332,MU5407,11:05:00,14:30:00,2020-08-13 15:04:50,2.7,635,6
2950,CZ9332,MU5407,11:05:00,14:30:00,2020-08-14 15:34:48,2.7,640,5
3008,CZ9332,MU5407,11:05:00,14:30:00,2020-08-15 15:03:57,2.7,640,4
3076,CZ9332,MU5407,11:05:00,14:30:00,2020-08-16 15:05:11,2.7,640,3
3128,CZ9332,MU5407,11:05:00,14:30:00,2020-08-17 15:18:04,3.1,720,2
3134,CZ9332,MU5407,11:05:00,14:30:00,2020-08-19 14:12:01,5.5,1280,0
1176,CZ9337,MU5413,18:20:00,21:40:00,2020-07-05 15:29:41,3.1,720,45
1222,CZ9337,MU5413,18:20:00,21:40:00,2020-07-06 14:14:27,3.1,715,44
1268,CZ9337,MU5413,18:20:00,21:40:00,2020-07-07 13:10:33,2.2,520,43
1298,CZ9337,MU5413,18:20:00,21:40:00,2020-07-08 15:04:04,2.2,520,42
1355,CZ9337,MU5413,18:20:00,21:40:00,2020-07-09 16:04:09,2.2,515,41
1392,CZ9337,MU5413,18:20:00,21:40:00,2020-07-10 14:58:18,2.2,520,40
1438,CZ9337,MU5413,18:20:00,21:40:00,2020-07-11 15:03:17,2.2,515,39
1500,CZ9337,MU5413,18:20:00,21:40:00,2020-07-12 15:30:02,2.2,520,38
1548,CZ9337,MU5413,18:20:00,21:40:00,2020-07-13 14:36:02,2.2,520,37
1594,CZ9337,MU5413,18:20:00,21:40:00,2020-07-14 15:58:17,3.5,820,36
1642,CZ9337,MU5413,18:20:00,21:40:00,2020-07-15 15:29:59,2.7,640,35
1688,CZ9337,MU5413,18:20:00,21:40:00,2020-07-16 15:25:43,2.7,640,34
1726,CZ9337,MU5413,18:20:00,21:40:00,2020-07-17 16:39:46,2.7,635,33
1803,CZ9337,MU5413,18:20:00,21:40:00,2020-07-18 17:30:47,2.7,640,32
1839,CZ9337,MU5413,18:20:00,21:40:00,2020-07-19 14:13:06,2.7,640,31
1891,CZ9337,MU5413,18:20:00,21:40:00,2020-07-20 15:24:47,2.7,635,30
1941,CZ9337,MU5413,18:20:00,21:40:00,2020-07-21 15:00:00,2.7,640,29
1979,CZ9337,MU5413,18:20:00,21:40:00,2020-07-22 15:05:02,2.7,640,28
2031,CZ9337,MU5413,18:20:00,21:40:00,2020-07-24 14:11:09,2.7,640,26
2058,CZ9337,MU5413,18:20:00,21:40:00,2020-07-25 14:24:11,2.7,640,25
2137,CZ9337,MU5413,18:20:00,21:40:00,2020-07-26 14:11:30,2.7,640,24
2183,CZ9337,MU5413,18:20:00,21:40:00,2020-07-27 15:42:59,2.7,640,23
2214,CZ9337,MU5413,18:20:00,21:40:00,2020-07-28 16:51:19,2.2,510,22
2277,CZ9337,MU5413,18:20:00,21:40:00,2020-07-30 14:09:25,2.2,505,20
2328,CZ9337,MU5413,18:20:00,21:40:00,2020-07-31 14:13:51,2.2,510,19
2345,CZ9337,MU5413,18:20:00,21:40:00,2020-08-01 15:29:02,2.7,640,18
2403,CZ9337,MU5413,18:20:00,21:40:00,2020-08-02 16:55:46,2.7,640,17
2455,CZ9337,MU5413,18:20:00,21:40:00,2020-08-03 13:10:22,2.7,635,16
2484,CZ9337,MU5413,18:20:00,21:40:00,2020-08-04 14:17:31,2.2,510,15
2558,CZ9337,MU5413,18:20:00,21:40:00,2020-08-05 15:49:53,2.2,510,14
2620,CZ9337,MU5413,18:20:00,21:40:00,2020-08-06 14:25:51,2.7,640,13
2653,CZ9337,MU5413,18:20:00,21:40:00,2020-08-07 14:15:31,2.7,640,12
2705,CZ9337,MU5413,18:20:00,21:40:00,2020-08-08 15:46:25,2.7,640,11
2720,CZ9337,MU5413,18:20:00,21:40:00,2020-08-09 15:21:59,2.7,640,10
2775,CZ9337,MU5413,18:20:00,21:40:00,2020-08-10 16:37:33,2.7,635,9
2837,CZ9337,MU5413,18:20:00,21:40:00,2020-08-11 15:07:53,2.7,640,8
2878,CZ9337,MU5413,18:20:00,21:40:00,2020-08-12 14:15:57,2.7,640,7
2917,CZ9337,MU5413,18:20:00,21:40:00,2020-08-13 15:04:50,2.7,635,6
2979,CZ9337,MU5413,18:20:00,21:40:00,2020-08-14 15:34:48,2.7,640,5
3036,CZ9337,MU5413,18:20:00,21:40:00,2020-08-15 15:03:57,2.7,640,4
3055,CZ9337,MU5413,18:20:00,21:40:00,2020-08-16 15:05:11,2.7,640,3
3106,CZ9337,MU5413,18:20:00,21:40:00,2020-08-17 15:18:04,3.1,720,2
3152,CZ9337,MU5413,18:20:00,21:40:00,2020-08-19 14:12:01,5.5,1280,0
3187,CZ9337,MU5413,18:20:00,21:40:00,2020-08-20 15:17:42,5.5,1280,0
1167,EU6668,,21:30:00,01:05:00,2020-07-05 15:29:41,3.0,700,45
1213,EU6668,,21:30:00,01:05:00,2020-07-06 14:14:27,3.0,700,44
1259,EU6668,,21:30:00,01:05:00,2020-07-07 13:10:33,3.0,700,43
1307,EU6668,,21:30:00,01:05:00,2020-07-08 15:04:04,3.0,700,42
1364,EU6668,,21:30:00,01:05:00,2020-07-09 16:04:09,3.0,700,41
1402,EU6668,,21:30:00,01:05:00,2020-07-10 14:58:18,3.0,700,40
1447,EU6668,,21:30:00,01:05:00,2020-07-11 15:03:17,3.0,700,39
1490,EU6668,,21:30:00,01:05:00,2020-07-12 15:30:02,3.0,700,38
1538,EU6668,,21:30:00,01:05:00,2020-07-13 14:36:02,3.0,700,37
1584,EU6668,,21:30:00,01:05:00,2020-07-14 15:58:17,3.0,700,36
1632,EU6668,,21:30:00,01:05:00,2020-07-15 15:29:59,3.0,700,35
1678,EU6668,,21:30:00,01:05:00,2020-07-16 15:25:43,3.0,700,34
1716,EU6668,,21:30:00,01:05:00,2020-07-17 16:39:46,3.0,700,33
1793,EU6668,,21:30:00,01:05:00,2020-07-18 17:30:47,3.0,700,32
1829,EU6668,,21:30:00,01:05:00,2020-07-19 14:13:06,3.0,700,31
1881,EU6668,,21:30:00,01:05:00,2020-07-20 15:24:47,3.0,700,30
1931,EU6668,,21:30:00,01:05:00,2020-07-21 15:00:00,3.0,700,29
1959,EU6668,,21:30:00,01:05:00,2020-07-22 15:05:02,3.0,700,28
2022,EU6668,,21:30:00,01:05:00,2020-07-24 14:11:09,3.0,700,26
2081,EU6668,,21:30:00,01:05:00,2020-07-25 14:24:11,3.0,700,25
2128,EU6668,,21:30:00,01:05:00,2020-07-26 14:11:30,3.0,700,24
2174,EU6668,,21:30:00,01:05:00,2020-07-27 15:42:59,3.0,700,23
2223,EU6668,,21:30:00,01:05:00,2020-07-28 16:51:19,3.0,700,22
2268,EU6668,,21:30:00,01:05:00,2020-07-30 14:09:25,3.0,700,20
2318,EU6668,,21:30:00,01:05:00,2020-07-31 14:13:51,3.0,700,19
2365,EU6668,,21:30:00,01:05:00,2020-08-01 15:29:02,3.0,700,18
2411,EU6668,,21:30:00,01:05:00,2020-08-02 16:55:46,2.4,550,17
2434,EU6668,,21:30:00,01:05:00,2020-08-03 13:10:22,2.4,550,16
2493,EU6668,,21:30:00,01:05:00,2020-08-04 14:17:31,2.1,500,15
2566,EU6668,,21:30:00,01:05:00,2020-08-05 15:49:53,2.1,500,14
2581,EU6668,,21:30:00,01:05:00,2020-08-06 14:25:51,2.1,500,13
2626,EU6668,,21:30:00,01:05:00,2020-08-07 14:15:31,2.1,500,12
2714,EU6668,,21:30:00,01:05:00,2020-08-08 15:46:25,2.1,500,11
2752,EU6668,,21:30:00,01:05:00,2020-08-09 15:21:59,2.4,550,10
2784,EU6668,,21:30:00,01:05:00,2020-08-10 16:37:33,2.1,500,9
2853,EU6668,,21:30:00,01:05:00,2020-08-11 15:07:53,2.1,480,8
2887,EU6668,,21:30:00,01:05:00,2020-08-12 14:15:57,2.1,480,7
2926,EU6668,,21:30:00,01:05:00,2020-08-13 15:04:50,2.1,480,6
2970,EU6668,,21:30:00,01:05:00,2020-08-14 15:34:48,2.1,500,5
3028,EU6668,,21:30:00,01:05:00,2020-08-15 15:03:57,2.1,500,4
3064,EU6668,,21:30:00,01:05:00,2020-08-16 15:05:11,2.4,550,3
3122,EU6668,,21:30:00,01:05:00,2020-08-17 15:18:04,2.4,550,2
3143,EU6668,,21:30:00,01:05:00,2020-08-19 14:12:01,2.6,600,0
3183,EU6668,,21:30:00,01:05:00,2020-08-20 15:17:42,2.6,601,0
1172,EU7080,3U8964,15:40:00,18:55:00,2020-07-05 15:29:41,3.5,820,45
1218,EU7080,3U8964,15:40:00,18:55:00,2020-07-06 14:14:27,3.5,820,44
1264,EU7080,3U8964,15:40:00,18:55:00,2020-07-07 13:10:33,3.5,820,43
1302,EU7080,3U8964,15:40:00,18:55:00,2020-07-08 15:04:04,3.5,820,42
1359,EU7080,3U8964,15:40:00,18:55:00,2020-07-09 16:04:09,3.5,820,41
1396,EU7080,3U8964,15:40:00,18:55:00,2020-07-10 14:58:18,3.5,820,40
1441,EU7080,3U8964,15:40:00,18:55:00,2020-07-11 15:03:17,3.5,820,39
1496,EU7080,3U8964,15:40:00,18:55:00,2020-07-12 15:30:02,3.5,820,38
1544,EU7080,3U8964,15:40:00,18:55:00,2020-07-13 14:36:02,3.5,820,37
1590,EU7080,3U8964,15:40:00,18:55:00,2020-07-14 15:58:17,3.5,820,36
1638,EU7080,3U8964,15:40:00,18:55:00,2020-07-15 15:29:59,3.5,820,35
1684,EU7080,3U8964,15:40:00,18:55:00,2020-07-16 15:25:43,3.5,820,34
1722,EU7080,3U8964,15:40:00,18:55:00,2020-07-17 16:39:46,2.7,640,33
1799,EU7080,3U8964,15:40:00,18:55:00,2020-07-18 17:30:47,2.7,640,32
1835,EU7080,3U8964,15:40:00,18:55:00,2020-07-19 14:13:06,2.7,640,31
1887,EU7080,3U8964,15:40:00,18:55:00,2020-07-20 15:24:47,2.7,640,30
1937,EU7080,3U8964,15:40:00,18:55:00,2020-07-21 15:00:00,2.7,640,29
1975,EU7080,3U8964,15:40:00,18:55:00,2020-07-22 15:05:02,2.7,640,28
2027,EU7080,3U8964,15:40:00,18:55:00,2020-07-24 14:11:09,2.7,640,26
2086,EU7080,3U8964,15:40:00,18:55:00,2020-07-25 14:24:11,4.4,1030,25
2133,EU7080,3U8964,15:40:00,18:55:00,2020-07-26 14:11:30,4.4,1030,24
2179,EU7080,3U8964,15:40:00,18:55:00,2020-07-27 15:42:59,4.4,1030,23
2218,EU7080,3U8964,15:40:00,18:55:00,2020-07-28 16:51:19,2.7,640,22
2273,EU7080,3U8964,15:40:00,18:55:00,2020-07-30 14:09:25,2.7,640,20
2323,EU7080,3U8964,15:40:00,18:55:00,2020-07-31 14:13:51,2.7,640,19
2370,EU7080,3U8964,15:40:00,18:55:00,2020-08-01 15:29:02,2.7,640,18
2407,EU7080,3U8964,15:40:00,18:55:00,2020-08-02 16:55:46,2.7,640,17
2451,EU7080,3U8964,15:40:00,18:55:00,2020-08-03 13:10:22,2.7,640,16
2488,EU7080,3U8964,15:40:00,18:55:00,2020-08-04 14:17:31,2.7,640,15
2572,EU7080,3U8964,15:40:00,18:55:00,2020-08-05 15:49:53,2.7,640,14
2576,EU7080,3U8964,15:40:00,18:55:00,2020-08-06 14:25:51,2.7,640,13
2649,EU7080,3U8964,15:40:00,18:55:00,2020-08-07 14:15:31,2.7,640,12
2709,EU7080,3U8964,15:40:00,18:55:00,2020-08-08 15:46:25,2.7,640,11
2716,EU7080,3U8964,15:40:00,18:55:00,2020-08-09 15:21:59,2.7,640,10
2779,EU7080,3U8964,15:40:00,18:55:00,2020-08-10 16:37:33,2.7,640,9
2848,EU7080,3U8964,15:40:00,18:55:00,2020-08-11 15:07:53,2.7,640,8
2882,EU7080,3U8964,15:40:00,18:55:00,2020-08-12 14:15:57,2.7,640,7
2921,EU7080,3U8964,15:40:00,18:55:00,2020-08-13 15:04:50,2.7,640,6
2975,EU7080,3U8964,15:40:00,18:55:00,2020-08-14 15:34:48,2.7,640,5
3005,EU7080,3U8964,15:40:00,18:55:00,2020-08-15 15:03:57,2.2,510,4
3059,EU7080,3U8964,15:40:00,18:55:00,2020-08-16 15:05:11,2.7,640,3
3127,EU7080,3U8964,15:40:00,18:55:00,2020-08-17 15:18:04,3.1,720,2
3148,EU7080,3U8964,15:40:00,18:55:00,2020-08-19 14:12:01,3.1,720,0
1400,HO2003,,16:10:00,19:30:00,2020-07-10 14:58:18,10.0,2120,40
1445,HO2003,,16:10:00,19:30:00,2020-07-11 15:03:17,10.0,2120,39
1492,HO2003,,16:10:00,19:30:00,2020-07-12 15:30:02,9.9,2100,38
1540,HO2003,,16:10:00,19:30:00,2020-07-13 14:36:02,10.0,2120,37
1586,HO2003,,16:10:00,19:30:00,2020-07-14 15:58:17,2.9,615,36
1634,HO2003,,16:10:00,19:30:00,2020-07-15 15:29:59,2.9,615,35
1680,HO2003,,16:10:00,19:30:00,2020-07-16 15:25:43,2.9,615,34
1718,HO2003,,16:10:00,19:30:00,2020-07-17 16:39:46,2.9,620,33
1795,HO2003,,16:10:00,19:30:00,2020-07-18 17:30:47,2.9,620,32
1831,HO2003,,16:10:00,19:30:00,2020-07-19 14:13:06,2.9,615,31
1883,HO2003,,16:10:00,19:30:00,2020-07-20 15:24:47,2.9,620,30
1933,HO2003,,16:10:00,19:30:00,2020-07-21 15:00:00,2.9,615,29
1971,HO2003,,16:10:00,19:30:00,2020-07-22 15:05:02,2.9,615,28
2024,HO2003,,16:10:00,19:30:00,2020-07-24 14:11:09,2.9,615,26
2083,HO2003,,16:10:00,19:30:00,2020-07-25 14:24:11,2.9,620,25
2130,HO2003,,16:10:00,19:30:00,2020-07-26 14:11:30,2.9,615,24
2176,HO2003,,16:10:00,19:30:00,2020-07-27 15:42:59,2.8,590,23
2221,HO2003,,16:10:00,19:30:00,2020-07-28 16:51:19,2.1,450,22
2270,HO2003,,16:10:00,19:30:00,2020-07-30 14:09:25,2.1,450,20
2320,HO2003,,16:10:00,19:30:00,2020-07-31 14:13:51,2.8,590,19
2367,HO2003,,16:10:00,19:30:00,2020-08-01 15:29:02,2.6,560,18
2410,HO2003,,16:10:00,19:30:00,2020-08-02 16:55:46,2.6,560,17
2448,HO2003,,16:10:00,19:30:00,2020-08-03 13:10:22,3.3,710,16
2491,HO2003,,16:10:00,19:30:00,2020-08-04 14:17:31,2.6,557,15
2563,HO2003,,16:10:00,19:30:00,2020-08-05 15:49:53,2.6,560,14
2579,HO2003,,16:10:00,19:30:00,2020-08-06 14:25:51,2.6,560,13
2623,HO2003,,16:10:00,19:30:00,2020-08-07 14:15:31,2.6,560,12
2712,HO2003,,16:10:00,19:30:00,2020-08-08 15:46:25,3.1,660,11
2750,HO2003,,16:10:00,19:30:00,2020-08-09 15:21:59,3.1,660,10
2782,HO2003,,16:10:00,19:30:00,2020-08-10 16:37:33,3.3,710,9
2851,HO2003,,16:10:00,19:30:00,2020-08-11 15:07:53,2.6,553,8
2885,HO2003,,16:10:00,19:30:00,2020-08-12 14:15:57,2.6,560,7
2924,HO2003,,16:10:00,19:30:00,2020-08-13 15:04:50,2.6,560,6
2972,HO2003,,16:10:00,19:30:00,2020-08-14 15:34:48,2.6,560,5
3030,HO2003,,16:10:00,19:30:00,2020-08-15 15:03:57,2.6,554,4
3062,HO2003,,16:10:00,19:30:00,2020-08-16 15:05:11,2.6,560,3
3124,HO2003,,16:10:00,19:30:00,2020-08-17 15:18:04,3.0,640,2
3145,HO2003,,16:10:00,19:30:00,2020-08-19 14:12:01,3.6,769,0
1153,HO5511,CA1949,16:05:00,19:30:00,2020-07-05 15:29:41,3.3,700,45
1199,HO5511,CA1949,16:05:00,19:30:00,2020-07-06 14:14:27,3.3,700,44
1245,HO5511,CA1949,16:05:00,19:30:00,2020-07-07 13:10:33,3.3,700,43
1321,HO5511,CA1949,16:05:00,19:30:00,2020-07-08 15:04:04,3.3,700,42
1335,HO5511,CA1949,16:05:00,19:30:00,2020-07-09 16:04:09,3.3,700,41
1416,HO5511,CA1949,16:05:00,19:30:00,2020-07-10 14:58:18,3.3,700,40
1461,HO5511,CA1949,16:05:00,19:30:00,2020-07-11 15:03:17,3.3,700,39
1476,HO5511,CA1949,16:05:00,19:30:00,2020-07-12 15:30:02,3.3,700,38
1524,HO5511,CA1949,16:05:00,19:30:00,2020-07-13 14:36:02,3.3,700,37
1570,HO5511,CA1949,16:05:00,19:30:00,2020-07-14 15:58:17,3.0,640,36
1618,HO5511,CA1949,16:05:00,19:30:00,2020-07-15 15:29:59,3.0,640,35
1664,HO5511,CA1949,16:05:00,19:30:00,2020-07-16 15:25:43,3.0,640,34
1752,HO5511,CA1949,16:05:00,19:30:00,2020-07-17 16:39:46,3.0,640,33
1766,HO5511,CA1949,16:05:00,19:30:00,2020-07-18 17:30:47,3.0,640,32
1815,HO5511,CA1949,16:05:00,19:30:00,2020-07-19 14:13:06,3.0,640,31
1866,HO5511,CA1949,16:05:00,19:30:00,2020-07-20 15:24:47,3.0,640,30
1917,HO5511,CA1949,16:05:00,19:30:00,2020-07-21 15:00:00,3.0,640,29
2002,HO5511,CA1949,16:05:00,19:30:00,2020-07-22 15:05:02,3.0,640,28
2044,HO5511,CA1949,16:05:00,19:30:00,2020-07-24 14:11:09,3.0,640,26
2067,HO5511,CA1949,16:05:00,19:30:00,2020-07-25 14:24:11,3.0,640,25
2114,HO5511,CA1949,16:05:00,19:30:00,2020-07-26 14:11:30,3.0,640,24
2160,HO5511,CA1949,16:05:00,19:30:00,2020-07-27 15:42:59,3.0,640,23
2245,HO5511,CA1949,16:05:00,19:30:00,2020-07-28 16:51:19,3.0,640,22
2254,HO5511,CA1949,16:05:00,19:30:00,2020-07-30 14:09:25,2.4,510,20
2303,HO5511,CA1949,16:05:00,19:30:00,2020-07-31 14:13:51,2.4,510,19
2351,HO5511,CA1949,16:05:00,19:30:00,2020-08-01 15:29:02,3.0,640,18
2425,HO5511,CA1949,16:05:00,19:30:00,2020-08-02 16:55:46,3.0,640,17
2472,HO5511,CA1949,16:05:00,19:30:00,2020-08-03 13:10:22,3.0,640,16
2517,HO5511,CA1949,16:05:00,19:30:00,2020-08-04 14:17:31,2.4,510,15
2535,HO5511,CA1949,16:05:00,19:30:00,2020-08-05 15:49:53,2.4,510,14
2595,HO5511,CA1949,16:05:00,19:30:00,2020-08-06 14:25:51,2.4,510,13
2640,HO5511,CA1949,16:05:00,19:30:00,2020-08-07 14:15:31,3.0,640,12
2682,HO5511,CA1949,16:05:00,19:30:00,2020-08-08 15:46:25,3.0,640,11
2745,HO5511,CA1949,16:05:00,19:30:00,2020-08-09 15:21:59,3.0,640,10
2798,HO5511,CA1949,16:05:00,19:30:00,2020-08-10 16:37:33,3.0,640,9
2827,HO5511,CA1949,16:05:00,19:30:00,2020-08-11 15:07:53,3.0,640,8
2901,HO5511,CA1949,16:05:00,19:30:00,2020-08-12 14:15:57,3.0,640,7
2939,HO5511,CA1949,16:05:00,19:30:00,2020-08-13 15:04:50,3.0,640,6
2956,HO5511,CA1949,16:05:00,19:30:00,2020-08-14 15:34:48,3.0,640,5
3014,HO5511,CA1949,16:05:00,19:30:00,2020-08-15 15:03:57,3.0,640,4
3072,HO5511,CA1949,16:05:00,19:30:00,2020-08-16 15:05:11,3.0,640,3
3108,HO5511,CA1949,16:05:00,19:30:00,2020-08-17 15:18:04,4.0,850,2
3159,HO5511,CA1949,16:05:00,19:30:00,2020-08-19 14:12:01,3.4,720,0
1162,HO5666,MU5297,21:30:00,00:40:00,2020-07-05 15:29:41,4.6,1070,45
1208,HO5666,MU5297,21:30:00,00:40:00,2020-07-06 14:14:27,4.6,1070,44
1254,HO5666,MU5297,21:30:00,00:40:00,2020-07-07 13:10:33,4.6,1070,43
1312,HO5666,MU5297,21:30:00,00:40:00,2020-07-08 15:04:04,4.6,1070,42
1369,HO5666,MU5297,21:30:00,00:40:00,2020-07-09 16:04:09,4.6,1070,41
1407,HO5666,MU5297,21:30:00,00:40:00,2020-07-10 14:58:18,4.6,1070,40
1452,HO5666,MU5297,21:30:00,00:40:00,2020-07-11 15:03:17,4.6,1070,39
1485,HO5666,MU5297,21:30:00,00:40:00,2020-07-12 15:30:02,4.6,1070,38
1533,HO5666,MU5297,21:30:00,00:40:00,2020-07-13 14:36:02,4.6,1070,37
1579,HO5666,MU5297,21:30:00,00:40:00,2020-07-14 15:58:17,4.6,1070,36
1627,HO5666,MU5297,21:30:00,00:40:00,2020-07-15 15:29:59,4.6,1070,35
1673,HO5666,MU5297,21:30:00,00:40:00,2020-07-16 15:25:43,4.6,1070,34
1711,HO5666,MU5297,21:30:00,00:40:00,2020-07-17 16:39:46,4.6,1070,33
1776,HO5666,MU5297,21:30:00,00:40:00,2020-07-18 17:30:47,4.6,1070,32
1825,HO5666,MU5297,21:30:00,00:40:00,2020-07-19 14:13:06,4.6,1070,31
1876,HO5666,MU5297,21:30:00,00:40:00,2020-07-20 15:24:47,4.6,1070,30
1926,HO5666,MU5297,21:30:00,00:40:00,2020-07-21 15:00:00,4.6,1070,29
1965,HO5666,MU5297,21:30:00,00:40:00,2020-07-22 15:05:02,4.6,1070,28
1179,HO5668,MU5403,09:25:00,12:40:00,2020-07-05 15:29:41,4.6,1070,45
1225,HO5668,MU5403,09:25:00,12:40:00,2020-07-06 14:14:27,4.6,1070,44
1271,HO5668,MU5403,09:25:00,12:40:00,2020-07-07 13:10:33,4.6,1070,43
1295,HO5668,MU5403,09:25:00,12:40:00,2020-07-08 15:04:04,4.6,1070,42
1352,HO5668,MU5403,09:25:00,12:40:00,2020-07-09 16:04:09,4.6,1070,41
1389,HO5668,MU5403,09:25:00,12:40:00,2020-07-10 14:58:18,4.6,1070,40
1435,HO5668,MU5403,09:25:00,12:40:00,2020-07-11 15:03:17,4.6,1070,39
1503,HO5668,MU5403,09:25:00,12:40:00,2020-07-12 15:30:02,4.6,1070,38
1551,HO5668,MU5403,09:25:00,12:40:00,2020-07-13 14:36:02,4.6,1070,37
1597,HO5668,MU5403,09:25:00,12:40:00,2020-07-14 15:58:17,4.6,1070,36
1645,HO5668,MU5403,09:25:00,12:40:00,2020-07-15 15:29:59,4.6,1070,35
1691,HO5668,MU5403,09:25:00,12:40:00,2020-07-16 15:25:43,4.6,1070,34
1729,HO5668,MU5403,09:25:00,12:40:00,2020-07-17 16:39:46,4.6,1070,33
1755,HO5668,MU5403,09:25:00,12:40:00,2020-07-18 17:30:47,4.6,1070,32
1842,HO5668,MU5403,09:25:00,12:40:00,2020-07-19 14:13:06,4.6,1070,31
1894,HO5668,MU5403,09:25:00,12:40:00,2020-07-20 15:24:47,4.6,1070,30
1944,HO5668,MU5403,09:25:00,12:40:00,2020-07-21 15:00:00,4.6,1070,29
1982,HO5668,MU5403,09:25:00,12:40:00,2020-07-22 15:05:02,4.6,1070,28
2035,HO5668,MU5403,09:25:00,12:40:00,2020-07-24 14:11:09,4.6,1070,26
2092,HO5668,MU5403,09:25:00,12:40:00,2020-07-25 14:24:11,4.6,1070,25
2140,HO5668,MU5403,09:25:00,12:40:00,2020-07-26 14:11:30,4.6,1070,24
2186,HO5668,MU5403,09:25:00,12:40:00,2020-07-27 15:42:59,4.6,1070,23
2199,HO5668,MU5403,09:25:00,12:40:00,2020-07-28 16:51:19,4.6,1070,22
2280,HO5668,MU5403,09:25:00,12:40:00,2020-07-30 14:09:25,4.6,1070,20
2331,HO5668,MU5403,09:25:00,12:40:00,2020-07-31 14:13:51,4.6,1070,19
2376,HO5668,MU5403,09:25:00,12:40:00,2020-08-01 15:29:02,4.6,1070,18
2400,HO5668,MU5403,09:25:00,12:40:00,2020-08-02 16:55:46,4.6,1070,17
2457,HO5668,MU5403,09:25:00,12:40:00,2020-08-03 13:10:22,4.6,1070,16
2495,HO5668,MU5403,09:25:00,12:40:00,2020-08-04 14:17:31,4.6,1070,15
2555,HO5668,MU5403,09:25:00,12:40:00,2020-08-05 15:49:53,4.6,1070,14
2617,HO5668,MU5403,09:25:00,12:40:00,2020-08-06 14:25:51,4.6,1070,13
2656,HO5668,MU5403,09:25:00,12:40:00,2020-08-07 14:15:31,4.6,1070,12
2702,HO5668,MU5403,09:25:00,12:40:00,2020-08-08 15:46:25,4.6,1070,11
2725,HO5668,MU5403,09:25:00,12:40:00,2020-08-09 15:21:59,4.6,1070,10
2772,HO5668,MU5403,09:25:00,12:40:00,2020-08-10 16:37:33,4.6,1070,9
2840,HO5668,MU5403,09:25:00,12:40:00,2020-08-11 15:07:53,4.6,1070,8
2856,HO5668,MU5403,09:25:00,12:40:00,2020-08-12 14:15:57,4.6,1070,7
2914,HO5668,MU5403,09:25:00,12:40:00,2020-08-13 15:04:50,4.6,1070,6
2982,HO5668,MU5403,09:25:00,12:40:00,2020-08-14 15:34:48,4.6,1070,5
3039,HO5668,MU5403,09:25:00,12:40:00,2020-08-15 15:03:57,4.6,1070,4
3041,HO5668,MU5403,09:25:00,12:40:00,2020-08-16 15:05:11,4.6,1070,3
3110,HO5668,MU5403,09:25:00,12:40:00,2020-08-17 15:18:04,4.6,1070,2
3155,HO5668,MU5403,09:25:00,12:40:00,2020-08-19 14:12:01,4.6,1070,0
1151,HO5670,MU5407,11:05:00,14:30:00,2020-07-05 15:29:41,4.6,1070,45
1197,HO5670,MU5407,11:05:00,14:30:00,2020-07-06 14:14:27,4.6,1070,44
1243,HO5670,MU5407,11:05:00,14:30:00,2020-07-07 13:10:33,4.6,1070,43
1323,HO5670,MU5407,11:05:00,14:30:00,2020-07-08 15:04:04,4.6,1070,42
1337,HO5670,MU5407,11:05:00,14:30:00,2020-07-09 16:04:09,4.6,1070,41
1414,HO5670,MU5407,11:05:00,14:30:00,2020-07-10 14:58:18,4.6,1070,40
1463,HO5670,MU5407,11:05:00,14:30:00,2020-07-11 15:03:17,4.6,1070,39
1474,HO5670,MU5407,11:05:00,14:30:00,2020-07-12 15:30:02,4.6,1070,38
1522,HO5670,MU5407,11:05:00,14:30:00,2020-07-13 14:36:02,4.6,1070,37
1568,HO5670,MU5407,11:05:00,14:30:00,2020-07-14 15:58:17,4.6,1070,36
1616,HO5670,MU5407,11:05:00,14:30:00,2020-07-15 15:29:59,4.6,1070,35
1662,HO5670,MU5407,11:05:00,14:30:00,2020-07-16 15:25:43,4.6,1070,34
1750,HO5670,MU5407,11:05:00,14:30:00,2020-07-17 16:39:46,4.6,1070,33
1762,HO5670,MU5407,11:05:00,14:30:00,2020-07-18 17:30:47,4.6,1070,32
1812,HO5670,MU5407,11:05:00,14:30:00,2020-07-19 14:13:06,4.6,1070,31
1863,HO5670,MU5407,11:05:00,14:30:00,2020-07-20 15:24:47,4.6,1070,30
1914,HO5670,MU5407,11:05:00,14:30:00,2020-07-21 15:00:00,4.6,1070,29
1999,HO5670,MU5407,11:05:00,14:30:00,2020-07-22 15:05:02,4.6,1070,28
2042,HO5670,MU5407,11:05:00,14:30:00,2020-07-24 14:11:09,4.6,1070,26
2065,HO5670,MU5407,11:05:00,14:30:00,2020-07-25 14:24:11,4.6,1070,25
2112,HO5670,MU5407,11:05:00,14:30:00,2020-07-26 14:11:30,4.6,1070,24
2158,HO5670,MU5407,11:05:00,14:30:00,2020-07-27 15:42:59,4.6,1070,23
2238,HO5670,MU5407,11:05:00,14:30:00,2020-07-28 16:51:19,4.6,1070,22
2252,HO5670,MU5407,11:05:00,14:30:00,2020-07-30 14:09:25,4.6,1070,20
2301,HO5670,MU5407,11:05:00,14:30:00,2020-07-31 14:13:51,4.6,1070,19
2349,HO5670,MU5407,11:05:00,14:30:00,2020-08-01 15:29:02,4.6,1070,18
2427,HO5670,MU5407,11:05:00,14:30:00,2020-08-02 16:55:46,4.6,1070,17
2474,HO5670,MU5407,11:05:00,14:30:00,2020-08-03 13:10:22,4.6,1070,16
2520,HO5670,MU5407,11:05:00,14:30:00,2020-08-04 14:17:31,4.6,1070,15
2537,HO5670,MU5407,11:05:00,14:30:00,2020-08-05 15:49:53,4.6,1070,14
2597,HO5670,MU5407,11:05:00,14:30:00,2020-08-06 14:25:51,4.6,1070,13
2642,HO5670,MU5407,11:05:00,14:30:00,2020-08-07 14:15:31,4.6,1070,12
2684,HO5670,MU5407,11:05:00,14:30:00,2020-08-08 15:46:25,4.6,1070,11
2743,HO5670,MU5407,11:05:00,14:30:00,2020-08-09 15:21:59,4.6,1070,10
2763,HO5670,MU5407,11:05:00,14:30:00,2020-08-10 16:37:33,4.6,1070,9
2829,HO5670,MU5407,11:05:00,14:30:00,2020-08-11 15:07:53,4.6,1070,8
2870,HO5670,MU5407,11:05:00,14:30:00,2020-08-12 14:15:57,4.6,1070,7
2941,HO5670,MU5407,11:05:00,14:30:00,2020-08-13 15:04:50,4.6,1070,6
2954,HO5670,MU5407,11:05:00,14:30:00,2020-08-14 15:34:48,4.6,1070,5
3012,HO5670,MU5407,11:05:00,14:30:00,2020-08-15 15:03:57,4.6,1070,4
3080,HO5670,MU5407,11:05:00,14:30:00,2020-08-16 15:05:11,4.6,1070,3
3086,HO5670,MU5407,11:05:00,14:30:00,2020-08-17 15:18:04,4.6,1070,2
3157,HO5670,MU5407,11:05:00,14:30:00,2020-08-19 14:12:01,4.6,1070,0
1152,HO5673,MU5413,18:20:00,21:40:00,2020-07-05 15:29:41,4.6,1070,45
1198,HO5673,MU5413,18:20:00,21:40:00,2020-07-06 14:14:27,4.6,1070,44
1244,HO5673,MU5413,18:20:00,21:40:00,2020-07-07 13:10:33,4.6,1070,43
1322,HO5673,MU5413,18:20:00,21:40:00,2020-07-08 15:04:04,4.6,1070,42
1336,HO5673,MU5413,18:20:00,21:40:00,2020-07-09 16:04:09,4.6,1070,41
1415,HO5673,MU5413,18:20:00,21:40:00,2020-07-10 14:58:18,4.6,1070,40
1462,HO5673,MU5413,18:20:00,21:40:00,2020-07-11 15:03:17,4.6,1070,39
1475,HO5673,MU5413,18:20:00,21:40:00,2020-07-12 15:30:02,4.6,1070,38
1523,HO5673,MU5413,18:20:00,21:40:00,2020-07-13 14:36:02,4.6,1070,37
1569,HO5673,MU5413,18:20:00,21:40:00,2020-07-14 15:58:17,4.6,1070,36
1617,HO5673,MU5413,18:20:00,21:40:00,2020-07-15 15:29:59,4.6,1070,35
1663,HO5673,MU5413,18:20:00,21:40:00,2020-07-16 15:25:43,4.6,1070,34
1751,HO5673,MU5413,18:20:00,21:40:00,2020-07-17 16:39:46,4.6,1070,33
1765,HO5673,MU5413,18:20:00,21:40:00,2020-07-18 17:30:47,4.6,1070,32
1814,HO5673,MU5413,18:20:00,21:40:00,2020-07-19 14:13:06,4.6,1070,31
1865,HO5673,MU5413,18:20:00,21:40:00,2020-07-20 15:24:47,4.6,1070,30
1916,HO5673,MU5413,18:20:00,21:40:00,2020-07-21 15:00:00,4.6,1070,29
2001,HO5673,MU5413,18:20:00,21:40:00,2020-07-22 15:05:02,4.6,1070,28
2043,HO5673,MU5413,18:20:00,21:40:00,2020-07-24 14:11:09,4.6,1070,26
2066,HO5673,MU5413,18:20:00,21:40:00,2020-07-25 14:24:11,4.6,1070,25
2113,HO5673,MU5413,18:20:00,21:40:00,2020-07-26 14:11:30,4.6,1070,24
2159,HO5673,MU5413,18:20:00,21:40:00,2020-07-27 15:42:59,4.6,1070,23
2227,HO5673,MU5413,18:20:00,21:40:00,2020-07-28 16:51:19,4.6,1070,22
2253,HO5673,MU5413,18:20:00,21:40:00,2020-07-30 14:09:25,4.6,1070,20
2302,HO5673,MU5413,18:20:00,21:40:00,2020-07-31 14:13:51,4.6,1070,19
2350,HO5673,MU5413,18:20:00,21:40:00,2020-08-01 15:29:02,4.6,1070,18
2426,HO5673,MU5413,18:20:00,21:40:00,2020-08-02 16:55:46,4.6,1070,17
2473,HO5673,MU5413,18:20:00,21:40:00,2020-08-03 13:10:22,4.6,1070,16
2521,HO5673,MU5413,18:20:00,21:40:00,2020-08-04 14:17:31,4.6,1070,15
2536,HO5673,MU5413,18:20:00,21:40:00,2020-08-05 15:49:53,4.6,1070,14
2596,HO5673,MU5413,18:20:00,21:40:00,2020-08-06 14:25:51,4.6,1070,13
2641,HO5673,MU5413,18:20:00,21:40:00,2020-08-07 14:15:31,4.6,1070,12
2683,HO5673,MU5413,18:20:00,21:40:00,2020-08-08 15:46:25,4.6,1070,11
2744,HO5673,MU5413,18:20:00,21:40:00,2020-08-09 15:21:59,4.6,1070,10
2799,HO5673,MU5413,18:20:00,21:40:00,2020-08-10 16:37:33,4.6,1070,9
2828,HO5673,MU5413,18:20:00,21:40:00,2020-08-11 15:07:53,4.6,1070,8
2871,HO5673,MU5413,18:20:00,21:40:00,2020-08-12 14:15:57,4.6,1070,7
2940,HO5673,MU5413,18:20:00,21:40:00,2020-08-13 15:04:50,4.6,1070,6
2955,HO5673,MU5413,18:20:00,21:40:00,2020-08-14 15:34:48,4.6,1070,5
3013,HO5673,MU5413,18:20:00,21:40:00,2020-08-15 15:03:57,4.6,1070,4
3081,HO5673,MU5413,18:20:00,21:40:00,2020-08-16 15:05:11,4.6,1070,3
3102,HO5673,MU5413,18:20:00,21:40:00,2020-08-17 15:18:04,4.6,1070,2
3158,HO5673,MU5413,18:20:00,21:40:00,2020-08-19 14:12:01,4.6,1070,0
3188,HO5673,MU5413,18:20:00,21:40:00,2020-08-20 15:17:42,4.6,1070,0
1158,HU7407,,20:15:00,23:10:00,2020-07-05 15:29:41,3.6,760,45
1204,HU7407,,20:15:00,23:10:00,2020-07-06 14:14:27,3.5,752,44
1250,HU7407,,20:15:00,23:10:00,2020-07-07 13:10:33,3.6,755,43
1316,HU7407,,20:15:00,23:10:00,2020-07-08 15:04:04,3.6,755,42
1373,HU7407,,20:15:00,23:10:00,2020-07-09 16:04:09,3.5,749,41
1411,HU7407,,20:15:00,23:10:00,2020-07-10 14:58:18,3.6,760,40
1456,HU7407,,20:15:00,23:10:00,2020-07-11 15:03:17,3.6,753,39
1481,HU7407,,20:15:00,23:10:00,2020-07-12 15:30:02,3.6,765,38
1529,HU7407,,20:15:00,23:10:00,2020-07-13 14:36:02,3.6,760,37
1575,HU7407,,20:15:00,23:10:00,2020-07-14 15:58:17,3.6,760,36
1623,HU7407,,20:15:00,23:10:00,2020-07-15 15:29:59,3.6,760,35
1669,HU7407,,20:15:00,23:10:00,2020-07-16 15:25:43,3.6,760,34
1707,HU7407,,20:15:00,23:25:00,2020-07-17 16:39:46,3.6,760,33
1772,HU7407,,20:15:00,23:25:00,2020-07-18 17:30:47,3.6,760,32
1821,HU7407,,20:15:00,23:25:00,2020-07-19 14:13:06,3.6,760,31
1872,HU7407,,20:15:00,23:25:00,2020-07-20 15:24:47,3.6,760,30
1922,HU7407,,20:15:00,23:25:00,2020-07-21 15:00:00,3.6,760,29
1961,HU7407,,20:15:00,23:25:00,2020-07-22 15:05:02,3.6,760,28
2051,HU7407,,20:15:00,23:25:00,2020-07-24 14:11:09,3.6,760,26
2073,HU7407,,20:15:00,23:25:00,2020-07-25 14:24:11,3.6,760,25
2120,HU7407,,20:15:00,23:25:00,2020-07-26 14:11:30,3.6,760,24
2166,HU7407,,20:15:00,23:25:00,2020-07-27 15:42:59,2.9,610,23
2233,HU7407,,20:15:00,23:25:00,2020-07-28 16:51:19,2.9,610,22
2260,HU7407,,20:15:00,23:25:00,2020-07-30 14:09:25,2.9,610,20
2309,HU7407,,20:15:00,23:25:00,2020-07-31 14:13:51,2.9,610,19
2357,HU7407,,20:15:00,23:25:00,2020-08-01 15:29:02,2.9,610,18
2419,HU7407,,20:15:00,23:25:00,2020-08-02 16:55:46,2.9,610,17
2438,HU7407,,20:15:00,23:25:00,2020-08-03 13:10:22,2.8,600,16
2522,HU7407,,20:15:00,23:25:00,2020-08-04 14:17:31,2.9,610,15
2573,HU7407,,20:15:00,23:25:00,2020-08-05 15:49:53,2.9,610,14
2589,HU7407,,20:15:00,23:25:00,2020-08-06 14:25:51,2.9,610,13
2634,HU7407,,20:15:00,23:25:00,2020-08-07 14:15:31,2.9,610,12
2676,HU7407,,20:15:00,23:25:00,2020-08-08 15:46:25,2.9,610,11
2760,HU7407,,20:15:00,23:25:00,2020-08-09 15:21:59,2.9,610,10
2792,HU7407,,20:15:00,23:25:00,2020-08-10 16:37:33,2.4,500,9
2821,HU7407,,20:15:00,23:25:00,2020-08-11 15:07:53,2.4,510,8
2895,HU7407,,20:15:00,23:25:00,2020-08-12 14:15:57,2.4,510,7
2907,HU7407,,20:15:00,23:25:00,2020-08-13 15:04:50,2.4,501,6
2962,HU7407,,20:15:00,23:25:00,2020-08-14 15:34:48,2.4,501,5
3020,HU7407,,20:15:00,23:25:00,2020-08-15 15:03:57,2.4,510,4
3071,HU7407,,20:15:00,23:25:00,2020-08-16 15:05:11,2.9,610,3
3114,HU7407,,20:15:00,23:25:00,2020-08-17 15:18:04,2.7,580,2
3165,HU7407,,20:15:00,23:25:00,2020-08-19 14:12:01,3.5,751,0
3180,HU7407,,20:15:00,23:25:00,2020-08-20 15:17:42,2.8,602,0
1184,MU1078,3U8966,19:45:00,23:15:00,2020-07-05 15:29:41,4.4,1030,45
1230,MU1078,3U8966,19:45:00,23:15:00,2020-07-06 14:14:27,4.4,1030,44
1278,MU1078,3U8966,19:45:00,23:15:00,2020-07-07 13:10:33,4.4,1030,43
1291,MU1078,3U8966,19:45:00,23:15:00,2020-07-08 15:04:04,4.4,1030,42
1347,MU1078,3U8966,19:45:00,23:15:00,2020-07-09 16:04:09,4.4,1030,41
1384,MU1078,3U8966,19:45:00,23:15:00,2020-07-10 14:58:18,4.4,1030,40
1430,MU1078,3U8966,19:45:00,23:15:00,2020-07-11 15:03:17,4.4,1030,39
1508,MU1078,3U8966,19:45:00,23:15:00,2020-07-12 15:30:02,4.4,1030,38
1556,MU1078,3U8966,19:45:00,23:15:00,2020-07-13 14:36:02,4.4,1030,37
1602,MU1078,3U8966,19:45:00,23:15:00,2020-07-14 15:58:17,4.4,1030,36
1650,MU1078,3U8966,19:45:00,23:15:00,2020-07-15 15:29:59,4.4,1030,35
1696,MU1078,3U8966,19:45:00,23:15:00,2020-07-16 15:25:43,4.4,1030,34
1735,MU1078,3U8966,19:45:00,23:15:00,2020-07-17 16:39:46,4.4,1030,33
1784,MU1078,3U8966,19:45:00,23:15:00,2020-07-18 17:30:47,4.4,1030,32
1848,MU1078,3U8966,19:45:00,23:15:00,2020-07-19 14:13:06,4.4,1030,31
1900,MU1078,3U8966,19:45:00,23:15:00,2020-07-20 15:24:47,4.4,1030,30
1950,MU1078,3U8966,19:45:00,23:15:00,2020-07-21 15:00:00,4.4,1030,29
1988,MU1078,3U8966,19:45:00,23:15:00,2020-07-22 15:05:02,4.4,1030,28
2014,MU1078,3U8966,19:45:00,23:15:00,2020-07-24 14:11:09,4.4,1030,26
2098,MU1078,3U8966,19:45:00,23:15:00,2020-07-25 14:24:11,4.4,1030,25
2146,MU1078,3U8966,19:45:00,23:15:00,2020-07-26 14:11:30,4.4,1030,24
2192,MU1078,3U8966,19:45:00,23:15:00,2020-07-27 15:42:59,4.4,1030,23
2206,MU1078,3U8966,19:45:00,23:15:00,2020-07-28 16:51:19,4.4,1030,22
2286,MU1078,3U8966,19:45:00,23:15:00,2020-07-30 14:09:25,4.4,1030,20
2337,MU1078,3U8966,19:45:00,23:15:00,2020-07-31 14:13:51,4.4,1030,19
2382,MU1078,3U8966,19:45:00,23:15:00,2020-08-01 15:29:02,4.4,1030,18
2394,MU1078,3U8966,19:45:00,23:15:00,2020-08-02 16:55:46,4.4,1030,17
2463,MU1078,3U8966,19:45:00,23:15:00,2020-08-03 13:10:22,4.4,1030,16
2507,MU1078,3U8966,19:45:00,23:15:00,2020-08-04 14:17:31,4.4,1030,15
2549,MU1078,3U8966,19:45:00,23:15:00,2020-08-05 15:49:53,4.4,1030,14
2611,MU1078,3U8966,19:45:00,23:15:00,2020-08-06 14:25:51,4.4,1030,13
2660,MU1078,3U8966,19:45:00,23:15:00,2020-08-07 14:15:31,4.4,1030,12
2696,MU1078,3U8966,19:45:00,23:15:00,2020-08-08 15:46:25,4.4,1030,11
2723,MU1078,3U8966,19:45:00,23:15:00,2020-08-09 15:21:59,4.4,1030,10
2766,MU1078,3U8966,19:45:00,23:15:00,2020-08-10 16:37:33,4.4,1030,9
2815,MU1078,3U8966,19:45:00,23:15:00,2020-08-11 15:07:53,4.4,1030,8
2868,MU1078,3U8966,19:45:00,23:15:00,2020-08-12 14:15:57,4.4,1030,7
2908,MU1078,3U8966,19:45:00,23:15:00,2020-08-13 15:04:50,4.4,1030,6
2988,MU1078,3U8966,19:45:00,23:15:00,2020-08-14 15:34:48,4.4,1030,5
3004,MU1078,3U8966,19:45:00,23:15:00,2020-08-15 15:03:57,4.4,1030,4
3047,MU1078,3U8966,19:45:00,23:15:00,2020-08-16 15:05:11,4.4,1030,3
3092,MU1078,3U8966,19:45:00,23:15:00,2020-08-17 15:18:04,4.4,1030,2
3173,MU1078,3U8966,19:45:00,23:15:00,2020-08-19 14:12:01,4.4,1030,0
3194,MU1078,3U8966,19:45:00,23:15:00,2020-08-20 15:17:42,4.4,1030,0
1186,MU2626,,20:05:00,23:40:00,2020-07-05 15:29:41,1.9,454,45
1231,MU2626,,20:05:00,23:40:00,2020-07-06 14:14:27,2.0,460,44
1281,MU2626,,20:05:00,23:40:00,2020-07-07 13:10:33,1.9,454,43
1289,MU2626,,20:05:00,23:40:00,2020-07-08 15:04:04,1.9,452,42
1345,MU2626,,20:05:00,23:40:00,2020-07-09 16:04:09,2.0,463,41
1382,MU2626,,20:05:00,23:40:00,2020-07-10 14:58:18,2.0,459,40
1428,MU2626,,20:05:00,23:40:00,2020-07-11 15:03:17,1.9,450,39
1510,MU2626,,20:05:00,23:40:00,2020-07-12 15:30:02,1.9,450,38
1558,MU2626,,20:05:00,23:40:00,2020-07-13 14:36:02,1.9,450,37
1604,MU2626,,20:05:00,23:40:00,2020-07-14 15:58:17,2.5,580,36
1652,MU2626,,20:05:00,23:40:00,2020-07-15 15:29:59,2.5,580,35
1698,MU2626,,20:05:00,23:40:00,2020-07-16 15:25:43,2.5,580,34
1737,MU2626,,20:05:00,23:40:00,2020-07-17 16:39:46,2.5,580,33
1786,MU2626,,20:05:00,23:40:00,2020-07-18 17:30:47,4.4,1030,32
1850,MU2626,,20:05:00,23:40:00,2020-07-19 14:13:06,4.4,1030,31
1902,MU2626,,20:05:00,23:40:00,2020-07-20 15:24:47,4.4,1030,30
1952,MU2626,,20:05:00,23:40:00,2020-07-21 15:00:00,4.4,1030,29
1990,MU2626,,20:05:00,23:40:00,2020-07-22 15:05:02,4.4,1030,28
2016,MU2626,,20:05:00,23:40:00,2020-07-24 14:11:09,4.4,1030,26
2100,MU2626,,20:05:00,23:40:00,2020-07-25 14:24:11,4.4,1030,25
2148,MU2626,,20:05:00,23:40:00,2020-07-26 14:11:30,4.4,1030,24
2194,MU2626,,20:05:00,23:40:00,2020-07-27 15:42:59,2.5,580,23
2204,MU2626,,20:05:00,23:40:00,2020-07-28 16:51:19,1.8,430,22
2288,MU2626,,20:05:00,23:40:00,2020-07-30 14:09:25,1.8,430,20
2339,MU2626,,20:05:00,23:40:00,2020-07-31 14:13:51,1.8,430,19
2384,MU2626,,20:05:00,23:40:00,2020-08-01 15:29:02,2.5,580,18
2392,MU2626,,20:05:00,23:40:00,2020-08-02 16:55:46,2.5,580,17
2465,MU2626,,20:05:00,23:40:00,2020-08-03 13:10:22,2.5,580,16
2505,MU2626,,20:05:00,23:40:00,2020-08-04 14:17:31,2.5,580,15
2547,MU2626,,20:05:00,23:40:00,2020-08-05 15:49:53,2.5,580,14
2609,MU2626,,20:05:00,23:40:00,2020-08-06 14:25:51,2.5,580,13
2667,MU2626,,20:05:00,23:40:00,2020-08-07 14:15:31,2.5,580,12
2694,MU2626,,20:05:00,23:40:00,2020-08-08 15:46:25,2.5,580,11
2726,MU2626,,20:05:00,23:40:00,2020-08-09 15:21:59,2.5,580,10
2764,MU2626,,20:05:00,23:40:00,2020-08-10 16:37:33,2.5,580,9
1187,MU4636,3U8962,11:45:00,15:15:00,2020-07-05 15:29:41,4.4,1030,45
1232,MU4636,3U8962,11:45:00,15:15:00,2020-07-06 14:14:27,4.4,1030,44
1282,MU4636,3U8962,11:45:00,15:15:00,2020-07-07 13:10:33,4.4,1030,43
1288,MU4636,3U8962,11:45:00,15:15:00,2020-07-08 15:04:04,4.4,1030,42
1344,MU4636,3U8962,11:45:00,15:15:00,2020-07-09 16:04:09,4.4,1030,41
1381,MU4636,3U8962,11:45:00,15:15:00,2020-07-10 14:58:18,4.4,1030,40
1427,MU4636,3U8962,11:45:00,15:15:00,2020-07-11 15:03:17,4.4,1030,39
1511,MU4636,3U8962,11:45:00,15:15:00,2020-07-12 15:30:02,4.4,1030,38
1559,MU4636,3U8962,11:45:00,15:15:00,2020-07-13 14:36:02,4.4,1030,37
1605,MU4636,3U8962,11:45:00,15:15:00,2020-07-14 15:58:17,4.4,1030,36
1653,MU4636,3U8962,11:45:00,15:15:00,2020-07-15 15:29:59,4.4,1030,35
1699,MU4636,3U8962,11:45:00,15:15:00,2020-07-16 15:25:43,4.4,1030,34
1738,MU4636,3U8962,11:45:00,15:15:00,2020-07-17 16:39:46,4.4,1030,33
1787,MU4636,3U8962,11:45:00,15:15:00,2020-07-18 17:30:47,4.4,1030,32
1851,MU4636,3U8962,11:45:00,15:15:00,2020-07-19 14:13:06,4.4,1030,31
1903,MU4636,3U8962,11:45:00,15:15:00,2020-07-20 15:24:47,4.4,1030,30
1953,MU4636,3U8962,11:45:00,15:15:00,2020-07-21 15:00:00,4.4,1030,29
1991,MU4636,3U8962,11:45:00,15:15:00,2020-07-22 15:05:02,4.4,1030,28
2017,MU4636,3U8962,11:45:00,15:15:00,2020-07-24 14:11:09,4.4,1030,26
2101,MU4636,3U8962,11:45:00,15:15:00,2020-07-25 14:24:11,4.4,1030,25
2149,MU4636,3U8962,11:45:00,15:15:00,2020-07-26 14:11:30,4.4,1030,24
2195,MU4636,3U8962,11:45:00,15:15:00,2020-07-27 15:42:59,4.4,1030,23
2203,MU4636,3U8962,11:45:00,15:15:00,2020-07-28 16:51:19,4.4,1030,22
2289,MU4636,3U8962,11:45:00,15:15:00,2020-07-30 14:09:25,4.4,1030,20
2293,MU4636,3U8962,11:45:00,15:15:00,2020-07-31 14:13:51,4.4,1030,19
2385,MU4636,3U8962,11:45:00,15:15:00,2020-08-01 15:29:02,4.4,1030,18
2391,MU4636,3U8962,11:45:00,15:15:00,2020-08-02 16:55:46,4.4,1030,17
2466,MU4636,3U8962,11:45:00,15:15:00,2020-08-03 13:10:22,4.4,1030,16
2504,MU4636,3U8962,11:45:00,15:15:00,2020-08-04 14:17:31,4.4,1030,15
2546,MU4636,3U8962,11:45:00,15:15:00,2020-08-05 15:49:53,4.4,1030,14
2608,MU4636,3U8962,11:45:00,15:15:00,2020-08-06 14:25:51,4.4,1030,13
2666,MU4636,3U8962,11:45:00,15:15:00,2020-08-07 14:15:31,4.4,1030,12
2693,MU4636,3U8962,11:45:00,15:15:00,2020-08-08 15:46:25,4.4,1030,11
2727,MU4636,3U8962,11:45:00,15:15:00,2020-08-09 15:21:59,4.4,1030,10
2809,MU4636,3U8962,11:45:00,15:15:00,2020-08-10 16:37:33,4.4,1030,9
2811,MU4636,3U8962,11:45:00,15:15:00,2020-08-11 15:07:53,4.4,1030,8
2864,MU4636,3U8962,11:45:00,15:15:00,2020-08-12 14:15:57,4.4,1030,7
2906,MU4636,3U8962,11:45:00,15:15:00,2020-08-13 15:04:50,4.4,1030,6
2990,MU4636,3U8962,11:45:00,15:15:00,2020-08-14 15:34:48,4.4,1030,5
3002,MU4636,3U8962,11:45:00,15:15:00,2020-08-15 15:03:57,4.4,1030,4
3049,MU4636,3U8962,11:45:00,15:15:00,2020-08-16 15:05:11,4.4,1030,3
3094,MU4636,3U8962,11:45:00,15:15:00,2020-08-17 15:18:04,4.4,1030,2
3171,MU4636,3U8962,11:45:00,15:15:00,2020-08-19 14:12:01,4.4,1030,0
1180,MU4638,3U8964,15:40:00,18:55:00,2020-07-05 15:29:41,4.4,1030,45
1226,MU4638,3U8964,15:40:00,18:55:00,2020-07-06 14:14:27,4.4,1030,44
1272,MU4638,3U8964,15:40:00,18:55:00,2020-07-07 13:10:33,4.4,1030,43
1294,MU4638,3U8964,15:40:00,18:55:00,2020-07-08 15:04:04,4.4,1030,42
1351,MU4638,3U8964,15:40:00,18:55:00,2020-07-09 16:04:09,4.4,1030,41
1388,MU4638,3U8964,15:40:00,18:55:00,2020-07-10 14:58:18,4.4,1030,40
1434,MU4638,3U8964,15:40:00,18:55:00,2020-07-11 15:03:17,4.4,1030,39
1504,MU4638,3U8964,15:40:00,18:55:00,2020-07-12 15:30:02,4.4,1030,38
1552,MU4638,3U8964,15:40:00,18:55:00,2020-07-13 14:36:02,4.4,1030,37
1598,MU4638,3U8964,15:40:00,18:55:00,2020-07-14 15:58:17,4.4,1030,36
1646,MU4638,3U8964,15:40:00,18:55:00,2020-07-15 15:29:59,4.4,1030,35
1692,MU4638,3U8964,15:40:00,18:55:00,2020-07-16 15:25:43,4.4,1030,34
1730,MU4638,3U8964,15:40:00,18:55:00,2020-07-17 16:39:46,4.4,1030,33
1779,MU4638,3U8964,15:40:00,18:55:00,2020-07-18 17:30:47,4.4,1030,32
1843,MU4638,3U8964,15:40:00,18:55:00,2020-07-19 14:13:06,4.4,1030,31
1895,MU4638,3U8964,15:40:00,18:55:00,2020-07-20 15:24:47,4.4,1030,30
1945,MU4638,3U8964,15:40:00,18:55:00,2020-07-21 15:00:00,4.4,1030,29
1983,MU4638,3U8964,15:40:00,18:55:00,2020-07-22 15:05:02,4.4,1030,28
2033,MU4638,3U8964,15:40:00,18:55:00,2020-07-24 14:11:09,4.4,1030,26
2093,MU4638,3U8964,15:40:00,18:55:00,2020-07-25 14:24:11,4.4,1030,25
2141,MU4638,3U8964,15:40:00,18:55:00,2020-07-26 14:11:30,4.4,1030,24
2187,MU4638,3U8964,15:40:00,18:55:00,2020-07-27 15:42:59,4.4,1030,23
2211,MU4638,3U8964,15:40:00,18:55:00,2020-07-28 16:51:19,4.4,1030,22
2281,MU4638,3U8964,15:40:00,18:55:00,2020-07-30 14:09:25,4.4,1030,20
2332,MU4638,3U8964,15:40:00,18:55:00,2020-07-31 14:13:51,4.4,1030,19
2377,MU4638,3U8964,15:40:00,18:55:00,2020-08-01 15:29:02,4.4,1030,18
2399,MU4638,3U8964,15:40:00,18:55:00,2020-08-02 16:55:46,4.4,1030,17
2458,MU4638,3U8964,15:40:00,18:55:00,2020-08-03 13:10:22,4.4,1030,16
2512,MU4638,3U8964,15:40:00,18:55:00,2020-08-04 14:17:31,4.4,1030,15
2554,MU4638,3U8964,15:40:00,18:55:00,2020-08-05 15:49:53,4.4,1030,14
2616,MU4638,3U8964,15:40:00,18:55:00,2020-08-06 14:25:51,4.4,1030,13
2657,MU4638,3U8964,15:40:00,18:55:00,2020-08-07 14:15:31,4.4,1030,12
2701,MU4638,3U8964,15:40:00,18:55:00,2020-08-08 15:46:25,4.4,1030,11
2731,MU4638,3U8964,15:40:00,18:55:00,2020-08-09 15:21:59,4.4,1030,10
2771,MU4638,3U8964,15:40:00,18:55:00,2020-08-10 16:37:33,4.4,1030,9
2841,MU4638,3U8964,15:40:00,18:55:00,2020-08-11 15:07:53,4.4,1030,8
2857,MU4638,3U8964,15:40:00,18:55:00,2020-08-12 14:15:57,4.4,1030,7
2913,MU4638,3U8964,15:40:00,18:55:00,2020-08-13 15:04:50,4.4,1030,6
2983,MU4638,3U8964,15:40:00,18:55:00,2020-08-14 15:34:48,4.4,1030,5
2994,MU4638,3U8964,15:40:00,18:55:00,2020-08-15 15:03:57,4.4,1030,4
3042,MU4638,3U8964,15:40:00,18:55:00,2020-08-16 15:05:11,4.4,1030,3
3111,MU4638,3U8964,15:40:00,18:55:00,2020-08-17 15:18:04,4.4,1030,2
3156,MU4638,3U8964,15:40:00,18:55:00,2020-08-19 14:12:01,4.4,1030,0
1189,MU5297,,21:30:00,00:40:00,2020-07-05 15:29:41,1.9,453,45
1234,MU5297,,21:30:00,00:40:00,2020-07-06 14:14:27,2.0,456,44
1277,MU5297,,21:30:00,00:40:00,2020-07-07 13:10:33,1.9,450,43
1286,MU5297,,21:30:00,00:40:00,2020-07-08 15:04:04,2.0,462,42
1342,MU5297,,21:30:00,00:40:00,2020-07-09 16:04:09,1.9,454,41
1379,MU5297,,21:30:00,00:40:00,2020-07-10 14:58:18,2.0,455,40
1425,MU5297,,21:30:00,00:40:00,2020-07-11 15:03:17,1.9,450,39
1513,MU5297,,21:30:00,00:40:00,2020-07-12 15:30:02,1.9,450,38
1561,MU5297,,21:30:00,00:40:00,2020-07-13 14:36:02,1.9,450,37
1607,MU5297,,21:30:00,00:40:00,2020-07-14 15:58:17,2.0,470,36
1655,MU5297,,21:30:00,00:40:00,2020-07-15 15:29:59,2.0,470,35
1701,MU5297,,21:30:00,00:40:00,2020-07-16 15:25:43,2.0,470,34
1741,MU5297,,21:30:00,00:40:00,2020-07-17 16:39:46,2.0,470,33
1790,MU5297,,21:30:00,00:40:00,2020-07-18 17:30:47,2.0,470,32
1854,MU5297,,21:30:00,00:40:00,2020-07-19 14:13:06,2.0,470,31
1906,MU5297,,21:30:00,00:40:00,2020-07-20 15:24:47,2.0,470,30
1956,MU5297,,21:30:00,00:40:00,2020-07-21 15:00:00,4.4,1030,29
2005,MU5297,,21:30:00,00:40:00,2020-07-22 15:05:02,4.4,1030,28
1181,MU5403,,09:25:00,12:40:00,2020-07-05 15:29:41,2.1,490,45
1227,MU5403,,09:25:00,12:40:00,2020-07-06 14:14:27,2.1,490,44
1273,MU5403,,09:25:00,12:40:00,2020-07-07 13:10:33,2.1,490,43
1283,MU5403,,09:25:00,12:40:00,2020-07-08 15:04:04,2.1,490,42
1350,MU5403,,09:25:00,12:40:00,2020-07-09 16:04:09,2.1,490,41
1387,MU5403,,09:25:00,12:40:00,2020-07-10 14:58:18,2.1,490,40
1433,MU5403,,09:25:00,12:40:00,2020-07-11 15:03:17,2.1,490,39
1505,MU5403,,09:25:00,12:40:00,2020-07-12 15:30:02,2.1,490,38
1553,MU5403,,09:25:00,12:40:00,2020-07-13 14:36:02,2.1,490,37
1599,MU5403,,09:25:00,12:40:00,2020-07-14 15:58:17,2.7,640,36
1647,MU5403,,09:25:00,12:40:00,2020-07-15 15:29:59,2.7,640,35
1693,MU5403,,09:25:00,12:40:00,2020-07-16 15:25:43,2.7,640,34
1731,MU5403,,09:25:00,12:40:00,2020-07-17 16:39:46,2.7,640,33
1780,MU5403,,09:25:00,12:40:00,2020-07-18 17:30:47,2.7,640,32
1844,MU5403,,09:25:00,12:40:00,2020-07-19 14:13:06,2.7,640,31
1896,MU5403,,09:25:00,12:40:00,2020-07-20 15:24:47,2.7,640,30
1946,MU5403,,09:25:00,12:40:00,2020-07-21 15:00:00,2.7,640,29
1984,MU5403,,09:25:00,12:40:00,2020-07-22 15:05:02,2.7,640,28
2010,MU5403,,09:25:00,12:40:00,2020-07-24 14:11:09,2.7,640,26
2094,MU5403,,09:25:00,12:40:00,2020-07-25 14:24:11,2.7,640,25
2142,MU5403,,09:25:00,12:40:00,2020-07-26 14:11:30,2.7,640,24
2188,MU5403,,09:25:00,12:40:00,2020-07-27 15:42:59,2.7,640,23
2210,MU5403,,09:25:00,12:40:00,2020-07-28 16:51:19,2.7,640,22
2282,MU5403,,09:25:00,12:40:00,2020-07-30 14:09:25,2.7,640,20
2333,MU5403,,09:25:00,12:40:00,2020-07-31 14:13:51,2.7,640,19
2378,MU5403,,09:25:00,12:40:00,2020-08-01 15:29:02,2.7,640,18
2398,MU5403,,09:25:00,12:40:00,2020-08-02 16:55:46,2.7,640,17
2459,MU5403,,09:25:00,12:40:00,2020-08-03 13:10:22,2.7,640,16
2511,MU5403,,09:25:00,12:40:00,2020-08-04 14:17:31,2.7,640,15
2553,MU5403,,09:25:00,12:40:00,2020-08-05 15:49:53,2.7,640,14
2615,MU5403,,09:25:00,12:40:00,2020-08-06 14:25:51,2.7,640,13
2659,MU5403,,09:25:00,12:40:00,2020-08-07 14:15:31,2.7,640,12
2700,MU5403,,09:25:00,12:40:00,2020-08-08 15:46:25,2.7,640,11
2732,MU5403,,09:25:00,12:40:00,2020-08-09 15:21:59,2.7,640,10
2770,MU5403,,09:25:00,12:40:00,2020-08-10 16:37:33,2.7,640,9
2842,MU5403,,09:25:00,12:40:00,2020-08-11 15:07:53,2.7,640,8
2858,MU5403,,09:25:00,12:40:00,2020-08-12 14:15:57,2.7,640,7
2912,MU5403,,09:25:00,12:40:00,2020-08-13 15:04:50,2.7,640,6
2984,MU5403,,09:25:00,12:40:00,2020-08-14 15:34:48,2.7,640,5
2998,MU5403,,09:25:00,12:40:00,2020-08-15 15:03:57,2.7,640,4
3043,MU5403,,09:25:00,12:40:00,2020-08-16 15:05:11,2.7,640,3
3089,MU5403,,09:25:00,12:40:00,2020-08-17 15:18:04,2.9,680,2
3177,MU5403,,09:25:00,12:40:00,2020-08-19 14:12:01,3.6,850,0
1177,MU5407,,11:05:00,14:30:00,2020-07-05 15:29:41,2.1,490,45
1223,MU5407,,11:05:00,14:30:00,2020-07-06 14:14:27,2.1,490,44
1269,MU5407,,11:05:00,14:30:00,2020-07-07 13:10:33,2.1,490,43
1297,MU5407,,11:05:00,14:30:00,2020-07-08 15:04:04,2.1,490,42
1354,MU5407,,11:05:00,14:30:00,2020-07-09 16:04:09,2.1,490,41
1391,MU5407,,11:05:00,14:30:00,2020-07-10 14:58:18,2.1,490,40
1437,MU5407,,11:05:00,14:30:00,2020-07-11 15:03:17,2.1,490,39
1501,MU5407,,11:05:00,14:30:00,2020-07-12 15:30:02,2.1,490,38
1549,MU5407,,11:05:00,14:30:00,2020-07-13 14:36:02,2.1,490,37
1595,MU5407,,11:05:00,14:30:00,2020-07-14 15:58:17,2.7,640,36
1643,MU5407,,11:05:00,14:30:00,2020-07-15 15:29:59,2.7,640,35
1689,MU5407,,11:05:00,14:30:00,2020-07-16 15:25:43,2.7,640,34
1727,MU5407,,11:05:00,14:30:00,2020-07-17 16:39:46,2.7,640,33
1804,MU5407,,11:05:00,14:30:00,2020-07-18 17:30:47,2.7,640,32
1840,MU5407,,11:05:00,14:30:00,2020-07-19 14:13:06,2.7,640,31
1892,MU5407,,11:05:00,14:30:00,2020-07-20 15:24:47,2.7,640,30
1942,MU5407,,11:05:00,14:30:00,2020-07-21 15:00:00,2.7,640,29
1980,MU5407,,11:05:00,14:30:00,2020-07-22 15:05:02,2.7,640,28
2032,MU5407,,11:05:00,14:30:00,2020-07-24 14:11:09,2.7,640,26
2090,MU5407,,11:05:00,14:30:00,2020-07-25 14:24:11,2.7,640,25
2138,MU5407,,11:05:00,14:30:00,2020-07-26 14:11:30,2.7,640,24
2184,MU5407,,11:05:00,14:30:00,2020-07-27 15:42:59,2.7,640,23
2213,MU5407,,11:05:00,14:30:00,2020-07-28 16:51:19,2.1,480,22
2278,MU5407,,11:05:00,14:30:00,2020-07-30 14:09:25,2.1,480,20
2329,MU5407,,11:05:00,14:30:00,2020-07-31 14:13:51,2.1,480,19
2344,MU5407,,11:05:00,14:30:00,2020-08-01 15:29:02,2.1,480,18
2402,MU5407,,11:05:00,14:30:00,2020-08-02 16:55:46,2.1,480,17
2456,MU5407,,11:05:00,14:30:00,2020-08-03 13:10:22,2.7,640,16
2483,MU5407,,11:05:00,14:30:00,2020-08-04 14:17:31,2.7,640,15
2557,MU5407,,11:05:00,14:30:00,2020-08-05 15:49:53,2.7,640,14
2619,MU5407,,11:05:00,14:30:00,2020-08-06 14:25:51,2.7,640,13
2654,MU5407,,11:05:00,14:30:00,2020-08-07 14:15:31,2.7,640,12
2704,MU5407,,11:05:00,14:30:00,2020-08-08 15:46:25,2.7,640,11
2721,MU5407,,11:05:00,14:30:00,2020-08-09 15:21:59,2.7,640,10
2774,MU5407,,11:05:00,14:30:00,2020-08-10 16:37:33,2.7,640,9
2838,MU5407,,11:05:00,14:30:00,2020-08-11 15:07:53,2.7,640,8
2877,MU5407,,11:05:00,14:30:00,2020-08-12 14:15:57,2.7,640,7
2916,MU5407,,11:05:00,14:30:00,2020-08-13 15:04:50,2.7,640,6
2980,MU5407,,11:05:00,14:30:00,2020-08-14 15:34:48,2.7,640,5
3037,MU5407,,11:05:00,14:30:00,2020-08-15 15:03:57,2.7,640,4
3054,MU5407,,11:05:00,14:30:00,2020-08-16 15:05:11,2.7,640,3
3107,MU5407,,11:05:00,14:30:00,2020-08-17 15:18:04,2.9,680,2
3153,MU5407,,11:05:00,14:30:00,2020-08-19 14:12:01,3.6,850,0
1163,MU5409,,12:35:00,15:40:00,2020-07-05 15:29:41,2.1,490,45
1209,MU5409,,12:35:00,15:40:00,2020-07-06 14:14:27,2.1,490,44
1255,MU5409,,12:35:00,15:40:00,2020-07-07 13:10:33,2.1,490,43
1311,MU5409,,12:35:00,15:40:00,2020-07-08 15:04:04,2.1,490,42
1368,MU5409,,12:35:00,15:40:00,2020-07-09 16:04:09,2.1,490,41
1406,MU5409,,12:35:00,15:40:00,2020-07-10 14:58:18,2.1,490,40
1451,MU5409,,12:35:00,15:40:00,2020-07-11 15:03:17,2.1,490,39
1486,MU5409,,12:35:00,15:40:00,2020-07-12 15:30:02,2.1,490,38
1534,MU5409,,12:35:00,15:40:00,2020-07-13 14:36:02,2.1,490,37
1580,MU5409,,12:35:00,15:40:00,2020-07-14 15:58:17,2.7,640,36
1628,MU5409,,12:35:00,15:40:00,2020-07-15 15:29:59,2.7,640,35
1674,MU5409,,12:35:00,15:40:00,2020-07-16 15:25:43,2.7,640,34
1712,MU5409,,12:35:00,15:40:00,2020-07-17 16:39:46,2.7,640,33
1777,MU5409,,12:35:00,15:40:00,2020-07-18 17:30:47,2.7,640,32
1806,MU5409,,12:35:00,15:40:00,2020-07-19 14:13:06,2.7,640,31
1877,MU5409,,12:35:00,15:40:00,2020-07-20 15:24:47,2.7,640,30
1927,MU5409,,12:35:00,15:40:00,2020-07-21 15:00:00,2.7,640,29
1966,MU5409,,12:35:00,15:40:00,2020-07-22 15:05:02,2.7,640,28
2055,MU5409,,12:35:00,15:40:00,2020-07-24 14:11:09,2.7,640,26
2077,MU5409,,12:35:00,15:40:00,2020-07-25 14:24:11,2.7,640,25
2124,MU5409,,12:35:00,15:40:00,2020-07-26 14:11:30,2.7,640,24
2170,MU5409,,12:35:00,15:40:00,2020-07-27 15:42:59,2.7,640,23
2237,MU5409,,12:35:00,15:40:00,2020-07-28 16:51:19,2.1,480,22
2264,MU5409,,12:35:00,15:40:00,2020-07-30 14:09:25,2.1,480,20
2314,MU5409,,12:35:00,15:40:00,2020-07-31 14:13:51,2.1,480,19
2361,MU5409,,12:35:00,15:40:00,2020-08-01 15:29:02,2.1,480,18
2415,MU5409,,12:35:00,15:40:00,2020-08-02 16:55:46,2.1,480,17
2442,MU5409,,12:35:00,15:40:00,2020-08-03 13:10:22,2.7,640,16
2497,MU5409,,12:35:00,15:40:00,2020-08-04 14:17:31,2.7,640,15
2570,MU5409,,12:35:00,15:40:00,2020-08-05 15:49:53,2.7,640,14
2585,MU5409,,12:35:00,15:40:00,2020-08-06 14:25:51,2.7,640,13
2630,MU5409,,12:35:00,15:40:00,2020-08-07 14:15:31,2.7,640,12
2672,MU5409,,12:35:00,15:40:00,2020-08-08 15:46:25,2.7,640,11
2756,MU5409,,12:35:00,15:40:00,2020-08-09 15:21:59,2.7,640,10
2788,MU5409,,12:35:00,15:40:00,2020-08-10 16:37:33,3.6,850,9
2817,MU5409,,12:35:00,15:40:00,2020-08-11 15:07:53,3.6,850,8
2891,MU5409,,12:35:00,15:40:00,2020-08-12 14:15:57,3.6,850,7
2930,MU5409,,12:35:00,15:40:00,2020-08-13 15:04:50,4.5,1050,6
2966,MU5409,,12:35:00,15:40:00,2020-08-14 15:34:48,4.5,1050,5
3024,MU5409,,12:35:00,15:40:00,2020-08-15 15:03:57,4.5,1050,4
3067,MU5409,,12:35:00,15:40:00,2020-08-16 15:05:11,4.5,1050,3
3118,MU5409,,12:35:00,15:40:00,2020-08-17 15:18:04,4.5,1050,2
3138,MU5409,,12:35:00,15:40:00,2020-08-19 14:12:01,4.5,1050,0
1150,MU5413,,18:20:00,21:40:00,2020-07-05 15:29:41,2.1,490,45
1196,MU5413,,18:20:00,21:40:00,2020-07-06 14:14:27,2.1,490,44
1242,MU5413,,18:20:00,21:40:00,2020-07-07 13:10:33,2.1,490,43
1324,MU5413,,18:20:00,21:40:00,2020-07-08 15:04:04,2.1,490,42
1338,MU5413,,18:20:00,21:40:00,2020-07-09 16:04:09,2.1,490,41
1413,MU5413,,18:20:00,21:40:00,2020-07-10 14:58:18,2.1,490,40
1464,MU5413,,18:20:00,21:40:00,2020-07-11 15:03:17,2.1,490,39
1473,MU5413,,18:20:00,21:40:00,2020-07-12 15:30:02,2.1,490,38
1521,MU5413,,18:20:00,21:40:00,2020-07-13 14:36:02,2.1,490,37
1567,MU5413,,18:20:00,21:40:00,2020-07-14 15:58:17,2.7,640,36
1615,MU5413,,18:20:00,21:40:00,2020-07-15 15:29:59,2.7,640,35
1661,MU5413,,18:20:00,21:40:00,2020-07-16 15:25:43,2.7,640,34
1748,MU5413,,18:20:00,21:40:00,2020-07-17 16:39:46,2.7,640,33
1761,MU5413,,18:20:00,21:40:00,2020-07-18 17:30:47,2.7,640,32
1811,MU5413,,18:20:00,21:40:00,2020-07-19 14:13:06,2.7,640,31
1862,MU5413,,18:20:00,21:40:00,2020-07-20 15:24:47,2.7,640,30
1913,MU5413,,18:20:00,21:40:00,2020-07-21 15:00:00,2.7,640,29
1998,MU5413,,18:20:00,21:40:00,2020-07-22 15:05:02,2.7,640,28
2040,MU5413,,18:20:00,21:40:00,2020-07-24 14:11:09,2.7,640,26
2063,MU5413,,18:20:00,21:40:00,2020-07-25 14:24:11,2.7,640,25
2110,MU5413,,18:20:00,21:40:00,2020-07-26 14:11:30,2.7,640,24
2156,MU5413,,18:20:00,21:40:00,2020-07-27 15:42:59,2.7,640,23
2229,MU5413,,18:20:00,21:40:00,2020-07-28 16:51:19,2.1,480,22
2250,MU5413,,18:20:00,21:40:00,2020-07-30 14:09:25,2.1,480,20
2299,MU5413,,18:20:00,21:40:00,2020-07-31 14:13:51,2.1,480,19
2374,MU5413,,18:20:00,21:40:00,2020-08-01 15:29:02,2.7,640,18
2429,MU5413,,18:20:00,21:40:00,2020-08-02 16:55:46,2.7,640,17
2476,MU5413,,18:20:00,21:40:00,2020-08-03 13:10:22,2.7,640,16
2518,MU5413,,18:20:00,21:40:00,2020-08-04 14:17:31,2.1,480,15
2539,MU5413,,18:20:00,21:40:00,2020-08-05 15:49:53,2.1,480,14
2599,MU5413,,18:20:00,21:40:00,2020-08-06 14:25:51,2.7,640,13
2644,MU5413,,18:20:00,21:40:00,2020-08-07 14:15:31,2.7,640,12
2685,MU5413,,18:20:00,21:40:00,2020-08-08 15:46:25,2.7,640,11
2741,MU5413,,18:20:00,21:40:00,2020-08-09 15:21:59,2.7,640,10
2801,MU5413,,18:20:00,21:40:00,2020-08-10 16:37:33,2.7,640,9
2831,MU5413,,18:20:00,21:40:00,2020-08-11 15:07:53,2.7,640,8
2876,MU5413,,18:20:00,21:40:00,2020-08-12 14:15:57,2.7,640,7
2943,MU5413,,18:20:00,21:40:00,2020-08-13 15:04:50,2.7,640,6
2952,MU5413,,18:20:00,21:40:00,2020-08-14 15:34:48,2.7,640,5
3010,MU5413,,18:20:00,21:40:00,2020-08-15 15:03:57,2.7,640,4
3078,MU5413,,18:20:00,21:40:00,2020-08-16 15:05:11,2.7,640,3
3088,MU5413,,18:20:00,21:40:00,2020-08-17 15:18:04,2.9,680,2
3136,MU5413,,18:20:00,21:40:00,2020-08-19 14:12:01,3.6,850,0
3189,MU5413,,18:20:00,21:40:00,2020-08-20 15:17:42,3.6,850,0
1165,MU7802,,10:40:00,14:00:00,2020-07-05 15:29:41,2.1,490,45
1211,MU7802,,10:40:00,14:00:00,2020-07-06 14:14:27,2.1,490,44
1257,MU7802,,10:40:00,14:00:00,2020-07-07 13:10:33,2.1,490,43
1309,MU7802,,10:40:00,14:00:00,2020-07-08 15:04:04,2.1,490,42
1366,MU7802,,10:40:00,14:00:00,2020-07-09 16:04:09,2.1,490,41
1404,MU7802,,10:40:00,14:00:00,2020-07-10 14:58:18,2.1,490,40
1449,MU7802,,10:40:00,14:00:00,2020-07-11 15:03:17,2.1,490,39
1488,MU7802,,10:40:00,14:00:00,2020-07-12 15:30:02,2.1,490,38
1536,MU7802,,10:40:00,14:00:00,2020-07-13 14:36:02,2.1,490,37
1582,MU7802,,10:40:00,14:00:00,2020-07-14 15:58:17,2.7,640,36
1630,MU7802,,10:40:00,14:00:00,2020-07-15 15:29:59,2.7,640,35
1676,MU7802,,10:40:00,14:00:00,2020-07-16 15:25:43,2.7,640,34
1714,MU7802,,10:40:00,14:00:00,2020-07-17 16:39:46,2.7,640,33
1791,MU7802,,10:40:00,14:00:00,2020-07-18 17:30:47,2.7,640,32
1827,MU7802,,10:40:00,14:00:00,2020-07-19 14:13:06,2.7,640,31
1879,MU7802,,10:40:00,14:00:00,2020-07-20 15:24:47,2.7,640,30
1929,MU7802,,10:40:00,14:00:00,2020-07-21 15:00:00,2.7,640,29
1968,MU7802,,10:40:00,14:00:00,2020-07-22 15:05:02,2.7,640,28
2057,MU7802,,10:40:00,14:00:00,2020-07-24 14:11:09,2.7,640,26
2079,MU7802,,10:40:00,14:00:00,2020-07-25 14:24:11,2.7,640,25
2126,MU7802,,10:40:00,14:00:00,2020-07-26 14:11:30,2.7,640,24
2172,MU7802,,10:40:00,14:00:00,2020-07-27 15:42:59,2.7,640,23
2225,MU7802,,10:40:00,14:00:00,2020-07-28 16:51:19,2.1,480,22
2266,MU7802,,10:40:00,14:00:00,2020-07-30 14:09:25,2.1,480,20
2316,MU7802,,10:40:00,14:00:00,2020-07-31 14:13:51,2.7,640,19
2363,MU7802,,10:40:00,14:00:00,2020-08-01 15:29:02,2.7,640,18
2413,MU7802,,10:40:00,14:00:00,2020-08-02 16:55:46,2.7,640,17
2444,MU7802,,10:40:00,14:00:00,2020-08-03 13:10:22,2.7,640,16
2481,MU7802,,10:40:00,14:00:00,2020-08-04 14:17:31,2.1,480,15
2568,MU7802,,10:40:00,14:00:00,2020-08-05 15:49:53,2.1,480,14
2583,MU7802,,10:40:00,14:00:00,2020-08-06 14:25:51,2.7,640,13
2628,MU7802,,10:40:00,14:00:00,2020-08-07 14:15:31,2.7,640,12
2670,MU7802,,10:40:00,14:00:00,2020-08-08 15:46:25,2.7,640,11
2754,MU7802,,10:40:00,14:00:00,2020-08-09 15:21:59,2.7,640,10
2786,MU7802,,10:40:00,14:00:00,2020-08-10 16:37:33,2.7,640,9
2816,MU7802,,10:40:00,14:00:00,2020-08-11 15:07:53,2.7,640,8
2889,MU7802,,10:40:00,14:00:00,2020-08-12 14:15:57,2.7,640,7
2928,MU7802,,10:40:00,14:00:00,2020-08-13 15:04:50,2.7,640,6
2968,MU7802,,10:40:00,14:00:00,2020-08-14 15:34:48,2.7,640,5
3026,MU7802,,10:40:00,14:00:00,2020-08-15 15:03:57,2.7,640,4
3066,MU7802,,10:40:00,14:00:00,2020-08-16 15:05:11,2.7,640,3
3120,MU7802,,10:40:00,14:00:00,2020-08-17 15:18:04,2.9,680,2
3140,MU7802,,10:40:00,14:00:00,2020-08-19 14:12:01,3.6,850,0
1183,TV6215,CA1947,07:40:00,10:55:00,2020-07-05 15:29:41,3.0,631,45
1229,TV6215,CA1947,07:40:00,10:55:00,2020-07-06 14:14:27,3.0,631,44
1276,TV6215,CA1947,07:40:00,10:55:00,2020-07-07 13:10:33,2.9,624,43
1292,TV6215,CA1947,07:40:00,10:55:00,2020-07-08 15:04:04,2.9,624,42
1348,TV6215,CA1947,07:40:00,10:55:00,2020-07-09 16:04:09,3.0,635,41
1385,TV6215,CA1947,07:40:00,10:55:00,2020-07-10 14:58:18,2.9,624,40
1431,TV6215,CA1947,07:40:00,10:55:00,2020-07-11 15:03:17,3.0,635,39
1507,TV6215,CA1947,07:40:00,10:55:00,2020-07-12 15:30:02,3.0,634,38
1555,TV6215,CA1947,07:40:00,10:55:00,2020-07-13 14:36:02,2.9,624,37
1601,TV6215,CA1947,07:40:00,10:55:00,2020-07-14 15:58:17,2.7,580,36
1649,TV6215,CA1947,07:40:00,10:55:00,2020-07-15 15:29:59,2.7,580,35
1695,TV6215,CA1947,07:40:00,10:55:00,2020-07-16 15:25:43,2.7,580,34
1734,TV6215,CA1947,07:40:00,10:55:00,2020-07-17 16:39:46,2.7,580,33
1783,TV6215,CA1947,07:40:00,10:55:00,2020-07-18 17:30:47,2.7,580,32
1847,TV6215,CA1947,07:40:00,10:55:00,2020-07-19 14:13:06,2.7,580,31
1899,TV6215,CA1947,07:40:00,10:55:00,2020-07-20 15:24:47,2.7,580,30
1949,TV6215,CA1947,07:40:00,10:55:00,2020-07-21 15:00:00,2.7,580,29
1987,TV6215,CA1947,07:40:00,10:55:00,2020-07-22 15:05:02,2.7,580,28
2013,TV6215,CA1947,07:40:00,10:55:00,2020-07-24 14:11:09,3.1,650,26
2097,TV6215,CA1947,07:40:00,10:55:00,2020-07-25 14:24:11,3.1,650,25
2145,TV6215,CA1947,07:40:00,10:55:00,2020-07-26 14:11:30,3.1,650,24
2191,TV6215,CA1947,07:40:00,10:55:00,2020-07-27 15:42:59,3.0,640,23
2207,TV6215,CA1947,07:40:00,10:55:00,2020-07-28 16:51:19,3.0,640,22
2285,TV6215,CA1947,07:40:00,10:55:00,2020-07-30 14:09:25,2.7,580,20
2336,TV6215,CA1947,07:40:00,10:55:00,2020-07-31 14:13:51,2.7,580,19
2381,TV6215,CA1947,07:40:00,10:55:00,2020-08-01 15:29:02,2.7,580,18
2395,TV6215,CA1947,07:40:00,10:55:00,2020-08-02 16:55:46,2.7,580,17
2462,TV6215,CA1947,07:40:00,10:55:00,2020-08-03 13:10:22,2.7,580,16
2508,TV6215,CA1947,07:40:00,10:55:00,2020-08-04 14:17:31,2.1,450,15
2550,TV6215,CA1947,07:40:00,10:55:00,2020-08-05 15:49:53,2.1,450,14
2612,TV6215,CA1947,07:40:00,10:55:00,2020-08-06 14:25:51,2.1,450,13
2661,TV6215,CA1947,07:40:00,10:55:00,2020-08-07 14:15:31,2.7,580,12
2697,TV6215,CA1947,07:40:00,10:55:00,2020-08-08 15:46:25,2.7,580,11
2735,TV6215,CA1947,07:40:00,10:55:00,2020-08-09 15:21:59,2.7,580,10
2767,TV6215,CA1947,07:40:00,10:55:00,2020-08-10 16:37:33,2.1,450,9
2845,TV6215,CA1947,07:40:00,10:55:00,2020-08-11 15:07:53,2.1,450,8
2861,TV6215,CA1947,07:40:00,10:55:00,2020-08-12 14:15:57,2.7,573,7
2909,TV6215,CA1947,07:40:00,10:55:00,2020-08-13 15:04:50,2.1,450,6
2987,TV6215,CA1947,07:40:00,10:55:00,2020-08-14 15:34:48,2.7,580,5
2995,TV6215,CA1947,07:40:00,10:55:00,2020-08-15 15:03:57,2.7,580,4
3046,TV6215,CA1947,07:40:00,10:55:00,2020-08-16 15:05:11,2.7,580,3
3091,TV6215,CA1947,07:40:00,10:55:00,2020-08-17 15:18:04,3.6,770,2
3174,TV6215,CA1947,07:40:00,10:55:00,2020-08-19 14:12:01,3.6,770,0
1147,TV6217,CA1949,16:05:00,19:30:00,2020-07-05 15:29:41,3.3,691,45
1193,TV6217,CA1949,16:05:00,19:30:00,2020-07-06 14:14:27,3.3,691,44
1239,TV6217,CA1949,16:05:00,19:30:00,2020-07-07 13:10:33,3.2,684,43
1327,TV6217,CA1949,16:05:00,19:30:00,2020-07-08 15:04:04,3.2,684,42
1331,TV6217,CA1949,16:05:00,19:30:00,2020-07-09 16:04:09,3.3,695,41
1421,TV6217,CA1949,16:05:00,19:30:00,2020-07-10 14:58:18,3.2,684,40
1467,TV6217,CA1949,16:05:00,19:30:00,2020-07-11 15:03:17,3.3,695,39
1470,TV6217,CA1949,16:05:00,19:30:00,2020-07-12 15:30:02,3.3,694,38
1518,TV6217,CA1949,16:05:00,19:30:00,2020-07-13 14:36:02,3.2,684,37
1565,TV6217,CA1949,16:05:00,19:30:00,2020-07-14 15:58:17,3.0,640,36
1612,TV6217,CA1949,16:05:00,19:30:00,2020-07-15 15:29:59,3.0,640,35
1658,TV6217,CA1949,16:05:00,19:30:00,2020-07-16 15:25:43,3.0,640,34
1745,TV6217,CA1949,16:05:00,19:30:00,2020-07-17 16:39:46,3.0,640,33
1757,TV6217,CA1949,16:05:00,19:30:00,2020-07-18 17:30:47,3.0,640,32
1808,TV6217,CA1949,16:05:00,19:30:00,2020-07-19 14:13:06,3.0,640,31
1859,TV6217,CA1949,16:05:00,19:30:00,2020-07-20 15:24:47,3.0,640,30
1910,TV6217,CA1949,16:05:00,19:30:00,2020-07-21 15:00:00,3.0,640,29
1995,TV6217,CA1949,16:05:00,19:30:00,2020-07-22 15:05:02,3.0,640,28
2037,TV6217,CA1949,16:05:00,19:30:00,2020-07-24 14:11:09,3.0,640,26
2060,TV6217,CA1949,16:05:00,19:30:00,2020-07-25 14:24:11,3.0,640,25
2107,TV6217,CA1949,16:05:00,19:30:00,2020-07-26 14:11:30,3.0,640,24
2153,TV6217,CA1949,16:05:00,19:30:00,2020-07-27 15:42:59,3.0,640,23
2232,TV6217,CA1949,16:05:00,19:30:00,2020-07-28 16:51:19,3.0,640,22
2247,TV6217,CA1949,16:05:00,19:30:00,2020-07-30 14:09:25,2.4,510,20
2296,TV6217,CA1949,16:05:00,19:30:00,2020-07-31 14:13:51,2.4,510,19
2371,TV6217,CA1949,16:05:00,19:30:00,2020-08-01 15:29:02,3.0,634,18
2432,TV6217,CA1949,16:05:00,19:30:00,2020-08-02 16:55:46,3.0,640,17
2479,TV6217,CA1949,16:05:00,19:30:00,2020-08-03 13:10:22,3.0,640,16
2514,TV6217,CA1949,16:05:00,19:30:00,2020-08-04 14:17:31,2.4,510,15
2528,TV6217,CA1949,16:05:00,19:30:00,2020-08-05 15:49:53,2.4,510,14
2602,TV6217,CA1949,16:05:00,19:30:00,2020-08-06 14:25:51,2.4,510,13
2647,TV6217,CA1949,16:05:00,19:30:00,2020-08-07 14:15:31,3.0,640,12
2688,TV6217,CA1949,16:05:00,19:30:00,2020-08-08 15:46:25,3.0,640,11
2738,TV6217,CA1949,16:05:00,19:30:00,2020-08-09 15:21:59,3.0,640,10
2804,TV6217,CA1949,16:05:00,19:30:00,2020-08-10 16:37:33,3.0,640,9
2834,TV6217,CA1949,16:05:00,19:30:00,2020-08-11 15:07:53,3.0,632,8
2873,TV6217,CA1949,16:05:00,19:30:00,2020-08-12 14:15:57,3.0,640,7
2946,TV6217,CA1949,16:05:00,19:30:00,2020-08-13 15:04:50,3.0,640,6
2949,TV6217,CA1949,16:05:00,19:30:00,2020-08-14 15:34:48,3.0,640,5
3007,TV6217,CA1949,16:05:00,19:30:00,2020-08-15 15:03:57,3.0,640,4
3075,TV6217,CA1949,16:05:00,19:30:00,2020-08-16 15:05:11,3.0,640,3
3129,TV6217,CA1949,16:05:00,19:30:00,2020-08-17 15:18:04,4.0,850,2
3133,TV6217,CA1949,16:05:00,19:30:00,2020-08-19 14:12:01,3.4,720,0
1157,TV6308,CA4504,11:50:00,15:15:00,2020-07-05 15:29:41,3.3,691,45
1203,TV6308,CA4504,11:50:00,15:15:00,2020-07-06 14:14:27,2.8,600,44
1249,TV6308,CA4504,11:50:00,15:15:00,2020-07-07 13:10:33,2.9,624,43
1317,TV6308,CA4504,11:50:00,15:15:00,2020-07-08 15:04:04,2.9,624,42
1374,TV6308,CA4504,11:50:00,15:15:00,2020-07-09 16:04:09,3.0,635,41
1412,TV6308,CA4504,11:50:00,15:15:00,2020-07-10 14:58:18,2.9,624,40
1457,TV6308,CA4504,11:50:00,15:15:00,2020-07-11 15:03:17,3.0,635,39
1480,TV6308,CA4504,11:50:00,15:15:00,2020-07-12 15:30:02,3.0,634,38
1528,TV6308,CA4504,11:50:00,15:15:00,2020-07-13 14:36:02,2.9,624,37
1574,TV6308,CA4504,11:50:00,15:15:00,2020-07-14 15:58:17,3.0,640,36
1622,TV6308,CA4504,11:50:00,15:15:00,2020-07-15 15:29:59,3.0,640,35
1668,TV6308,CA4504,11:50:00,15:15:00,2020-07-16 15:25:43,3.0,640,34
1706,TV6308,CA4504,11:50:00,15:15:00,2020-07-17 16:39:46,3.0,640,33
1771,TV6308,CA4504,11:50:00,15:15:00,2020-07-18 17:30:47,3.0,640,32
1820,TV6308,CA4504,11:50:00,15:15:00,2020-07-19 14:13:06,3.0,640,31
1871,TV6308,CA4504,11:50:00,15:15:00,2020-07-20 15:24:47,3.0,640,30
1921,TV6308,CA4504,11:50:00,15:15:00,2020-07-21 15:00:00,3.0,640,29
1960,TV6308,CA4504,11:50:00,15:15:00,2020-07-22 15:05:02,3.0,640,28
2050,TV6308,CA4504,11:50:00,15:15:00,2020-07-24 14:11:09,3.0,640,26
2072,TV6308,CA4504,11:50:00,15:15:00,2020-07-25 14:24:11,3.0,640,25
2119,TV6308,CA4504,11:50:00,15:15:00,2020-07-26 14:11:30,3.0,640,24
2165,TV6308,CA4504,11:50:00,15:15:00,2020-07-27 15:42:59,3.0,640,23
2240,TV6308,CA4504,11:50:00,15:15:00,2020-07-28 16:51:19,3.0,640,22
2259,TV6308,CA4504,11:50:00,15:15:00,2020-07-30 14:09:25,3.0,640,20
2308,TV6308,CA4504,11:50:00,15:15:00,2020-07-31 14:13:51,3.0,640,19
2356,TV6308,CA4504,11:50:00,15:15:00,2020-08-01 15:29:02,3.0,640,18
2420,TV6308,CA4504,11:50:00,15:15:00,2020-08-02 16:55:46,3.0,640,17
2437,TV6308,CA4504,11:50:00,15:15:00,2020-08-03 13:10:22,3.0,640,16
2523,TV6308,CA4504,11:50:00,15:15:00,2020-08-04 14:17:31,2.4,510,15
2530,TV6308,CA4504,11:50:00,15:15:00,2020-08-05 15:49:53,2.4,510,14
2590,TV6308,CA4504,11:50:00,15:15:00,2020-08-06 14:25:51,2.4,510,13
2635,TV6308,CA4504,11:50:00,15:15:00,2020-08-07 14:15:31,3.0,640,12
2677,TV6308,CA4504,11:50:00,15:15:00,2020-08-08 15:46:25,3.0,640,11
2761,TV6308,CA4504,11:50:00,15:15:00,2020-08-09 15:21:59,3.0,640,10
2793,TV6308,CA4504,11:50:00,15:15:00,2020-08-10 16:37:33,3.0,640,9
2822,TV6308,CA4504,11:50:00,15:15:00,2020-08-11 15:07:53,2.4,510,8
2896,TV6308,CA4504,11:50:00,15:15:00,2020-08-12 14:15:57,3.0,640,7
2934,TV6308,CA4504,11:50:00,15:15:00,2020-08-13 15:04:50,2.4,510,6
2961,TV6308,CA4504,11:50:00,15:15:00,2020-08-14 15:34:48,3.0,640,5
3019,TV6308,CA4504,11:50:00,15:15:00,2020-08-15 15:03:57,3.0,640,4
3082,TV6308,CA4504,11:50:00,15:15:00,2020-08-16 15:05:11,3.0,640,3
3113,TV6308,CA4504,11:50:00,15:15:00,2020-08-17 15:18:04,4.0,850,2
3167,TV6308,CA4504,11:50:00,15:15:00,2020-08-19 14:12:01,3.4,720,0
1161,TV6312,CA4514,20:25:00,23:50:00,2020-07-05 15:29:41,3.3,691,45
1207,TV6312,CA4514,20:25:00,23:50:00,2020-07-06 14:14:27,2.8,600,44
1253,TV6312,CA4514,20:25:00,23:50:00,2020-07-07 13:10:33,2.9,624,43
1313,TV6312,CA4514,20:25:00,23:50:00,2020-07-08 15:04:04,2.9,624,42
1370,TV6312,CA4514,20:25:00,23:50:00,2020-07-09 16:04:09,3.0,635,41
1408,TV6312,CA4514,20:25:00,23:50:00,2020-07-10 14:58:18,2.9,624,40
1453,TV6312,CA4514,20:25:00,23:50:00,2020-07-11 15:03:17,3.0,635,39
1484,TV6312,CA4514,20:25:00,23:50:00,2020-07-12 15:30:02,3.0,634,38
1532,TV6312,CA4514,20:25:00,23:50:00,2020-07-13 14:36:02,2.9,624,37
1578,TV6312,CA4514,20:25:00,23:50:00,2020-07-14 15:58:17,2.7,580,36
1626,TV6312,CA4514,20:25:00,23:50:00,2020-07-15 15:29:59,2.7,580,35
1672,TV6312,CA4514,20:25:00,23:50:00,2020-07-16 15:25:43,2.7,580,34
1710,TV6312,CA4514,20:25:00,23:50:00,2020-07-17 16:39:46,2.7,580,33
1775,TV6312,CA4514,20:25:00,23:50:00,2020-07-18 17:30:47,2.7,580,32
1824,TV6312,CA4514,20:25:00,23:50:00,2020-07-19 14:13:06,2.7,580,31
1875,TV6312,CA4514,20:25:00,23:50:00,2020-07-20 15:24:47,2.7,580,30
1925,TV6312,CA4514,20:25:00,23:50:00,2020-07-21 15:00:00,2.7,580,29
1964,TV6312,CA4514,20:25:00,23:50:00,2020-07-22 15:05:02,2.7,580,28
2054,TV6312,CA4514,20:25:00,23:50:00,2020-07-24 14:11:09,2.7,580,26
2076,TV6312,CA4514,20:25:00,23:50:00,2020-07-25 14:24:11,2.7,580,25
2123,TV6312,CA4514,20:25:00,23:50:00,2020-07-26 14:11:30,2.7,580,24
2169,TV6312,CA4514,20:25:00,23:50:00,2020-07-27 15:42:59,2.7,580,23
2236,TV6312,CA4514,20:25:00,23:50:00,2020-07-28 16:51:19,2.7,580,22
2263,TV6312,CA4514,20:25:00,23:50:00,2020-07-30 14:09:25,2.7,580,20
2313,TV6312,CA4514,20:25:00,23:50:00,2020-07-31 14:13:51,2.7,580,19
2360,TV6312,CA4514,20:25:00,23:50:00,2020-08-01 15:29:02,2.7,580,18
2416,TV6312,CA4514,20:25:00,23:50:00,2020-08-02 16:55:46,2.7,580,17
2441,TV6312,CA4514,20:25:00,23:50:00,2020-08-03 13:10:22,2.7,580,16
2498,TV6312,CA4514,20:25:00,23:50:00,2020-08-04 14:17:31,2.7,580,15
2571,TV6312,CA4514,20:25:00,23:50:00,2020-08-05 15:49:53,2.7,580,14
2586,TV6312,CA4514,20:25:00,23:50:00,2020-08-06 14:25:51,2.7,580,13
2631,TV6312,CA4514,20:25:00,23:50:00,2020-08-07 14:15:31,2.7,580,12
2673,TV6312,CA4514,20:25:00,23:50:00,2020-08-08 15:46:25,2.7,580,11
2757,TV6312,CA4514,20:25:00,23:50:00,2020-08-09 15:21:59,2.7,580,10
2789,TV6312,CA4514,20:25:00,23:50:00,2020-08-10 16:37:33,2.7,580,9
2818,TV6312,CA4514,20:25:00,23:50:00,2020-08-11 15:07:53,2.7,580,8
2892,TV6312,CA4514,20:25:00,23:50:00,2020-08-12 14:15:57,2.7,580,7
2931,TV6312,CA4514,20:25:00,23:50:00,2020-08-13 15:04:50,2.7,580,6
2965,TV6312,CA4514,20:25:00,23:50:00,2020-08-14 15:34:48,2.7,580,5
3023,TV6312,CA4514,20:25:00,23:50:00,2020-08-15 15:03:57,2.7,580,4
3068,TV6312,CA4514,20:25:00,23:50:00,2020-08-16 15:05:11,2.7,580,3
3117,TV6312,CA4514,20:25:00,23:50:00,2020-08-17 15:18:04,3.6,770,2
3137,TV6312,CA4514,20:25:00,23:50:00,2020-08-19 14:12:01,3.6,770,0
3178,TV6312,CA4514,20:25:00,23:50:00,2020-08-20 15:17:42,3.6,770,0
1154,TV6320,CA4536,21:10:00,00:20:00,2020-07-05 15:29:41,3.0,631,45
1200,TV6320,CA4536,21:10:00,00:20:00,2020-07-06 14:14:27,3.0,631,44
1246,TV6320,CA4536,21:10:00,00:20:00,2020-07-07 13:10:33,2.9,624,43
1320,TV6320,CA4536,21:10:00,00:20:00,2020-07-08 15:04:04,2.9,624,42
1334,TV6320,CA4536,21:10:00,00:20:00,2020-07-09 16:04:09,3.0,635,41
1418,TV6320,CA4536,21:10:00,00:20:00,2020-07-10 14:58:18,2.9,624,40
1460,TV6320,CA4536,21:10:00,00:20:00,2020-07-11 15:03:17,3.0,635,39
1477,TV6320,CA4536,21:10:00,00:20:00,2020-07-12 15:30:02,3.0,634,38
1525,TV6320,CA4536,21:10:00,00:20:00,2020-07-13 14:36:02,2.9,624,37
1571,TV6320,CA4536,21:10:00,00:20:00,2020-07-14 15:58:17,2.5,540,36
1619,TV6320,CA4536,21:10:00,00:20:00,2020-07-15 15:29:59,2.5,540,35
1665,TV6320,CA4536,21:10:00,00:20:00,2020-07-16 15:25:43,2.5,540,34
1754,TV6320,CA4536,21:10:00,00:20:00,2020-07-17 16:39:46,2.5,540,33
1768,TV6320,CA4536,21:10:00,00:20:00,2020-07-18 17:30:47,2.5,540,32
1817,TV6320,CA4536,21:10:00,00:20:00,2020-07-19 14:13:06,2.5,540,31
1868,TV6320,CA4536,21:10:00,00:20:00,2020-07-20 15:24:47,2.5,540,30
1919,TV6320,CA4536,21:10:00,00:20:00,2020-07-21 15:00:00,2.5,540,29
2004,TV6320,CA4536,21:10:00,00:20:00,2020-07-22 15:05:02,2.5,540,28
2047,TV6320,CA4536,21:10:00,00:20:00,2020-07-24 14:11:09,2.9,610,26
2069,TV6320,CA4536,21:10:00,00:20:00,2020-07-25 14:24:11,2.9,610,25
2116,TV6320,CA4536,21:10:00,00:20:00,2020-07-26 14:11:30,2.9,610,24
2162,TV6320,CA4536,21:10:00,00:20:00,2020-07-27 15:42:59,3.0,630,23
2242,TV6320,CA4536,21:10:00,00:20:00,2020-07-28 16:51:19,3.0,630,22
2256,TV6320,CA4536,21:10:00,00:20:00,2020-07-30 14:09:25,4.0,839,20
2305,TV6320,CA4536,21:10:00,00:20:00,2020-07-31 14:13:51,3.8,810,19
2353,TV6320,CA4536,21:10:00,00:20:00,2020-08-01 15:29:02,3.8,810,18
2423,TV6320,CA4536,21:10:00,00:20:00,2020-08-02 16:55:46,3.8,810,17
2470,TV6320,CA4536,21:10:00,00:20:00,2020-08-03 13:10:22,4.0,840,16
2526,TV6320,CA4536,21:10:00,00:20:00,2020-08-04 14:17:31,4.0,839,15
2533,TV6320,CA4536,21:10:00,00:20:00,2020-08-05 15:49:53,3.8,810,14
2593,TV6320,CA4536,21:10:00,00:20:00,2020-08-06 14:25:51,3.8,810,13
2638,TV6320,CA4536,21:10:00,00:20:00,2020-08-07 14:15:31,3.8,810,12
2680,TV6320,CA4536,21:10:00,00:20:00,2020-08-08 15:46:25,3.8,810,11
2747,TV6320,CA4536,21:10:00,00:20:00,2020-08-09 15:21:59,3.8,810,10
2796,TV6320,CA4536,21:10:00,00:20:00,2020-08-10 16:37:33,3.0,630,9
2825,TV6320,CA4536,21:10:00,00:20:00,2020-08-11 15:07:53,3.0,630,8
2899,TV6320,CA4536,21:10:00,00:20:00,2020-08-12 14:15:57,3.0,630,7
2937,TV6320,CA4536,21:10:00,00:20:00,2020-08-13 15:04:50,3.0,630,6
2958,TV6320,CA4536,21:10:00,00:20:00,2020-08-14 15:34:48,3.0,630,5
3016,TV6320,CA4536,21:10:00,00:20:00,2020-08-15 15:03:57,3.0,630,4
3085,TV6320,CA4536,21:10:00,00:20:00,2020-08-16 15:05:11,3.0,630,3
3099,TV6320,CA4536,21:10:00,00:20:00,2020-08-17 15:18:04,3.4,720,2
3162,TV6320,CA4536,21:10:00,00:20:00,2020-08-19 14:12:01,3.4,720,0
3186,TV6320,CA4536,21:10:00,00:20:00,2020-08-20 15:17:42,3.4,720,0
1173,TV6440,EU6668,21:30:00,01:05:00,2020-07-05 15:29:41,4.8,1120,45
1219,TV6440,EU6668,21:30:00,01:05:00,2020-07-06 14:14:27,4.8,1120,44
1265,TV6440,EU6668,21:30:00,01:05:00,2020-07-07 13:10:33,4.8,1120,43
1301,TV6440,EU6668,21:30:00,01:05:00,2020-07-08 15:04:04,4.8,1120,42
1358,TV6440,EU6668,21:30:00,01:05:00,2020-07-09 16:04:09,4.8,1120,41
1395,TV6440,EU6668,21:30:00,01:05:00,2020-07-10 14:58:18,4.8,1120,40
1422,TV6440,EU6668,21:30:00,01:05:00,2020-07-11 15:03:17,4.8,1120,39
1497,TV6440,EU6668,21:30:00,01:05:00,2020-07-12 15:30:02,4.8,1120,38
1545,TV6440,EU6668,21:30:00,01:05:00,2020-07-13 14:36:02,4.8,1120,37
1591,TV6440,EU6668,21:30:00,01:05:00,2020-07-14 15:58:17,4.8,1120,36
1639,TV6440,EU6668,21:30:00,01:05:00,2020-07-15 15:29:59,4.8,1120,35
1685,TV6440,EU6668,21:30:00,01:05:00,2020-07-16 15:25:43,4.8,1120,34
1723,TV6440,EU6668,21:30:00,01:05:00,2020-07-17 16:39:46,4.8,1120,33
1800,TV6440,EU6668,21:30:00,01:05:00,2020-07-18 17:30:47,4.8,1120,32
1836,TV6440,EU6668,21:30:00,01:05:00,2020-07-19 14:13:06,4.8,1120,31
1888,TV6440,EU6668,21:30:00,01:05:00,2020-07-20 15:24:47,4.8,1120,30
1938,TV6440,EU6668,21:30:00,01:05:00,2020-07-21 15:00:00,4.8,1120,29
1976,TV6440,EU6668,21:30:00,01:05:00,2020-07-22 15:05:02,4.8,1120,28
2028,TV6440,EU6668,21:30:00,01:05:00,2020-07-24 14:11:09,4.8,1120,26
2087,TV6440,EU6668,21:30:00,01:05:00,2020-07-25 14:24:11,4.8,1120,25
2134,TV6440,EU6668,21:30:00,01:05:00,2020-07-26 14:11:30,4.8,1120,24
2180,TV6440,EU6668,21:30:00,01:05:00,2020-07-27 15:42:59,4.8,1120,23
2217,TV6440,EU6668,21:30:00,01:05:00,2020-07-28 16:51:19,4.8,1120,22
2274,TV6440,EU6668,21:30:00,01:05:00,2020-07-30 14:09:25,4.8,1120,20
2324,TV6440,EU6668,21:30:00,01:05:00,2020-07-31 14:13:51,4.8,1120,19
2375,TV6440,EU6668,21:30:00,01:05:00,2020-08-01 15:29:02,4.8,1120,18
2406,TV6440,EU6668,21:30:00,01:05:00,2020-08-02 16:55:46,4.8,1120,17
2452,TV6440,EU6668,21:30:00,01:05:00,2020-08-03 13:10:22,4.8,1120,16
2487,TV6440,EU6668,21:30:00,01:05:00,2020-08-04 14:17:31,4.8,1120,15
2561,TV6440,EU6668,21:30:00,01:05:00,2020-08-05 15:49:53,4.8,1120,14
2604,TV6440,EU6668,21:30:00,01:05:00,2020-08-06 14:25:51,4.8,1120,13
2650,TV6440,EU6668,21:30:00,01:05:00,2020-08-07 14:15:31,4.8,1120,12
2708,TV6440,EU6668,21:30:00,01:05:00,2020-08-08 15:46:25,4.8,1120,11
2717,TV6440,EU6668,21:30:00,01:05:00,2020-08-09 15:21:59,4.8,1120,10
2778,TV6440,EU6668,21:30:00,01:05:00,2020-08-10 16:37:33,4.8,1120,9
2847,TV6440,EU6668,21:30:00,01:05:00,2020-08-11 15:07:53,4.8,1120,8
2881,TV6440,EU6668,21:30:00,01:05:00,2020-08-12 14:15:57,4.8,1120,7
2920,TV6440,EU6668,21:30:00,01:05:00,2020-08-13 15:04:50,4.8,1120,6
2976,TV6440,EU6668,21:30:00,01:05:00,2020-08-14 15:34:48,4.8,1120,5
3033,TV6440,EU6668,21:30:00,01:05:00,2020-08-15 15:03:57,4.8,1120,4
3058,TV6440,EU6668,21:30:00,01:05:00,2020-08-16 15:05:11,4.8,1120,3
3103,TV6440,EU6668,21:30:00,01:05:00,2020-08-17 15:18:04,4.8,1120,2
3149,TV6440,EU6668,21:30:00,01:05:00,2020-08-19 14:12:01,4.8,1120,0
3191,TV6440,EU6668,21:30:00,01:05:00,2020-08-20 15:17:42,4.8,1120,0
1171,Y87407,HU7407,20:15:00,23:10:00,2020-07-05 15:29:41,7.6,1610,45
1217,Y87407,HU7407,20:15:00,23:10:00,2020-07-06 14:14:27,7.6,1610,44
1263,Y87407,HU7407,20:15:00,23:10:00,2020-07-07 13:10:33,7.6,1610,43
1303,Y87407,HU7407,20:15:00,23:10:00,2020-07-08 15:04:04,7.6,1610,42
1360,Y87407,HU7407,20:15:00,23:10:00,2020-07-09 16:04:09,7.6,1610,41
1397,Y87407,HU7407,20:15:00,23:10:00,2020-07-10 14:58:18,7.6,1610,40
1442,Y87407,HU7407,20:15:00,23:10:00,2020-07-11 15:03:17,7.6,1610,39
1495,Y87407,HU7407,20:15:00,23:10:00,2020-07-12 15:30:02,7.6,1610,38
1543,Y87407,HU7407,20:15:00,23:10:00,2020-07-13 14:36:02,7.6,1610,37
1589,Y87407,HU7407,20:15:00,23:10:00,2020-07-14 15:58:17,7.6,1610,36
1637,Y87407,HU7407,20:15:00,23:10:00,2020-07-15 15:29:59,7.6,1610,35
1683,Y87407,HU7407,20:15:00,23:10:00,2020-07-16 15:25:43,7.6,1610,34
1721,Y87407,HU7407,20:15:00,23:25:00,2020-07-17 16:39:46,7.6,1610,33
1798,Y87407,HU7407,20:15:00,23:25:00,2020-07-18 17:30:47,7.6,1610,32
1834,Y87407,HU7407,20:15:00,23:25:00,2020-07-19 14:13:06,7.6,1610,31
1886,Y87407,HU7407,20:15:00,23:25:00,2020-07-20 15:24:47,7.6,1610,30
1936,Y87407,HU7407,20:15:00,23:25:00,2020-07-21 15:00:00,7.6,1610,29
1974,Y87407,HU7407,20:15:00,23:25:00,2020-07-22 15:05:02,7.6,1610,28
2026,Y87407,HU7407,20:15:00,23:25:00,2020-07-24 14:11:09,7.6,1610,26
2085,Y87407,HU7407,20:15:00,23:25:00,2020-07-25 14:24:11,7.6,1610,25
2132,Y87407,HU7407,20:15:00,23:25:00,2020-07-26 14:11:30,7.6,1610,24
2178,Y87407,HU7407,20:15:00,23:25:00,2020-07-27 15:42:59,7.6,1610,23
2219,Y87407,HU7407,20:15:00,23:25:00,2020-07-28 16:51:19,7.6,1610,22
2272,Y87407,HU7407,20:15:00,23:25:00,2020-07-30 14:09:25,7.6,1610,20
2322,Y87407,HU7407,20:15:00,23:25:00,2020-07-31 14:13:51,7.6,1610,19
2369,Y87407,HU7407,20:15:00,23:25:00,2020-08-01 15:29:02,7.6,1610,18
2408,Y87407,HU7407,20:15:00,23:25:00,2020-08-02 16:55:46,7.6,1610,17
2450,Y87407,HU7407,20:15:00,23:25:00,2020-08-03 13:10:22,7.6,1610,16
2489,Y87407,HU7407,20:15:00,23:25:00,2020-08-04 14:17:31,7.6,1610,15
2565,Y87407,HU7407,20:15:00,23:25:00,2020-08-05 15:49:53,7.6,1610,14
2577,Y87407,HU7407,20:15:00,23:25:00,2020-08-06 14:25:51,7.6,1610,13
2625,Y87407,HU7407,20:15:00,23:25:00,2020-08-07 14:15:31,7.6,1610,12
2710,Y87407,HU7407,20:15:00,23:25:00,2020-08-08 15:46:25,7.6,1610,11
2748,Y87407,HU7407,20:15:00,23:25:00,2020-08-09 15:21:59,7.6,1610,10
2780,Y87407,HU7407,20:15:00,23:25:00,2020-08-10 16:37:33,7.6,1610,9
2849,Y87407,HU7407,20:15:00,23:25:00,2020-08-11 15:07:53,7.6,1610,8
2883,Y87407,HU7407,20:15:00,23:25:00,2020-08-12 14:15:57,7.6,1610,7
2922,Y87407,HU7407,20:15:00,23:25:00,2020-08-13 15:04:50,7.6,1610,6
2974,Y87407,HU7407,20:15:00,23:25:00,2020-08-14 15:34:48,7.6,1610,5
3032,Y87407,HU7407,20:15:00,23:25:00,2020-08-15 15:03:57,7.6,1610,4
3060,Y87407,HU7407,20:15:00,23:25:00,2020-08-16 15:05:11,7.6,1610,3
3126,Y87407,HU7407,20:15:00,23:25:00,2020-08-17 15:18:04,7.6,1610,2
3147,Y87407,HU7407,20:15:00,23:25:00,2020-08-19 14:12:01,7.6,1610,0
3192,Y87407,HU7407,20:15:00,23:25:00,2020-08-20 15:17:42,7.6,1610,0
1182,ZH1947,CA1947,07:40:00,10:55:00,2020-07-05 15:29:41,3.6,850,45
1228,ZH1947,CA1947,07:40:00,10:55:00,2020-07-06 14:14:27,2.7,635,44
1275,ZH1947,CA1947,07:40:00,10:55:00,2020-07-07 13:10:33,3.6,850,43
1293,ZH1947,CA1947,07:40:00,10:55:00,2020-07-08 15:04:04,10.0,2330,42
1349,ZH1947,CA1947,07:40:00,10:55:00,2020-07-09 16:04:09,2.7,634,41
1386,ZH1947,CA1947,07:40:00,10:55:00,2020-07-10 14:58:18,3.6,850,40
1432,ZH1947,CA1947,07:40:00,10:55:00,2020-07-11 15:03:17,2.7,634,39
1506,ZH1947,CA1947,07:40:00,10:55:00,2020-07-12 15:30:02,3.6,850,38
1554,ZH1947,CA1947,07:40:00,10:55:00,2020-07-13 14:36:02,3.6,850,37
1600,ZH1947,CA1947,07:40:00,10:55:00,2020-07-14 15:58:17,3.6,850,36
1648,ZH1947,CA1947,07:40:00,10:55:00,2020-07-15 15:29:59,3.6,850,35
1694,ZH1947,CA1947,07:40:00,10:55:00,2020-07-16 15:25:43,3.6,850,34
1732,ZH1947,CA1947,07:40:00,10:55:00,2020-07-17 16:39:46,2.5,573,33
1781,ZH1947,CA1947,07:40:00,10:55:00,2020-07-18 17:30:47,3.6,850,32
1845,ZH1947,CA1947,07:40:00,10:55:00,2020-07-19 14:13:06,3.6,850,31
1897,ZH1947,CA1947,07:40:00,10:55:00,2020-07-20 15:24:47,2.4,563,30
1947,ZH1947,CA1947,07:40:00,10:55:00,2020-07-21 15:00:00,3.6,850,29
1985,ZH1947,CA1947,07:40:00,10:55:00,2020-07-22 15:05:02,3.6,850,28
2011,ZH1947,CA1947,07:40:00,10:55:00,2020-07-24 14:11:09,3.6,850,26
2095,ZH1947,CA1947,07:40:00,10:55:00,2020-07-25 14:24:11,3.6,850,25
2143,ZH1947,CA1947,07:40:00,10:55:00,2020-07-26 14:11:30,3.6,850,24
2189,ZH1947,CA1947,07:40:00,10:55:00,2020-07-27 15:42:59,3.6,850,23
2209,ZH1947,CA1947,07:40:00,10:55:00,2020-07-28 16:51:19,3.6,850,22
2283,ZH1947,CA1947,07:40:00,10:55:00,2020-07-30 14:09:25,2.4,559,20
2334,ZH1947,CA1947,07:40:00,10:55:00,2020-07-31 14:13:51,3.6,850,19
2379,ZH1947,CA1947,07:40:00,10:55:00,2020-08-01 15:29:02,3.6,850,18
2397,ZH1947,CA1947,07:40:00,10:55:00,2020-08-02 16:55:46,3.6,850,17
2460,ZH1947,CA1947,07:40:00,10:55:00,2020-08-03 13:10:22,1.9,439,16
2510,ZH1947,CA1947,07:40:00,10:55:00,2020-08-04 14:17:31,3.6,850,15
2552,ZH1947,CA1947,07:40:00,10:55:00,2020-08-05 15:49:53,3.6,850,14
2614,ZH1947,CA1947,07:40:00,10:55:00,2020-08-06 14:25:51,3.6,850,13
2662,ZH1947,CA1947,07:40:00,10:55:00,2020-08-07 14:15:31,3.6,850,12
2699,ZH1947,CA1947,07:40:00,10:55:00,2020-08-08 15:46:25,3.6,850,11
2733,ZH1947,CA1947,07:40:00,10:55:00,2020-08-09 15:21:59,3.6,850,10
2769,ZH1947,CA1947,07:40:00,10:55:00,2020-08-10 16:37:33,1.9,439,9
2843,ZH1947,CA1947,07:40:00,10:55:00,2020-08-11 15:07:53,3.6,850,8
2859,ZH1947,CA1947,07:40:00,10:55:00,2020-08-12 14:15:57,3.6,850,7
2911,ZH1947,CA1947,07:40:00,10:55:00,2020-08-13 15:04:50,1.9,439,6
2985,ZH1947,CA1947,07:40:00,10:55:00,2020-08-14 15:34:48,2.4,569,5
2997,ZH1947,CA1947,07:40:00,10:55:00,2020-08-15 15:03:57,3.6,850,4
3044,ZH1947,CA1947,07:40:00,10:55:00,2020-08-16 15:05:11,3.6,850,3
3112,ZH1947,CA1947,07:40:00,10:55:00,2020-08-17 15:18:04,3.2,749,2
3176,ZH1947,CA1947,07:40:00,10:55:00,2020-08-19 14:12:01,3.2,749,0
1159,ZH1949,CA1949,16:05:00,19:30:00,2020-07-05 15:29:41,3.6,850,45
1205,ZH1949,CA1949,16:05:00,19:30:00,2020-07-06 14:14:27,3.0,695,44
1251,ZH1949,CA1949,16:05:00,19:30:00,2020-07-07 13:10:33,3.6,850,43
1315,ZH1949,CA1949,16:05:00,19:30:00,2020-07-08 15:04:04,10.0,2330,42
1372,ZH1949,CA1949,16:05:00,19:30:00,2020-07-09 16:04:09,3.0,694,41
1410,ZH1949,CA1949,16:05:00,19:30:00,2020-07-10 14:58:18,3.6,850,40
1455,ZH1949,CA1949,16:05:00,19:30:00,2020-07-11 15:03:17,3.0,694,39
1482,ZH1949,CA1949,16:05:00,19:30:00,2020-07-12 15:30:02,3.6,850,38
1530,ZH1949,CA1949,16:05:00,19:30:00,2020-07-13 14:36:02,3.6,850,37
1576,ZH1949,CA1949,16:05:00,19:30:00,2020-07-14 15:58:17,3.6,850,36
1624,ZH1949,CA1949,16:05:00,19:30:00,2020-07-15 15:29:59,3.6,850,35
1670,ZH1949,CA1949,16:05:00,19:30:00,2020-07-16 15:25:43,3.6,850,34
1708,ZH1949,CA1949,16:05:00,19:30:00,2020-07-17 16:39:46,2.7,634,33
1773,ZH1949,CA1949,16:05:00,19:30:00,2020-07-18 17:30:47,3.6,850,32
1822,ZH1949,CA1949,16:05:00,19:30:00,2020-07-19 14:13:06,3.6,850,31
1873,ZH1949,CA1949,16:05:00,19:30:00,2020-07-20 15:24:47,2.7,622,30
1923,ZH1949,CA1949,16:05:00,19:30:00,2020-07-21 15:00:00,3.6,850,29
1962,ZH1949,CA1949,16:05:00,19:30:00,2020-07-22 15:05:02,3.6,850,28
2052,ZH1949,CA1949,16:05:00,19:30:00,2020-07-24 14:11:09,3.6,850,26
2074,ZH1949,CA1949,16:05:00,19:30:00,2020-07-25 14:24:11,3.6,850,25
2121,ZH1949,CA1949,16:05:00,19:30:00,2020-07-26 14:11:30,3.6,850,24
2167,ZH1949,CA1949,16:05:00,19:30:00,2020-07-27 15:42:59,3.6,850,23
2234,ZH1949,CA1949,16:05:00,19:30:00,2020-07-28 16:51:19,3.6,850,22
2261,ZH1949,CA1949,16:05:00,19:30:00,2020-07-30 14:09:25,2.1,489,20
2311,ZH1949,CA1949,16:05:00,19:30:00,2020-07-31 14:13:51,3.6,850,19
2358,ZH1949,CA1949,16:05:00,19:30:00,2020-08-01 15:29:02,3.6,850,18
2418,ZH1949,CA1949,16:05:00,19:30:00,2020-08-02 16:55:46,3.6,850,17
2439,ZH1949,CA1949,16:05:00,19:30:00,2020-08-03 13:10:22,2.1,499,16
2500,ZH1949,CA1949,16:05:00,19:30:00,2020-08-04 14:17:31,3.6,850,15
2542,ZH1949,CA1949,16:05:00,19:30:00,2020-08-05 15:49:53,3.6,850,14
2588,ZH1949,CA1949,16:05:00,19:30:00,2020-08-06 14:25:51,3.6,850,13
2633,ZH1949,CA1949,16:05:00,19:30:00,2020-08-07 14:15:31,3.6,850,12
2675,ZH1949,CA1949,16:05:00,19:30:00,2020-08-08 15:46:25,3.6,850,11
2759,ZH1949,CA1949,16:05:00,19:30:00,2020-08-09 15:21:59,3.6,850,10
2791,ZH1949,CA1949,16:05:00,19:30:00,2020-08-10 16:37:33,2.7,629,9
2820,ZH1949,CA1949,16:05:00,19:30:00,2020-08-11 15:07:53,3.6,850,8
2894,ZH1949,CA1949,16:05:00,19:30:00,2020-08-12 14:15:57,3.6,850,7
2933,ZH1949,CA1949,16:05:00,19:30:00,2020-08-13 15:04:50,2.7,626,6
2963,ZH1949,CA1949,16:05:00,19:30:00,2020-08-14 15:34:48,2.7,629,5
3021,ZH1949,CA1949,16:05:00,19:30:00,2020-08-15 15:03:57,3.6,850,4
3070,ZH1949,CA1949,16:05:00,19:30:00,2020-08-16 15:05:11,3.6,850,3
3115,ZH1949,CA1949,16:05:00,19:30:00,2020-08-17 15:18:04,3.3,770,2
3164,ZH1949,CA1949,16:05:00,19:30:00,2020-08-19 14:12:01,3.0,702,0
1185,ZH4480,CA4480,13:50:00,19:00:00,2020-07-05 15:29:41,4.5,1060,45
1191,ZH4480,CA4480,13:50:00,19:00:00,2020-07-06 14:14:27,4.1,944,44
1279,ZH4480,CA4480,13:50:00,19:00:00,2020-07-07 13:10:33,4.5,1060,43
1290,ZH4480,CA4480,13:50:00,19:00:00,2020-07-08 15:04:04,10.0,2330,42
1346,ZH4480,CA4480,13:50:00,19:00:00,2020-07-09 16:04:09,4.2,985,41
1383,ZH4480,CA4480,13:50:00,19:00:00,2020-07-10 14:58:18,4.5,1060,40
1429,ZH4480,CA4480,13:50:00,19:00:00,2020-07-11 15:03:17,4.2,985,39
1509,ZH4480,CA4480,13:50:00,19:00:00,2020-07-12 15:30:02,4.5,1060,38
1557,ZH4480,CA4480,13:50:00,19:00:00,2020-07-13 14:36:02,4.5,1060,37
1603,ZH4480,CA4480,13:50:00,19:00:00,2020-07-14 15:58:17,4.5,1060,36
1651,ZH4480,CA4480,13:50:00,19:00:00,2020-07-15 15:29:59,4.5,1060,35
1697,ZH4480,CA4480,13:50:00,19:00:00,2020-07-16 15:25:43,4.5,1060,34
1736,ZH4480,CA4480,13:50:00,19:00:00,2020-07-17 16:39:46,4.2,985,33
1785,ZH4480,CA4480,13:50:00,19:00:00,2020-07-18 17:30:47,4.5,1060,32
1849,ZH4480,CA4480,13:50:00,19:00:00,2020-07-19 14:13:06,4.5,1060,31
1901,ZH4480,CA4480,13:50:00,19:00:00,2020-07-20 15:24:47,4.1,959,30
1951,ZH4480,CA4480,13:50:00,19:00:00,2020-07-21 15:00:00,4.5,1060,29
1989,ZH4480,CA4480,13:50:00,19:00:00,2020-07-22 15:05:02,4.5,1060,28
2015,ZH4480,CA4480,13:50:00,19:00:00,2020-07-24 14:11:09,4.5,1060,26
2099,ZH4480,CA4480,13:50:00,19:00:00,2020-07-25 14:24:11,4.5,1060,25
2147,ZH4480,CA4480,13:50:00,19:00:00,2020-07-26 14:11:30,4.5,1060,24
2193,ZH4480,CA4480,13:50:00,19:00:00,2020-07-27 15:42:59,4.5,1060,23
2205,ZH4480,CA4480,13:50:00,19:00:00,2020-07-28 16:51:19,4.5,1060,22
2287,ZH4480,CA4480,13:50:00,19:00:00,2020-07-30 14:09:25,4.2,967,20
2338,ZH4480,CA4480,13:50:00,19:00:00,2020-07-31 14:13:51,4.5,1060,19
2383,ZH4480,CA4480,13:50:00,19:00:00,2020-08-01 15:29:02,4.5,1060,18
2393,ZH4480,CA4480,13:50:00,19:00:00,2020-08-02 16:55:46,4.5,1060,17
2464,ZH4480,CA4480,13:50:00,19:00:00,2020-08-03 13:10:22,4.2,967,16
2506,ZH4480,CA4480,13:50:00,19:00:00,2020-08-04 14:17:31,4.5,1060,15
2548,ZH4480,CA4480,13:50:00,19:00:00,2020-08-05 15:49:53,4.5,1060,14
2610,ZH4480,CA4480,13:50:00,19:00:00,2020-08-06 14:25:51,4.5,1060,13
2668,ZH4480,CA4480,13:50:00,19:00:00,2020-08-07 14:15:31,4.5,1060,12
2695,ZH4480,CA4480,13:50:00,19:00:00,2020-08-08 15:46:25,4.5,1060,11
2724,ZH4480,CA4480,13:50:00,19:00:00,2020-08-09 15:21:59,4.5,1060,10
2765,ZH4480,CA4480,13:50:00,19:00:00,2020-08-10 16:37:33,4.0,923,9
2810,ZH4480,CA4480,13:50:00,19:00:00,2020-08-11 15:07:53,4.5,1060,8
2863,ZH4480,CA4480,13:50:00,19:00:00,2020-08-12 14:15:57,4.5,1060,7
2902,ZH4480,CA4480,13:50:00,19:00:00,2020-08-13 15:04:50,4.0,929,6
2989,ZH4480,CA4480,13:50:00,19:00:00,2020-08-14 15:34:48,3.3,762,5
3003,ZH4480,CA4480,13:50:00,19:00:00,2020-08-15 15:03:57,3.6,850,4
3048,ZH4480,CA4480,13:50:00,19:00:00,2020-08-16 15:05:11,3.6,850,3
3093,ZH4480,CA4480,13:50:00,19:00:00,2020-08-17 15:18:04,4.0,940,2
3172,ZH4480,CA4480,13:50:00,19:00:00,2020-08-19 14:12:01,4.0,940,0
1164,ZH4504,CA4504,11:50:00,15:15:00,2020-07-05 15:29:41,3.6,850,45
1210,ZH4504,CA4504,11:50:00,15:15:00,2020-07-06 14:14:27,3.0,695,44
1256,ZH4504,CA4504,11:50:00,15:15:00,2020-07-07 13:10:33,3.6,850,43
1310,ZH4504,CA4504,11:50:00,15:15:00,2020-07-08 15:04:04,10.0,2330,42
1367,ZH4504,CA4504,11:50:00,15:15:00,2020-07-09 16:04:09,2.7,634,41
1405,ZH4504,CA4504,11:50:00,15:15:00,2020-07-10 14:58:18,3.6,850,40
1450,ZH4504,CA4504,11:50:00,15:15:00,2020-07-11 15:03:17,2.7,634,39
1487,ZH4504,CA4504,11:50:00,15:15:00,2020-07-12 15:30:02,3.6,850,38
1535,ZH4504,CA4504,11:50:00,15:15:00,2020-07-13 14:36:02,3.6,850,37
1581,ZH4504,CA4504,11:50:00,15:15:00,2020-07-14 15:58:17,3.6,850,36
1629,ZH4504,CA4504,11:50:00,15:15:00,2020-07-15 15:29:59,3.6,850,35
1675,ZH4504,CA4504,11:50:00,15:15:00,2020-07-16 15:25:43,3.6,850,34
1713,ZH4504,CA4504,11:50:00,15:15:00,2020-07-17 16:39:46,2.7,633,33
1778,ZH4504,CA4504,11:50:00,15:15:00,2020-07-18 17:30:47,3.6,850,32
1826,ZH4504,CA4504,11:50:00,15:15:00,2020-07-19 14:13:06,3.6,850,31
1878,ZH4504,CA4504,11:50:00,15:15:00,2020-07-20 15:24:47,2.7,622,30
1928,ZH4504,CA4504,11:50:00,15:15:00,2020-07-21 15:00:00,3.6,850,29
1967,ZH4504,CA4504,11:50:00,15:15:00,2020-07-22 15:05:02,3.6,850,28
2056,ZH4504,CA4504,11:50:00,15:15:00,2020-07-24 14:11:09,3.6,850,26
2078,ZH4504,CA4504,11:50:00,15:15:00,2020-07-25 14:24:11,3.6,850,25
2125,ZH4504,CA4504,11:50:00,15:15:00,2020-07-26 14:11:30,3.6,850,24
2171,ZH4504,CA4504,11:50:00,15:15:00,2020-07-27 15:42:59,3.6,850,23
2226,ZH4504,CA4504,11:50:00,15:15:00,2020-07-28 16:51:19,3.6,850,22
2265,ZH4504,CA4504,11:50:00,15:15:00,2020-07-30 14:09:25,2.7,619,20
2315,ZH4504,CA4504,11:50:00,15:15:00,2020-07-31 14:13:51,3.6,850,19
2362,ZH4504,CA4504,11:50:00,15:15:00,2020-08-01 15:29:02,3.6,850,18
2414,ZH4504,CA4504,11:50:00,15:15:00,2020-08-02 16:55:46,3.6,850,17
2443,ZH4504,CA4504,11:50:00,15:15:00,2020-08-03 13:10:22,2.1,499,16
2496,ZH4504,CA4504,11:50:00,15:15:00,2020-08-04 14:17:31,3.6,850,15
2569,ZH4504,CA4504,11:50:00,15:15:00,2020-08-05 15:49:53,3.6,850,14
2584,ZH4504,CA4504,11:50:00,15:15:00,2020-08-06 14:25:51,3.6,850,13
2629,ZH4504,CA4504,11:50:00,15:15:00,2020-08-07 14:15:31,3.6,850,12
2671,ZH4504,CA4504,11:50:00,15:15:00,2020-08-08 15:46:25,3.6,850,11
2755,ZH4504,CA4504,11:50:00,15:15:00,2020-08-09 15:21:59,3.6,850,10
2787,ZH4504,CA4504,11:50:00,15:15:00,2020-08-10 16:37:33,2.7,629,9
2855,ZH4504,CA4504,11:50:00,15:15:00,2020-08-11 15:07:53,3.6,850,8
2890,ZH4504,CA4504,11:50:00,15:15:00,2020-08-12 14:15:57,3.6,850,7
2929,ZH4504,CA4504,11:50:00,15:15:00,2020-08-13 15:04:50,2.1,499,6
2967,ZH4504,CA4504,11:50:00,15:15:00,2020-08-14 15:34:48,2.7,629,5
3025,ZH4504,CA4504,11:50:00,15:15:00,2020-08-15 15:03:57,3.6,850,4
3040,ZH4504,CA4504,11:50:00,15:15:00,2020-08-16 15:05:11,3.6,850,3
3119,ZH4504,CA4504,11:50:00,15:15:00,2020-08-17 15:18:04,3.3,770,2
3139,ZH4504,CA4504,11:50:00,15:15:00,2020-08-19 14:12:01,3.0,702,0
1170,ZH4514,CA4514,20:25:00,23:50:00,2020-07-05 15:29:41,4.5,1060,45
1216,ZH4514,CA4514,20:25:00,23:50:00,2020-07-06 14:14:27,3.0,695,44
1262,ZH4514,CA4514,20:25:00,23:50:00,2020-07-07 13:10:33,4.5,1060,43
1304,ZH4514,CA4514,20:25:00,23:50:00,2020-07-08 15:04:04,10.0,2330,42
1361,ZH4514,CA4514,20:25:00,23:50:00,2020-07-09 16:04:09,2.7,634,41
1398,ZH4514,CA4514,20:25:00,23:50:00,2020-07-10 14:58:18,4.5,1060,40
1443,ZH4514,CA4514,20:25:00,23:50:00,2020-07-11 15:03:17,2.7,635,39
1494,ZH4514,CA4514,20:25:00,23:50:00,2020-07-12 15:30:02,4.5,1060,38
1542,ZH4514,CA4514,20:25:00,23:50:00,2020-07-13 14:36:02,4.5,1060,37
1588,ZH4514,CA4514,20:25:00,23:50:00,2020-07-14 15:58:17,4.5,1060,36
1636,ZH4514,CA4514,20:25:00,23:50:00,2020-07-15 15:29:59,3.6,850,35
1682,ZH4514,CA4514,20:25:00,23:50:00,2020-07-16 15:25:43,3.6,850,34
1720,ZH4514,CA4514,20:25:00,23:50:00,2020-07-17 16:39:46,2.5,573,33
1797,ZH4514,CA4514,20:25:00,23:50:00,2020-07-18 17:30:47,3.6,850,32
1833,ZH4514,CA4514,20:25:00,23:50:00,2020-07-19 14:13:06,3.6,850,31
1885,ZH4514,CA4514,20:25:00,23:50:00,2020-07-20 15:24:47,2.4,563,30
1935,ZH4514,CA4514,20:25:00,23:50:00,2020-07-21 15:00:00,3.6,850,29
1973,ZH4514,CA4514,20:25:00,23:50:00,2020-07-22 15:05:02,3.6,850,28
2025,ZH4514,CA4514,20:25:00,23:50:00,2020-07-24 14:11:09,3.6,850,26
2084,ZH4514,CA4514,20:25:00,23:50:00,2020-07-25 14:24:11,3.6,850,25
2131,ZH4514,CA4514,20:25:00,23:50:00,2020-07-26 14:11:30,3.6,850,24
2177,ZH4514,CA4514,20:25:00,23:50:00,2020-07-27 15:42:59,3.6,850,23
2220,ZH4514,CA4514,20:25:00,23:50:00,2020-07-28 16:51:19,3.6,850,22
2271,ZH4514,CA4514,20:25:00,23:50:00,2020-07-30 14:09:25,2.4,559,20
2321,ZH4514,CA4514,20:25:00,23:50:00,2020-07-31 14:13:51,3.6,850,19
2368,ZH4514,CA4514,20:25:00,23:50:00,2020-08-01 15:29:02,3.6,850,18
2409,ZH4514,CA4514,20:25:00,23:50:00,2020-08-02 16:55:46,3.6,850,17
2449,ZH4514,CA4514,20:25:00,23:50:00,2020-08-03 13:10:22,2.4,558,16
2490,ZH4514,CA4514,20:25:00,23:50:00,2020-08-04 14:17:31,3.6,850,15
2564,ZH4514,CA4514,20:25:00,23:50:00,2020-08-05 15:49:53,3.6,850,14
2578,ZH4514,CA4514,20:25:00,23:50:00,2020-08-06 14:25:51,3.6,850,13
2624,ZH4514,CA4514,20:25:00,23:50:00,2020-08-07 14:15:31,3.6,850,12
2711,ZH4514,CA4514,20:25:00,23:50:00,2020-08-08 15:46:25,3.6,850,11
2749,ZH4514,CA4514,20:25:00,23:50:00,2020-08-09 15:21:59,3.6,850,10
2781,ZH4514,CA4514,20:25:00,23:50:00,2020-08-10 16:37:33,2.4,569,9
2850,ZH4514,CA4514,20:25:00,23:50:00,2020-08-11 15:07:53,3.6,850,8
2884,ZH4514,CA4514,20:25:00,23:50:00,2020-08-12 14:15:57,3.6,850,7
2923,ZH4514,CA4514,20:25:00,23:50:00,2020-08-13 15:04:50,2.4,567,6
2973,ZH4514,CA4514,20:25:00,23:50:00,2020-08-14 15:34:48,2.4,569,5
3031,ZH4514,CA4514,20:25:00,23:50:00,2020-08-15 15:03:57,3.6,850,4
3061,ZH4514,CA4514,20:25:00,23:50:00,2020-08-16 15:05:11,3.6,850,3
3125,ZH4514,CA4514,20:25:00,23:50:00,2020-08-17 15:18:04,3.2,749,2
3146,ZH4514,CA4514,20:25:00,23:50:00,2020-08-19 14:12:01,3.2,749,0
3193,ZH4514,CA4514,20:25:00,23:50:00,2020-08-20 15:17:42,3.2,747,0
1149,ZH4536,CA4536,21:10:00,00:20:00,2020-07-05 15:29:41,3.6,850,45
1195,ZH4536,CA4536,21:10:00,00:20:00,2020-07-06 14:14:27,2.7,635,44
1241,ZH4536,CA4536,21:10:00,00:20:00,2020-07-07 13:10:33,3.6,850,43
1325,ZH4536,CA4536,21:10:00,00:20:00,2020-07-08 15:04:04,10.0,2330,42
1329,ZH4536,CA4536,21:10:00,00:20:00,2020-07-09 16:04:09,2.7,634,41
1376,ZH4536,CA4536,21:10:00,00:20:00,2020-07-10 14:58:18,3.6,850,40
1465,ZH4536,CA4536,21:10:00,00:20:00,2020-07-11 15:03:17,2.7,634,39
1472,ZH4536,CA4536,21:10:00,00:20:00,2020-07-12 15:30:02,3.6,850,38
1520,ZH4536,CA4536,21:10:00,00:20:00,2020-07-13 14:36:02,3.6,850,37
1563,ZH4536,CA4536,21:10:00,00:20:00,2020-07-14 15:58:17,3.6,850,36
1614,ZH4536,CA4536,21:10:00,00:20:00,2020-07-15 15:29:59,3.6,850,35
1660,ZH4536,CA4536,21:10:00,00:20:00,2020-07-16 15:25:43,3.6,850,34
1747,ZH4536,CA4536,21:10:00,00:20:00,2020-07-17 16:39:46,3.6,850,33
1759,ZH4536,CA4536,21:10:00,00:20:00,2020-07-18 17:30:47,3.6,850,32
1810,ZH4536,CA4536,21:10:00,00:20:00,2020-07-19 14:13:06,3.6,850,31
1861,ZH4536,CA4536,21:10:00,00:20:00,2020-07-20 15:24:47,2.2,523,30
1912,ZH4536,CA4536,21:10:00,00:20:00,2020-07-21 15:00:00,3.6,850,29
1997,ZH4536,CA4536,21:10:00,00:20:00,2020-07-22 15:05:02,3.6,850,28
2039,ZH4536,CA4536,21:10:00,00:20:00,2020-07-24 14:11:09,3.6,850,26
2062,ZH4536,CA4536,21:10:00,00:20:00,2020-07-25 14:24:11,3.6,850,25
2109,ZH4536,CA4536,21:10:00,00:20:00,2020-07-26 14:11:30,3.6,850,24
2155,ZH4536,CA4536,21:10:00,00:20:00,2020-07-27 15:42:59,3.6,850,23
2230,ZH4536,CA4536,21:10:00,00:20:00,2020-07-28 16:51:19,3.6,850,22
2249,ZH4536,CA4536,21:10:00,00:20:00,2020-07-30 14:09:25,3.3,767,20
2298,ZH4536,CA4536,21:10:00,00:20:00,2020-07-31 14:13:51,3.6,850,19
2373,ZH4536,CA4536,21:10:00,00:20:00,2020-08-01 15:29:02,3.6,850,18
2430,ZH4536,CA4536,21:10:00,00:20:00,2020-08-02 16:55:46,3.6,850,17
2477,ZH4536,CA4536,21:10:00,00:20:00,2020-08-03 13:10:22,3.3,767,16
2516,ZH4536,CA4536,21:10:00,00:20:00,2020-08-04 14:17:31,3.6,850,15
2540,ZH4536,CA4536,21:10:00,00:20:00,2020-08-05 15:49:53,3.6,850,14
2600,ZH4536,CA4536,21:10:00,00:20:00,2020-08-06 14:25:51,3.6,850,13
2645,ZH4536,CA4536,21:10:00,00:20:00,2020-08-07 14:15:31,3.6,850,12
2686,ZH4536,CA4536,21:10:00,00:20:00,2020-08-08 15:46:25,3.6,850,11
2740,ZH4536,CA4536,21:10:00,00:20:00,2020-08-09 15:21:59,3.6,850,10
2802,ZH4536,CA4536,21:10:00,00:20:00,2020-08-10 16:37:33,2.7,619,9
2832,ZH4536,CA4536,21:10:00,00:20:00,2020-08-11 15:07:53,3.6,850,8
2875,ZH4536,CA4536,21:10:00,00:20:00,2020-08-12 14:15:57,3.6,850,7
2944,ZH4536,CA4536,21:10:00,00:20:00,2020-08-13 15:04:50,2.6,617,6
2951,ZH4536,CA4536,21:10:00,00:20:00,2020-08-14 15:34:48,2.7,620,5
3009,ZH4536,CA4536,21:10:00,00:20:00,2020-08-15 15:03:57,3.6,850,4
3077,ZH4536,CA4536,21:10:00,00:20:00,2020-08-16 15:05:11,3.6,850,3
3131,ZH4536,CA4536,21:10:00,00:20:00,2020-08-17 15:18:04,3.0,701,2
3135,ZH4536,CA4536,21:10:00,00:20:00,2020-08-19 14:12:01,3.0,702,0
3190,ZH4536,CA4536,21:10:00,00:20:00,2020-08-20 15:17:42,3.0,699,0
