,flightno,actualflight,departtime,arrivetime,crawltime,discount,lowest_price,days_to_departure
1526,3U5009,MU2219,12:05:00,15:35:00,2019-11-20 16:15:02,5.4,1140,45
1537,3U5009,MU2219,12:05:00,15:35:00,2019-11-21 16:06:46,5.4,1140,44
1622,3U5009,MU2219,12:05:00,15:35:00,2019-11-22 15:46:21,5.4,1140,43
1670,3U5009,MU2219,12:05:00,15:35:00,2019-11-23 15:48:24,5.4,1140,42
1680,3U5009,MU2219,12:05:00,15:35:00,2019-11-24 15:22:19,5.4,1140,41
1728,3U5009,MU2219,12:05:00,15:35:00,2019-11-25 15:18:21,5.4,1140,40
1813,3U5009,MU2219,12:05:00,15:35:00,2019-11-26 14:46:54,5.4,1140,39
1835,3U5009,MU2219,12:05:00,15:35:00,2019-11-27 16:36:04,5.4,1140,38
1910,3U5009,MU2219,12:05:00,15:35:00,2019-11-28 15:43:42,5.4,1140,37
1957,3U5009,MU2219,12:05:00,15:35:00,2019-11-29 15:13:46,5.4,1140,36
1968,3U5009,MU2219,12:05:00,15:35:00,2019-11-30 14:38:52,5.4,1140,35
2045,3U5009,MU2219,12:05:00,15:35:00,2019-12-01 14:23:37,5.4,1140,34
2064,3U5009,MU2219,12:05:00,15:35:00,2019-12-02 14:54:24,5.4,1140,33
2141,3U5009,MU2219,12:05:00,15:35:00,2019-12-03 14:50:04,5.4,1140,32
2159,3U5009,MU2219,12:05:00,15:35:00,2019-12-04 14:50:24,5.4,1140,31
2208,3U5009,MU2219,12:05:00,15:35:00,2019-12-05 14:17:21,5.4,1140,30
2255,3U5009,MU2219,12:05:00,15:35:00,2019-12-06 15:19:09,4.4,930,29
2303,3U5009,MU2219,12:05:00,15:35:00,2019-12-07 14:41:45,4.4,930,28
2351,3U5009,MU2219,12:05:00,15:35:00,2019-12-08 15:47:35,4.4,930,27
2399,3U5009,MU2219,12:05:00,15:35:00,2019-12-09 15:30:53,4.4,930,26
2486,3U5009,MU2219,12:05:00,15:35:00,2019-12-11 16:16:58,5.4,1140,24
2529,3U5009,MU2219,12:05:00,15:35:00,2019-12-12 14:19:32,5.4,1140,23
2544,3U5009,MU2219,12:05:00,15:35:00,2019-12-13 15:40:20,5.4,1140,22
2592,3U5009,MU2219,12:05:00,15:35:00,2019-12-14 16:49:00,5.9,1260,21
2640,3U5009,MU2219,12:05:00,15:35:00,2019-12-15 14:23:57,5.9,1260,20
2688,3U5009,MU2219,12:05:00,15:35:00,2019-12-16 14:50:59,5.4,1260,19
2736,3U5009,MU2219,12:05:00,15:35:00,2019-12-17 15:41:30,5.4,1260,18
2781,3U5009,MU2219,12:05:00,15:35:00,2019-12-18 16:37:34,5.4,1260,17
2830,3U5009,MU2219,12:05:00,15:35:00,2019-12-19 14:42:53,5.4,1260,16
2880,3U5009,MU2219,12:05:00,15:35:00,2019-12-20 13:18:54,5.4,1260,15
2929,3U5009,MU2219,12:05:00,15:35:00,2019-12-21 18:15:46,6.4,1490,14
2977,3U5009,MU2219,12:05:00,15:35:00,2019-12-22 16:59:10,5.4,1260,13
3027,3U5009,MU2219,12:05:00,15:35:00,2019-12-23 14:59:49,6.4,1490,12
3118,3U5009,MU2219,12:05:00,15:35:00,2019-12-24 15:36:36,7.4,1720,11
3142,3U5009,MU2219,12:05:00,15:35:00,2019-12-25 15:43:21,7.4,1720,10
3217,3U5009,MU2219,12:05:00,15:35:00,2019-12-26 15:31:03,7.4,1720,9
3232,3U5009,MU2219,12:05:00,15:35:00,2019-12-27 12:54:03,7.4,1720,8
3281,3U5009,MU2219,12:05:00,15:35:00,2019-12-28 16:14:41,7.4,1720,7
3333,3U5009,MU2219,12:05:00,15:35:00,2019-12-29 14:16:36,7.4,1720,6
3411,3U5009,MU2219,12:05:00,15:35:00,2019-12-30 15:32:22,7.4,1720,5
3419,3U5009,MU2219,12:05:00,15:35:00,2019-12-31 16:35:21,9.9,2310,4
3468,3U5009,MU2219,12:05:00,15:35:00,2020-01-01 14:19:07,9.9,2310,3
3559,3U5009,MU2219,12:05:00,15:35:00,2020-01-02 14:16:52,9.9,2310,2
3564,3U5009,MU2219,12:05:00,15:35:00,2020-01-03 16:27:02,9.9,2310,1
3615,3U5009,MU2219,12:05:00,15:35:00,2020-01-04 16:20:32,9.9,2310,0
1530,3U5099,MU5401,08:00:00,11:30:00,2019-11-20 16:15:02,5.4,1140,45
1533,3U5099,MU5401,08:00:00,11:30:00,2019-11-21 16:06:46,5.4,1140,44
1626,3U5099,MU5401,08:00:00,11:30:00,2019-11-22 15:46:21,5.4,1140,43
1674,3U5099,MU5401,08:00:00,11:30:00,2019-11-23 15:48:24,5.4,1140,42
1676,3U5099,MU5401,08:00:00,11:30:00,2019-11-24 15:22:19,5.4,1140,41
1724,3U5099,MU5401,08:00:00,11:30:00,2019-11-25 15:18:21,5.4,1140,40
1817,3U5099,MU5401,08:00:00,11:30:00,2019-11-26 14:46:54,5.4,1140,39
1819,3U5099,MU5401,08:00:00,11:30:00,2019-11-27 16:36:04,5.4,1140,38
1914,3U5099,MU5401,08:00:00,11:30:00,2019-11-28 15:43:42,5.4,1140,37
1961,3U5099,MU5401,08:00:00,11:30:00,2019-11-29 15:13:46,4.9,1040,36
1964,3U5099,MU5401,08:00:00,11:30:00,2019-11-30 14:38:52,4.9,1040,35
2041,3U5099,MU5401,08:00:00,11:30:00,2019-12-01 14:23:37,4.9,1040,34
2060,3U5099,MU5401,08:00:00,11:30:00,2019-12-02 14:54:24,4.4,930,33
2137,3U5099,MU5401,08:00:00,11:30:00,2019-12-03 14:50:04,4.4,930,32
2155,3U5099,MU5401,08:00:00,11:30:00,2019-12-04 14:50:24,4.4,930,31
2204,3U5099,MU5401,08:00:00,11:30:00,2019-12-05 14:17:21,3.5,740,30
2251,3U5099,MU5401,08:00:00,11:30:00,2019-12-06 15:19:09,4.4,930,29
2299,3U5099,MU5401,08:00:00,11:30:00,2019-12-07 14:41:45,4.4,930,28
2347,3U5099,MU5401,08:00:00,11:30:00,2019-12-08 15:47:35,4.4,930,27
2395,3U5099,MU5401,08:00:00,11:30:00,2019-12-09 15:30:53,4.4,930,26
2490,3U5099,MU5401,08:00:00,11:30:00,2019-12-11 16:16:58,4.9,1030,24
2525,3U5099,MU5401,08:00:00,11:30:00,2019-12-12 14:19:32,4.9,1030,23
2540,3U5099,MU5401,08:00:00,11:30:00,2019-12-13 15:40:20,4.9,1030,22
2588,3U5099,MU5401,08:00:00,11:30:00,2019-12-14 16:49:00,5.4,1140,21
2636,3U5099,MU5401,08:00:00,11:30:00,2019-12-15 14:23:57,5.4,1140,20
2684,3U5099,MU5401,08:00:00,11:30:00,2019-12-16 14:50:59,4.9,1140,19
2732,3U5099,MU5401,08:00:00,11:30:00,2019-12-17 15:41:30,4.9,1140,18
2779,3U5099,MU5401,08:00:00,11:30:00,2019-12-18 16:37:34,4.9,1140,17
2827,3U5099,MU5401,08:00:00,11:30:00,2019-12-19 14:42:53,4.9,1140,16
2877,3U5099,MU5401,08:00:00,11:30:00,2019-12-20 13:18:54,4.9,1140,15
2926,3U5099,MU5401,08:00:00,11:30:00,2019-12-21 18:15:46,4.9,1140,14
2974,3U5099,MU5401,08:00:00,11:30:00,2019-12-22 16:59:10,4.9,1140,13
3023,3U5099,MU5401,08:00:00,11:30:00,2019-12-23 14:59:49,4.9,1140,12
3120,3U5099,MU5401,08:00:00,11:30:00,2019-12-24 15:36:36,4.9,1140,11
3138,3U5099,MU5401,08:00:00,11:30:00,2019-12-25 15:43:21,4.9,1140,10
3214,3U5099,MU5401,08:00:00,11:30:00,2019-12-26 15:31:03,4.9,1140,9
3235,3U5099,MU5401,08:00:00,11:30:00,2019-12-27 12:54:03,4.9,1140,8
3284,3U5099,MU5401,08:00:00,11:30:00,2019-12-28 16:14:41,4.9,1140,7
3336,3U5099,MU5401,08:00:00,11:30:00,2019-12-29 14:16:36,4.9,1140,6
3414,3U5099,MU5401,08:00:00,11:30:00,2019-12-30 15:32:22,5.4,1260,5
3416,3U5099,MU5401,08:00:00,11:30:00,2019-12-31 16:35:21,5.4,1260,4
3465,3U5099,MU5401,08:00:00,11:30:00,2020-01-01 14:19:07,6.7,1550,3
3513,3U5099,MU5401,08:00:00,11:30:00,2020-01-02 14:16:52,6.9,1610,2
3580,3U5099,MU5401,08:00:00,11:30:00,2020-01-03 16:27:02,7.4,1720,1
3612,3U5099,MU5401,08:00:00,11:30:00,2020-01-04 16:20:32,7.4,1720,0
1503,3U5103,MU5405,09:25:00,13:00:00,2019-11-20 16:15:02,5.4,1140,45
1557,3U5103,MU5405,09:25:00,13:00:00,2019-11-21 16:06:46,5.4,1140,44
1607,3U5103,MU5405,09:25:00,13:00:00,2019-11-22 15:46:21,5.4,1140,43
1647,3U5103,MU5405,09:25:00,13:00:00,2019-11-23 15:48:24,5.4,1140,42
1704,3U5103,MU5405,09:25:00,13:00:00,2019-11-24 15:22:19,5.4,1140,41
1749,3U5103,MU5405,09:25:00,13:00:00,2019-11-25 15:18:21,6.4,1360,40
1792,3U5103,MU5405,09:25:00,13:00:00,2019-11-26 14:46:54,6.4,1360,39
1861,3U5103,MU5405,09:25:00,13:00:00,2019-11-27 16:36:04,6.4,1360,38
1886,3U5103,MU5405,09:25:00,13:00:00,2019-11-28 15:43:42,5.4,1140,37
1926,3U5103,MU5405,09:25:00,13:00:00,2019-11-29 15:13:46,5.4,1140,36
1992,3U5103,MU5405,09:25:00,13:00:00,2019-11-30 14:38:52,5.4,1140,35
2031,3U5103,MU5405,09:25:00,13:00:00,2019-12-01 14:23:37,5.4,1140,34
2087,3U5103,MU5405,09:25:00,13:00:00,2019-12-02 14:54:24,5.4,1140,33
2116,3U5103,MU5405,09:25:00,13:00:00,2019-12-03 14:50:04,5.4,1140,32
2191,3U5103,MU5405,09:25:00,13:00:00,2019-12-04 14:50:24,5.4,1140,31
2231,3U5103,MU5405,09:25:00,13:00:00,2019-12-05 14:17:21,5.4,1140,30
2279,3U5103,MU5405,09:25:00,13:00:00,2019-12-06 15:19:09,3.5,740,29
2327,3U5103,MU5405,09:25:00,13:00:00,2019-12-07 14:41:45,3.5,740,28
2375,3U5103,MU5405,09:25:00,13:00:00,2019-12-08 15:47:35,4.4,930,27
2419,3U5103,MU5405,09:25:00,13:00:00,2019-12-09 15:30:53,4.4,930,26
2463,3U5103,MU5405,09:25:00,13:00:00,2019-12-11 16:16:58,4.9,1030,24
2506,3U5103,MU5405,09:25:00,13:00:00,2019-12-12 14:19:32,4.9,1030,23
2569,3U5103,MU5405,09:25:00,13:00:00,2019-12-13 15:40:20,4.9,1030,22
2615,3U5103,MU5405,09:25:00,13:00:00,2019-12-14 16:49:00,4.9,1030,21
2664,3U5103,MU5405,09:25:00,13:00:00,2019-12-15 14:23:57,4.9,1030,20
2712,3U5103,MU5405,09:25:00,13:00:00,2019-12-16 14:50:59,4.4,1030,19
2760,3U5103,MU5405,09:25:00,13:00:00,2019-12-17 15:41:30,4.9,1140,18
2795,3U5103,MU5405,09:25:00,13:00:00,2019-12-18 16:37:34,4.9,1140,17
2844,3U5103,MU5405,09:25:00,13:00:00,2019-12-19 14:42:53,4.9,1140,16
2894,3U5103,MU5405,09:25:00,13:00:00,2019-12-20 13:18:54,4.9,1140,15
2943,3U5103,MU5405,09:25:00,13:00:00,2019-12-21 18:15:46,4.9,1140,14
2991,3U5103,MU5405,09:25:00,13:00:00,2019-12-22 16:59:10,4.9,1140,13
3041,3U5103,MU5405,09:25:00,13:00:00,2019-12-23 14:59:49,4.9,1140,12
3104,3U5103,MU5405,09:25:00,13:00:00,2019-12-24 15:36:36,4.9,1140,11
3156,3U5103,MU5405,09:25:00,13:00:00,2019-12-25 15:43:21,4.9,1140,10
3182,3U5103,MU5405,09:25:00,13:00:00,2019-12-26 15:31:03,4.4,1030,9
3219,3U5103,MU5405,09:25:00,13:00:00,2019-12-27 12:54:03,4.9,1140,8
3316,3U5103,MU5405,09:25:00,13:00:00,2019-12-28 16:14:41,4.9,1140,7
3319,3U5103,MU5405,09:25:00,13:00:00,2019-12-29 14:16:36,4.9,1140,6
3397,3U5103,MU5405,09:25:00,13:00:00,2019-12-30 15:32:22,4.9,1140,5
3433,3U5103,MU5405,09:25:00,13:00:00,2019-12-31 16:35:21,5.4,1260,4
3481,3U5103,MU5405,09:25:00,13:00:00,2020-01-01 14:19:07,6.9,1610,3
3515,3U5103,MU5405,09:25:00,13:00:00,2020-01-02 14:16:52,6.9,1610,2
3578,3U5103,MU5405,09:25:00,13:00:00,2020-01-03 16:27:02,6.9,1610,1
3629,3U5103,MU5405,09:25:00,13:00:00,2020-01-04 16:20:32,6.9,1610,0
1521,3U5108,MU5411,21:15:00,00:45:00,2019-11-20 16:15:02,4.4,930,45
1576,3U5108,MU5411,21:15:00,00:45:00,2019-11-21 16:06:46,4.4,930,44
1588,3U5108,MU5411,21:15:00,00:45:00,2019-11-22 15:46:21,4.4,930,43
1665,3U5108,MU5411,21:15:00,00:45:00,2019-11-23 15:48:24,4.4,930,42
1685,3U5108,MU5411,21:15:00,00:45:00,2019-11-24 15:22:19,4.4,930,41
1768,3U5108,MU5411,21:15:00,00:45:00,2019-11-25 15:18:21,4.4,930,40
1774,3U5108,MU5411,21:15:00,00:45:00,2019-11-26 14:46:54,4.4,930,39
1841,3U5108,MU5411,21:15:00,00:45:00,2019-11-27 16:36:04,4.4,930,38
1905,3U5108,MU5411,21:15:00,00:45:00,2019-11-28 15:43:42,3.5,740,37
1952,3U5108,MU5411,21:15:00,00:45:00,2019-11-29 15:13:46,3.5,740,36
1973,3U5108,MU5411,21:15:00,00:45:00,2019-11-30 14:38:52,3.5,740,35
2050,3U5108,MU5411,21:15:00,00:45:00,2019-12-01 14:23:37,4.4,930,34
2069,3U5108,MU5411,21:15:00,00:45:00,2019-12-02 14:54:24,4.4,930,33
2146,3U5108,MU5411,21:15:00,00:45:00,2019-12-03 14:50:04,4.4,930,32
2164,3U5108,MU5411,21:15:00,00:45:00,2019-12-04 14:50:24,4.4,930,31
2212,3U5108,MU5411,21:15:00,00:45:00,2019-12-05 14:17:21,4.4,930,30
2260,3U5108,MU5411,21:15:00,00:45:00,2019-12-06 15:19:09,3.0,640,29
2308,3U5108,MU5411,21:15:00,00:45:00,2019-12-07 14:41:45,3.0,640,28
2356,3U5108,MU5411,21:15:00,00:45:00,2019-12-08 15:47:35,3.5,740,27
2438,3U5108,MU5411,21:15:00,00:45:00,2019-12-09 15:30:53,4.4,930,26
2481,3U5108,MU5411,21:15:00,00:45:00,2019-12-11 16:16:58,4.9,1030,24
2534,3U5108,MU5411,21:15:00,00:45:00,2019-12-12 14:19:32,3.9,820,23
2549,3U5108,MU5411,21:15:00,00:45:00,2019-12-13 15:40:20,4.9,1030,22
2597,3U5108,MU5411,21:15:00,00:45:00,2019-12-14 16:49:00,4.9,1030,21
2645,3U5108,MU5411,21:15:00,00:45:00,2019-12-15 14:23:57,4.9,1030,20
2693,3U5108,MU5411,21:15:00,00:45:00,2019-12-16 14:50:59,4.4,1030,19
2740,3U5108,MU5411,21:15:00,00:45:00,2019-12-17 15:41:30,4.4,1030,18
2783,3U5108,MU5411,21:15:00,00:45:00,2019-12-18 16:37:34,4.4,1030,17
2832,3U5108,MU5411,21:15:00,00:45:00,2019-12-19 14:42:53,4.4,1030,16
2882,3U5108,MU5411,21:15:00,00:45:00,2019-12-20 13:18:54,4.4,1030,15
2931,3U5108,MU5411,21:15:00,00:45:00,2019-12-21 18:15:46,4.4,1030,14
2979,3U5108,MU5411,21:15:00,00:45:00,2019-12-22 16:59:10,4.4,1030,13
3029,3U5108,MU5411,21:15:00,00:45:00,2019-12-23 14:59:49,4.4,1030,12
3116,3U5108,MU5411,21:15:00,00:45:00,2019-12-24 15:36:36,4.4,1030,11
3144,3U5108,MU5411,21:15:00,00:45:00,2019-12-25 15:43:21,4.4,1030,10
3208,3U5108,MU5411,21:15:00,00:45:00,2019-12-26 15:31:03,4.4,1030,9
3230,3U5108,MU5411,21:15:00,00:45:00,2019-12-27 12:54:03,4.9,1140,8
3279,3U5108,MU5411,21:15:00,00:45:00,2019-12-28 16:14:41,4.9,1140,7
3331,3U5108,MU5411,21:15:00,00:45:00,2019-12-29 14:16:36,4.9,1140,6
3409,3U5108,MU5411,21:15:00,00:45:00,2019-12-30 15:32:22,4.9,1140,5
3421,3U5108,MU5411,21:15:00,00:45:00,2019-12-31 16:35:21,4.9,1140,4
3470,3U5108,MU5411,21:15:00,00:45:00,2020-01-01 14:19:07,6.4,1490,3
3557,3U5108,MU5411,21:15:00,00:45:00,2020-01-02 14:16:52,6.4,1490,2
3566,3U5108,MU5411,21:15:00,00:45:00,2020-01-03 16:27:02,6.4,1490,1
3617,3U5108,MU5411,21:15:00,00:45:00,2020-01-04 16:20:32,4.9,1140,0
3663,3U5108,MU5411,21:15:00,00:45:00,2020-01-05 16:37:50,4.9,1140,0
1492,3U5110,MU5413,19:30:00,22:55:00,2019-11-20 16:15:02,4.4,930,45
1546,3U5110,MU5413,19:30:00,22:55:00,2019-11-21 16:06:46,4.4,930,44
1619,3U5110,MU5413,19:30:00,22:55:00,2019-11-22 15:46:21,4.4,930,43
1636,3U5110,MU5413,19:30:00,22:55:00,2019-11-23 15:48:24,4.4,930,42
1715,3U5110,MU5413,19:30:00,22:55:00,2019-11-24 15:22:19,4.4,930,41
1738,3U5110,MU5413,19:30:00,22:55:00,2019-11-25 15:18:21,4.4,930,40
1803,3U5110,MU5413,19:30:00,22:55:00,2019-11-26 14:46:54,4.4,930,39
1831,3U5110,MU5413,19:30:00,22:55:00,2019-11-27 16:36:04,4.4,930,38
1876,3U5110,MU5413,19:30:00,22:55:00,2019-11-28 15:43:42,4.4,930,37
1936,3U5110,MU5413,19:30:00,22:55:00,2019-11-29 15:13:46,4.4,930,36
2003,3U5110,MU5413,19:30:00,22:55:00,2019-11-30 14:38:52,4.4,930,35
2020,3U5110,MU5413,19:30:00,22:55:00,2019-12-01 14:23:37,4.4,930,34
2099,3U5110,MU5413,19:30:00,22:55:00,2019-12-02 14:54:24,4.4,930,33
2127,3U5110,MU5413,19:30:00,22:55:00,2019-12-03 14:50:04,4.4,930,32
2180,3U5110,MU5413,19:30:00,22:55:00,2019-12-04 14:50:24,4.4,930,31
2242,3U5110,MU5413,19:30:00,22:55:00,2019-12-05 14:17:21,4.4,930,30
2290,3U5110,MU5413,19:30:00,22:55:00,2019-12-06 15:19:09,4.4,930,29
2338,3U5110,MU5413,19:30:00,22:55:00,2019-12-07 14:41:45,4.4,930,28
2386,3U5110,MU5413,19:30:00,22:55:00,2019-12-08 15:47:35,4.4,930,27
2408,3U5110,MU5413,19:30:00,22:55:00,2019-12-09 15:30:53,4.4,930,26
2452,3U5110,MU5413,19:30:00,22:55:00,2019-12-11 16:16:58,4.9,1030,24
2516,3U5110,MU5413,19:30:00,22:55:00,2019-12-12 14:19:32,4.9,1030,23
2580,3U5110,MU5413,19:30:00,22:55:00,2019-12-13 15:40:20,4.9,1030,22
2626,3U5110,MU5413,19:30:00,22:50:00,2019-12-14 16:49:00,4.9,1030,21
2675,3U5110,MU5413,19:30:00,22:50:00,2019-12-15 14:23:57,4.9,1030,20
2683,3U5110,MU5413,19:30:00,22:50:00,2019-12-16 14:50:59,4.4,1030,19
2772,3U5110,MU5413,19:30:00,22:50:00,2019-12-17 15:41:30,4.4,1030,18
2819,3U5110,MU5413,19:30:00,22:50:00,2019-12-18 16:37:34,4.4,1030,17
2868,3U5110,MU5413,19:30:00,22:50:00,2019-12-19 14:42:53,4.4,1030,16
2919,3U5110,MU5413,19:30:00,22:50:00,2019-12-20 13:18:54,4.4,1030,15
2966,3U5110,MU5413,19:30:00,22:50:00,2019-12-21 18:15:46,4.4,1030,14
3015,3U5110,MU5413,19:30:00,22:50:00,2019-12-22 16:59:10,4.4,1030,13
3065,3U5110,MU5413,19:30:00,22:50:00,2019-12-23 14:59:49,4.4,1030,12
3080,3U5110,MU5413,19:30:00,22:50:00,2019-12-24 15:36:36,4.9,1140,11
3124,3U5110,MU5413,19:30:00,22:50:00,2019-12-25 15:43:21,4.9,1140,10
3194,3U5110,MU5413,19:30:00,22:50:00,2019-12-26 15:31:03,4.9,1140,9
3243,3U5110,MU5413,19:30:00,22:50:00,2019-12-27 12:54:03,4.9,1140,8
3292,3U5110,MU5413,19:30:00,22:50:00,2019-12-28 16:14:41,4.9,1140,7
3344,3U5110,MU5413,19:30:00,22:50:00,2019-12-29 14:16:36,4.9,1140,6
3373,3U5110,MU5413,19:30:00,22:50:00,2019-12-30 15:32:22,4.9,1140,5
3456,3U5110,MU5413,19:30:00,22:50:00,2019-12-31 16:35:21,4.9,1140,4
3506,3U5110,MU5413,19:30:00,22:50:00,2020-01-01 14:19:07,6.4,1490,3
3539,3U5110,MU5413,19:30:00,22:50:00,2020-01-02 14:16:52,6.4,1490,2
3603,3U5110,MU5413,19:30:00,22:50:00,2020-01-03 16:27:02,6.4,1490,1
3639,3U5110,MU5413,19:30:00,22:50:00,2020-01-04 16:20:32,6.4,1490,0
3669,3U5110,MU5413,19:30:00,22:50:00,2020-01-05 16:37:50,6.9,1610,0
1483,3U5112,MU5415,20:15:00,23:45:00,2019-11-20 16:15:02,4.4,930,45
1561,3U5112,MU5415,20:15:00,23:45:00,2019-11-21 16:06:46,4.4,930,44
1603,3U5112,MU5415,20:15:00,23:45:00,2019-11-22 15:46:21,4.4,930,43
1651,3U5112,MU5415,20:15:00,23:45:00,2019-11-23 15:48:24,4.4,930,42
1700,3U5112,MU5415,20:15:00,23:45:00,2019-11-24 15:22:19,4.4,930,41
1753,3U5112,MU5415,20:15:00,23:45:00,2019-11-25 15:18:21,4.4,930,40
1771,3U5112,MU5415,20:15:00,23:45:00,2019-11-26 14:46:54,4.4,930,39
1857,3U5112,MU5415,20:15:00,23:45:00,2019-11-27 16:36:04,4.4,930,38
1890,3U5112,MU5415,20:15:00,23:45:00,2019-11-28 15:43:42,3.5,740,37
1922,3U5112,MU5415,20:15:00,23:45:00,2019-11-29 15:13:46,3.5,740,36
1988,3U5112,MU5415,20:15:00,23:45:00,2019-11-30 14:38:52,4.4,930,35
2035,3U5112,MU5415,20:15:00,23:45:00,2019-12-01 14:23:37,4.4,930,34
2083,3U5112,MU5415,20:15:00,23:45:00,2019-12-02 14:54:24,4.4,930,33
2112,3U5112,MU5415,20:15:00,23:45:00,2019-12-03 14:50:04,4.4,930,32
2195,3U5112,MU5415,20:15:00,23:45:00,2019-12-04 14:50:24,4.4,930,31
2227,3U5112,MU5415,20:15:00,23:45:00,2019-12-05 14:17:21,4.4,930,30
2275,3U5112,MU5415,20:15:00,23:45:00,2019-12-06 15:19:09,4.4,930,29
2323,3U5112,MU5415,20:15:00,23:45:00,2019-12-07 14:41:45,4.4,930,28
2371,3U5112,MU5415,20:15:00,23:45:00,2019-12-08 15:47:35,4.4,930,27
2423,3U5112,MU5415,20:15:00,23:45:00,2019-12-09 15:30:53,4.4,930,26
2467,3U5112,MU5415,20:15:00,23:45:00,2019-12-11 16:16:58,4.9,1030,24
2502,3U5112,MU5415,20:15:00,23:45:00,2019-12-12 14:19:32,4.9,1030,23
2565,3U5112,MU5415,20:15:00,23:45:00,2019-12-13 15:40:20,4.9,1030,22
2611,3U5112,MU5415,20:15:00,23:45:00,2019-12-14 16:49:00,4.9,1030,21
2660,3U5112,MU5415,20:15:00,23:45:00,2019-12-15 14:23:57,4.9,1030,20
2708,3U5112,MU5415,20:15:00,23:45:00,2019-12-16 14:50:59,4.4,1030,19
2756,3U5112,MU5415,20:15:00,23:45:00,2019-12-17 15:41:30,4.4,1030,18
2814,3U5112,MU5415,20:15:00,23:45:00,2019-12-18 16:37:34,4.4,1030,17
2863,3U5112,MU5415,20:15:00,23:45:00,2019-12-19 14:42:53,4.4,1030,16
2914,3U5112,MU5415,20:15:00,23:45:00,2019-12-20 13:18:54,4.4,1030,15
2961,3U5112,MU5415,20:15:00,23:45:00,2019-12-21 18:15:46,4.4,1030,14
3010,3U5112,MU5415,20:15:00,23:45:00,2019-12-22 16:59:10,4.4,1030,13
3060,3U5112,MU5415,20:15:00,23:45:00,2019-12-23 14:59:49,4.4,1030,12
3085,3U5112,MU5415,20:15:00,23:45:00,2019-12-24 15:36:36,4.4,1030,11
3129,3U5112,MU5415,20:15:00,23:45:00,2019-12-25 15:43:21,4.4,1030,10
3210,3U5112,MU5415,20:15:00,23:45:00,2019-12-26 15:31:03,4.4,1030,9
3248,3U5112,MU5415,20:15:00,23:45:00,2019-12-27 12:54:03,4.9,1140,8
3297,3U5112,MU5415,20:15:00,23:45:00,2019-12-28 16:14:41,4.9,1140,7
3349,3U5112,MU5415,20:15:00,23:45:00,2019-12-29 14:16:36,4.9,1140,6
3378,3U5112,MU5415,20:15:00,23:45:00,2019-12-30 15:32:22,4.9,1140,5
3451,3U5112,MU5415,20:15:00,23:45:00,2019-12-31 16:35:21,4.9,1140,4
3501,3U5112,MU5415,20:15:00,23:45:00,2020-01-01 14:19:07,6.4,1490,3
3534,3U5112,MU5415,20:15:00,23:45:00,2020-01-02 14:16:52,6.4,1490,2
3598,3U5112,MU5415,20:15:00,23:45:00,2020-01-03 16:27:02,6.4,1490,1
3644,3U5112,MU5415,20:15:00,23:45:00,2020-01-04 16:20:32,4.9,1140,0
3660,3U5112,MU5415,20:15:00,23:45:00,2020-01-05 16:37:50,4.9,1140,0
1524,9C8887,,09:10:00,12:35:00,2019-11-20 16:15:02,4.7,1000,45
1531,9C8887,,09:10:00,12:35:00,2019-11-21 16:06:46,5.7,1000,44
1614,9C8887,,09:10:00,12:35:00,2019-11-22 15:46:21,5.7,1000,43
1668,9C8887,,09:10:00,12:35:00,2019-11-23 15:48:24,5.7,1000,42
1682,9C8887,,09:10:00,12:35:00,2019-11-24 15:22:19,5.7,1000,41
1770,9C8887,,09:10:00,12:35:00,2019-11-25 15:18:21,5.7,1000,40
1818,9C8887,,09:10:00,12:35:00,2019-11-26 14:46:54,5.5,970,39
1838,9C8887,,09:10:00,12:35:00,2019-11-27 16:36:04,5.5,970,38
1908,9C8887,,09:10:00,12:35:00,2019-11-28 15:43:42,5.5,970,37
1955,9C8887,,09:10:00,12:35:00,2019-11-29 15:13:46,5.5,970,36
1970,9C8887,,09:10:00,12:35:00,2019-11-30 14:38:52,5.5,970,35
2047,9C8887,,09:10:00,12:35:00,2019-12-01 14:23:37,5.5,970,34
2066,9C8887,,09:10:00,12:35:00,2019-12-02 14:54:24,5.5,970,33
2143,9C8887,,09:10:00,12:35:00,2019-12-03 14:50:04,5.5,970,32
2161,9C8887,,09:10:00,12:35:00,2019-12-04 14:50:24,5.5,970,31
2210,9C8887,,09:10:00,12:35:00,2019-12-05 14:17:21,5.5,970,30
2257,9C8887,,09:10:00,12:35:00,2019-12-06 15:19:09,5.5,970,29
2305,9C8887,,09:10:00,12:35:00,2019-12-07 14:41:45,5.5,970,28
2353,9C8887,,09:10:00,12:35:00,2019-12-08 15:47:35,5.5,970,27
2441,9C8887,,09:10:00,12:35:00,2019-12-09 15:30:53,5.5,970,26
2484,9C8887,,09:10:00,12:35:00,2019-12-11 16:16:58,5.7,1000,24
2531,9C8887,,09:10:00,12:35:00,2019-12-12 14:19:32,5.7,1000,23
2546,9C8887,,09:10:00,12:35:00,2019-12-13 15:40:20,5.7,1000,22
2594,9C8887,,09:10:00,12:35:00,2019-12-14 16:49:00,5.4,950,21
2642,9C8887,,09:10:00,12:35:00,2019-12-15 14:23:57,5.4,950,20
2690,9C8887,,09:10:00,12:35:00,2019-12-16 14:50:59,5.4,950,19
2808,9C8887,,09:10:00,12:35:00,2019-12-18 16:37:34,5.4,950,17
2857,9C8887,,09:10:00,12:35:00,2019-12-19 14:42:53,5.4,950,16
2908,9C8887,,09:10:00,12:35:00,2019-12-20 13:18:54,5.4,950,15
2955,9C8887,,09:10:00,12:35:00,2019-12-21 18:15:46,5.4,950,14
3004,9C8887,,09:10:00,12:35:00,2019-12-22 16:59:10,5.4,950,13
3054,9C8887,,09:10:00,12:35:00,2019-12-23 14:59:49,5.4,950,12
3091,9C8887,,09:10:00,12:35:00,2019-12-24 15:36:36,5.4,950,11
3135,9C8887,,09:10:00,12:35:00,2019-12-25 15:43:21,5.4,950,10
3204,9C8887,,09:10:00,12:35:00,2019-12-26 15:31:03,5.4,950,9
3254,9C8887,,09:10:00,12:35:00,2019-12-27 12:54:03,5.4,950,8
3303,9C8887,,09:10:00,12:35:00,2019-12-28 16:14:41,5.4,950,7
3355,9C8887,,09:10:00,12:35:00,2019-12-29 14:16:36,5.4,950,6
3384,9C8887,,09:10:00,12:35:00,2019-12-30 15:32:22,5.4,950,5
3445,9C8887,,09:10:00,12:35:00,2019-12-31 16:35:21,4.8,840,4
3495,9C8887,,09:10:00,12:35:00,2020-01-01 14:19:07,4.8,840,3
3528,9C8887,,09:10:00,12:35:00,2020-01-02 14:16:52,4.8,840,2
3592,9C8887,,09:10:00,12:35:00,2020-01-03 16:27:02,4.9,857,1
3649,9C8887,,09:10:00,12:35:00,2020-01-04 16:20:32,6.1,1070,0
1515,CA3213,HO1119,08:05:00,11:35:00,2019-11-20 16:15:02,7.4,1570,45
1570,CA3213,HO1119,08:05:00,11:35:00,2019-11-21 16:06:46,7.4,1570,44
1594,CA3213,HO1119,08:05:00,11:35:00,2019-11-22 15:46:21,7.4,1570,43
1659,CA3213,HO1119,08:05:00,11:35:00,2019-11-23 15:48:24,7.4,1570,42
1691,CA3213,HO1119,08:05:00,11:35:00,2019-11-24 15:22:19,7.4,1570,41
1762,CA3213,HO1119,08:05:00,11:35:00,2019-11-25 15:18:21,7.4,1570,40
1780,CA3213,HO1119,08:05:00,11:35:00,2019-11-26 14:46:54,7.4,1570,39
1848,CA3213,HO1119,08:05:00,11:35:00,2019-11-27 16:36:04,7.4,1570,38
1899,CA3213,HO1119,08:05:00,11:35:00,2019-11-28 15:43:42,7.4,1570,37
1946,CA3213,HO1119,08:05:00,11:35:00,2019-11-29 15:13:46,7.4,1570,36
1979,CA3213,HO1119,08:05:00,11:35:00,2019-11-30 14:38:52,7.4,1570,35
2057,CA3213,HO1119,08:05:00,11:35:00,2019-12-01 14:23:37,7.4,1570,34
2074,CA3213,HO1119,08:05:00,11:35:00,2019-12-02 14:54:24,7.4,1570,33
2152,CA3213,HO1119,08:05:00,11:35:00,2019-12-03 14:50:04,7.4,1570,32
2170,CA3213,HO1119,08:05:00,11:35:00,2019-12-04 14:50:24,7.4,1570,31
2218,CA3213,HO1119,08:05:00,11:35:00,2019-12-05 14:17:21,7.4,1570,30
2266,CA3213,HO1119,08:05:00,11:35:00,2019-12-06 15:19:09,7.4,1570,29
2314,CA3213,HO1119,08:05:00,11:35:00,2019-12-07 14:41:45,7.4,1570,28
2362,CA3213,HO1119,08:05:00,11:35:00,2019-12-08 15:47:35,7.4,1570,27
2432,CA3213,HO1119,08:05:00,11:35:00,2019-12-09 15:30:53,7.4,1570,26
2475,CA3213,HO1119,08:05:00,11:35:00,2019-12-11 16:16:58,7.1,1510,24
2493,CA3213,HO1119,08:05:00,11:35:00,2019-12-12 14:19:32,7.1,1510,23
2555,CA3213,HO1119,08:05:00,11:35:00,2019-12-13 15:40:20,6.1,1290,22
2602,CA3213,HO1119,08:05:00,11:35:00,2019-12-14 16:49:00,6.1,1290,21
2651,CA3213,HO1119,08:05:00,11:35:00,2019-12-15 14:23:57,6.1,1290,20
2699,CA3213,HO1119,08:05:00,11:35:00,2019-12-16 14:50:59,6.1,1290,19
2747,CA3213,HO1119,08:05:00,11:35:00,2019-12-17 15:41:30,6.1,1290,18
2790,CA3213,HO1119,08:05:00,11:35:00,2019-12-18 16:37:34,6.1,1290,17
2839,CA3213,HO1119,08:05:00,11:35:00,2019-12-19 14:42:53,6.1,1290,16
2889,CA3213,HO1119,08:05:00,11:35:00,2019-12-20 13:18:54,6.1,1290,15
2938,CA3213,HO1119,08:05:00,11:35:00,2019-12-21 18:15:46,4.1,870,14
2986,CA3213,HO1119,08:05:00,11:35:00,2019-12-22 16:59:10,5.1,1080,13
3036,CA3213,HO1119,08:05:00,11:35:00,2019-12-23 14:59:49,5.1,1080,12
3109,CA3213,HO1119,08:05:00,11:35:00,2019-12-24 15:36:36,4.6,980,11
3151,CA3213,HO1119,08:05:00,11:35:00,2019-12-25 15:43:21,4.6,980,10
3177,CA3213,HO1119,08:05:00,11:35:00,2019-12-26 15:31:03,4.6,980,9
3223,CA3213,HO1119,08:05:00,11:35:00,2019-12-27 12:54:03,4.6,980,8
3272,CA3213,HO1119,08:05:00,11:35:00,2019-12-28 16:14:41,4.6,980,7
3324,CA3213,HO1119,08:05:00,11:35:00,2019-12-29 14:16:36,4.6,980,6
3402,CA3213,HO1119,08:05:00,11:35:00,2019-12-30 15:32:22,4.1,870,5
3428,CA3213,HO1119,08:05:00,11:35:00,2019-12-31 16:35:21,4.1,870,4
3477,CA3213,HO1119,08:05:00,11:35:00,2020-01-01 14:19:07,5.1,1080,3
3550,CA3213,HO1119,08:05:00,11:35:00,2020-01-02 14:16:52,5.1,1080,2
3573,CA3213,HO1119,08:05:00,11:35:00,2020-01-03 16:27:02,7.1,1510,1
3624,CA3213,HO1119,08:05:00,11:35:00,2020-01-04 16:20:32,7.1,1510,0
1516,CA3954,TV9866,14:45:00,18:05:00,2019-11-20 16:15:02,7.9,1670,45
1571,CA3954,TV9866,14:45:00,18:05:00,2019-11-21 16:06:46,7.9,1670,44
1593,CA3954,TV9866,14:45:00,18:05:00,2019-11-22 15:46:21,7.9,1670,43
1660,CA3954,TV9866,14:45:00,18:05:00,2019-11-23 15:48:24,7.9,1670,42
1690,CA3954,TV9866,14:45:00,18:05:00,2019-11-24 15:22:19,7.9,1670,41
1763,CA3954,TV9866,14:45:00,18:05:00,2019-11-25 15:18:21,7.9,1670,40
1779,CA3954,TV9866,14:45:00,18:05:00,2019-11-26 14:46:54,7.9,1670,39
1847,CA3954,TV9866,14:45:00,18:05:00,2019-11-27 16:36:04,7.9,1670,38
1900,CA3954,TV9866,14:45:00,18:05:00,2019-11-28 15:43:42,7.9,1670,37
1947,CA3954,TV9866,14:45:00,18:05:00,2019-11-29 15:13:46,7.9,1670,36
1978,CA3954,TV9866,14:45:00,18:05:00,2019-11-30 14:38:52,7.9,1670,35
2056,CA3954,TV9866,14:45:00,18:05:00,2019-12-01 14:23:37,7.4,1570,34
2073,CA3954,TV9866,14:45:00,18:05:00,2019-12-02 14:54:24,7.4,1570,33
2151,CA3954,TV9866,14:45:00,18:05:00,2019-12-03 14:50:04,7.4,1570,32
2169,CA3954,TV9866,14:45:00,18:05:00,2019-12-04 14:50:24,7.4,1570,31
2217,CA3954,TV9866,14:45:00,18:05:00,2019-12-05 14:17:21,7.4,1570,30
2265,CA3954,TV9866,14:45:00,18:05:00,2019-12-06 15:19:09,7.4,1570,29
2313,CA3954,TV9866,14:45:00,18:05:00,2019-12-07 14:41:45,7.4,1570,28
2361,CA3954,TV9866,14:45:00,18:05:00,2019-12-08 15:47:35,7.4,1570,27
2433,CA3954,TV9866,14:45:00,18:05:00,2019-12-09 15:30:53,7.4,1570,26
2476,CA3954,TV9866,14:45:00,18:05:00,2019-12-11 16:16:58,7.3,1700,24
2492,CA3954,TV9866,14:45:00,18:05:00,2019-12-12 14:19:32,7.3,1700,23
2554,CA3954,TV9866,14:45:00,18:05:00,2019-12-13 15:40:20,7.3,1700,22
2601,CA3954,TV9866,14:45:00,18:05:00,2019-12-14 16:49:00,7.3,1700,21
2650,CA3954,TV9866,14:45:00,18:05:00,2019-12-15 14:23:57,5.3,1242,20
2698,CA3954,TV9866,14:45:00,18:05:00,2019-12-16 14:50:59,5.3,1242,19
2746,CA3954,TV9866,14:45:00,18:05:00,2019-12-17 15:41:30,5.3,1242,18
2789,CA3954,TV9866,14:45:00,18:05:00,2019-12-18 16:37:34,5.3,1242,17
2838,CA3954,TV9866,14:45:00,18:05:00,2019-12-19 14:42:53,5.4,1260,16
2888,CA3954,TV9866,14:45:00,18:05:00,2019-12-20 13:18:54,5.4,1260,15
2937,CA3954,TV9866,14:45:00,18:05:00,2019-12-21 18:15:46,5.4,1260,14
2985,CA3954,TV9866,14:45:00,18:05:00,2019-12-22 16:59:10,5.4,1260,13
3035,CA3954,TV9866,14:45:00,18:05:00,2019-12-23 14:59:49,5.4,1260,12
3110,CA3954,TV9866,14:45:00,18:05:00,2019-12-24 15:36:36,5.4,1260,11
3150,CA3954,TV9866,14:45:00,18:05:00,2019-12-25 15:43:21,5.4,1260,10
3176,CA3954,TV9866,14:45:00,18:05:00,2019-12-26 15:31:03,5.4,1260,9
3224,CA3954,TV9866,14:45:00,18:05:00,2019-12-27 12:54:03,5.4,1260,8
3273,CA3954,TV9866,14:45:00,18:05:00,2019-12-28 16:14:41,4.9,1140,7
3325,CA3954,TV9866,14:45:00,18:05:00,2019-12-29 14:16:36,4.9,1140,6
3403,CA3954,TV9866,14:45:00,18:05:00,2019-12-30 15:32:22,4.9,1140,5
3427,CA3954,TV9866,14:45:00,18:05:00,2019-12-31 16:35:21,4.9,1140,4
3476,CA3954,TV9866,14:45:00,18:05:00,2020-01-01 14:19:07,4.9,1140,3
3551,CA3954,TV9866,14:45:00,18:05:00,2020-01-02 14:16:52,4.9,1140,2
3572,CA3954,TV9866,14:45:00,18:05:00,2020-01-03 16:27:02,6.4,1490,1
3623,CA3954,TV9866,14:45:00,18:05:00,2020-01-04 16:20:32,6.4,1490,0
1495,CA3966,TV9882,17:05:00,20:30:00,2019-11-20 16:15:02,8.4,1780,45
1549,CA3966,TV9882,17:05:00,20:30:00,2019-11-21 16:06:46,8.4,1780,44
1616,CA3966,TV9882,17:05:00,20:30:00,2019-11-22 15:46:21,8.4,1780,43
1639,CA3966,TV9882,17:05:00,20:30:00,2019-11-23 15:48:24,8.4,1780,42
1712,CA3966,TV9882,17:05:00,20:30:00,2019-11-24 15:22:19,8.4,1780,41
1741,CA3966,TV9882,17:05:00,20:30:00,2019-11-25 15:18:21,8.4,1780,40
1800,CA3966,TV9882,17:05:00,20:30:00,2019-11-26 14:46:54,8.4,1780,39
1828,CA3966,TV9882,17:05:00,20:30:00,2019-11-27 16:36:04,8.4,1780,38
1879,CA3966,TV9882,17:05:00,20:30:00,2019-11-28 15:43:42,8.4,1780,37
1939,CA3966,TV9882,17:05:00,20:30:00,2019-11-29 15:13:46,8.4,1780,36
2000,CA3966,TV9882,17:05:00,20:30:00,2019-11-30 14:38:52,8.4,1780,35
2023,CA3966,TV9882,17:05:00,20:30:00,2019-12-01 14:23:37,8.4,1780,34
2096,CA3966,TV9882,17:05:00,20:30:00,2019-12-02 14:54:24,6.4,1360,33
2124,CA3966,TV9882,17:05:00,20:30:00,2019-12-03 14:50:04,6.4,1360,32
2183,CA3966,TV9882,17:05:00,20:30:00,2019-12-04 14:50:24,6.4,1360,31
2239,CA3966,TV9882,17:05:00,20:30:00,2019-12-05 14:17:21,5.4,1140,30
2287,CA3966,TV9882,17:05:00,20:30:00,2019-12-06 15:19:09,5.4,1140,29
2335,CA3966,TV9882,17:05:00,20:30:00,2019-12-07 14:41:45,5.4,1140,28
2383,CA3966,TV9882,17:05:00,20:30:00,2019-12-08 15:47:35,5.4,1140,27
2411,CA3966,TV9882,17:05:00,20:30:00,2019-12-09 15:30:53,4.9,1040,26
2455,CA3966,TV9882,17:05:00,20:30:00,2019-12-11 16:16:58,4.8,1122,24
2514,CA3966,TV9882,17:05:00,20:30:00,2019-12-12 14:19:32,4.8,1122,23
2577,CA3966,TV9882,17:05:00,20:30:00,2019-12-13 15:40:20,4.8,1122,22
2623,CA3966,TV9882,17:05:00,20:30:00,2019-12-14 16:49:00,4.8,1122,21
2672,CA3966,TV9882,17:05:00,20:30:00,2019-12-15 14:23:57,4.8,1122,20
2720,CA3966,TV9882,17:05:00,20:30:00,2019-12-16 14:50:59,4.8,1122,19
2768,CA3966,TV9882,17:05:00,20:30:00,2019-12-17 15:41:30,4.8,1122,18
2799,CA3966,TV9882,17:05:00,20:30:00,2019-12-18 16:37:34,4.8,1122,17
2848,CA3966,TV9882,17:05:00,20:30:00,2019-12-19 14:42:53,4.9,1140,16
2898,CA3966,TV9882,17:05:00,20:30:00,2019-12-20 13:18:54,4.9,1140,15
2947,CA3966,TV9882,17:05:00,20:30:00,2019-12-21 18:15:46,4.9,1140,14
2995,CA3966,TV9882,17:05:00,20:30:00,2019-12-22 16:59:10,4.9,1140,13
3045,CA3966,TV9882,17:05:00,20:30:00,2019-12-23 14:59:49,4.9,1140,12
3100,CA3966,TV9882,17:05:00,20:30:00,2019-12-24 15:36:36,4.9,1140,11
3160,CA3966,TV9882,17:05:00,20:30:00,2019-12-25 15:43:21,4.9,1140,10
3186,CA3966,TV9882,17:05:00,20:30:00,2019-12-26 15:31:03,4.9,1140,9
3263,CA3966,TV9882,17:05:00,20:30:00,2019-12-27 12:54:03,4.9,1140,8
3312,CA3966,TV9882,17:05:00,20:35:00,2019-12-28 16:14:41,4.9,1140,7
3364,CA3966,TV9882,17:05:00,20:35:00,2019-12-29 14:16:36,4.9,1140,6
3393,CA3966,TV9882,17:05:00,20:35:00,2019-12-30 15:32:22,5.4,1260,5
3437,CA3966,TV9882,17:05:00,20:35:00,2019-12-31 16:35:21,4.9,1140,4
3485,CA3966,TV9882,17:05:00,20:35:00,2020-01-01 14:19:07,4.9,1140,3
3519,CA3966,TV9882,17:05:00,20:35:00,2020-01-02 14:16:52,4.9,1140,2
3583,CA3966,TV9882,17:05:00,20:35:00,2020-01-03 16:27:02,5.4,1260,1
3658,CA3966,TV9882,17:05:00,20:35:00,2020-01-04 16:20:32,4.9,1140,0
1487,CA4502,,20:45:00,00:10:00,2019-11-20 16:15:02,4.3,910,45
1541,CA4502,,20:45:00,00:10:00,2019-11-21 16:06:46,4.1,860,44
1582,CA4502,,20:45:00,00:10:00,2019-11-22 15:46:21,4.1,860,43
1631,CA4502,,20:45:00,00:10:00,2019-11-23 15:48:24,4.1,860,42
1720,CA4502,,20:45:00,00:10:00,2019-11-24 15:22:19,4.1,860,41
1733,CA4502,,20:45:00,00:10:00,2019-11-25 15:18:21,4.1,860,40
1808,CA4502,,20:45:00,00:10:00,2019-11-26 14:46:54,4.1,860,39
1822,CA4502,,20:45:00,00:10:00,2019-11-27 16:36:04,4.1,860,38
1871,CA4502,,20:45:00,00:10:00,2019-11-28 15:43:42,4.1,860,37
1930,CA4502,,20:45:00,00:10:00,2019-11-29 15:13:46,4.1,860,36
2007,CA4502,,20:45:00,00:10:00,2019-11-30 14:38:52,4.1,860,35
2015,CA4502,,20:45:00,00:10:00,2019-12-01 14:23:37,4.1,860,34
2103,CA4502,,20:45:00,00:10:00,2019-12-02 14:54:24,4.1,860,33
2132,CA4502,,20:45:00,00:10:00,2019-12-03 14:50:04,4.1,860,32
2174,CA4502,,20:45:00,00:10:00,2019-12-04 14:50:24,4.1,860,31
2247,CA4502,,20:45:00,00:10:00,2019-12-05 14:17:21,4.1,860,30
2295,CA4502,,20:45:00,00:10:00,2019-12-06 15:19:09,4.1,860,29
2343,CA4502,,20:45:00,00:10:00,2019-12-07 14:41:45,4.1,860,28
2391,CA4502,,20:45:00,00:10:00,2019-12-08 15:47:35,4.1,860,27
2403,CA4502,,20:45:00,00:10:00,2019-12-09 15:30:53,4.1,860,26
2447,CA4502,,20:45:00,00:10:00,2019-12-11 16:16:58,4.1,860,24
2521,CA4502,,20:45:00,00:10:00,2019-12-12 14:19:32,4.1,860,23
2585,CA4502,,20:45:00,00:10:00,2019-12-13 15:40:20,4.1,860,22
2631,CA4502,,20:45:00,00:10:00,2019-12-14 16:49:00,4.1,860,21
2680,CA4502,,20:45:00,00:10:00,2019-12-15 14:23:57,4.1,860,20
2727,CA4502,,20:45:00,00:10:00,2019-12-16 14:50:59,4.1,860,19
2777,CA4502,,20:45:00,00:10:00,2019-12-17 15:41:30,4.1,860,18
2822,CA4502,,20:45:00,00:10:00,2019-12-18 16:37:34,4.1,860,17
2871,CA4502,,20:45:00,00:10:00,2019-12-19 14:42:53,4.1,860,16
2922,CA4502,,20:45:00,00:10:00,2019-12-20 13:18:54,4.1,860,15
2969,CA4502,,20:45:00,00:10:00,2019-12-21 18:15:46,4.1,860,14
3018,CA4502,,20:45:00,00:10:00,2019-12-22 16:59:10,5.1,1080,13
3068,CA4502,,20:45:00,00:10:00,2019-12-23 14:59:49,5.1,1080,12
3077,CA4502,,20:45:00,00:10:00,2019-12-24 15:36:36,4.1,860,11
3121,CA4502,,20:45:00,00:10:00,2019-12-25 15:43:21,4.1,860,10
3191,CA4502,,20:45:00,00:10:00,2019-12-26 15:31:03,4.1,860,9
3240,CA4502,,20:45:00,00:10:00,2019-12-27 12:54:03,5.1,1080,8
3289,CA4502,,20:45:00,00:10:00,2019-12-28 16:14:41,5.1,1080,7
3341,CA4502,,20:45:00,00:10:00,2019-12-29 14:16:36,5.1,1080,6
3370,CA4502,,20:45:00,00:10:00,2019-12-30 15:32:22,4.1,860,5
3459,CA4502,,20:45:00,00:10:00,2019-12-31 16:35:21,4.3,910,4
3509,CA4502,,20:45:00,00:10:00,2020-01-01 14:19:07,6.4,1350,3
3542,CA4502,,20:45:00,00:10:00,2020-01-02 14:16:52,6.4,1350,2
3606,CA4502,,20:45:00,00:10:00,2020-01-03 16:27:02,4.2,900,1
3636,CA4502,,20:45:00,00:10:00,2020-01-04 16:20:32,5.3,1130,0
3672,CA4502,,20:45:00,00:10:00,2020-01-05 16:37:50,5.3,1130,0
1522,CA4516,,11:45:00,15:30:00,2019-11-20 16:15:02,5.4,1140,45
1577,CA4516,,11:45:00,15:30:00,2019-11-21 16:06:46,5.1,1080,44
1587,CA4516,,11:45:00,15:30:00,2019-11-22 15:46:21,5.1,1080,43
1666,CA4516,,11:45:00,15:30:00,2019-11-23 15:48:24,5.1,1080,42
1684,CA4516,,11:45:00,15:30:00,2019-11-24 15:22:19,5.1,1080,41
1769,CA4516,,11:45:00,15:30:00,2019-11-25 15:18:21,5.1,1080,40
1773,CA4516,,11:45:00,15:30:00,2019-11-26 14:46:54,5.1,1080,39
1840,CA4516,,11:45:00,15:30:00,2019-11-27 16:36:04,5.1,1080,38
1906,CA4516,,11:45:00,15:30:00,2019-11-28 15:43:42,5.1,1080,37
1953,CA4516,,11:45:00,15:30:00,2019-11-29 15:13:46,5.1,1080,36
1972,CA4516,,11:45:00,15:30:00,2019-11-30 14:38:52,5.1,1080,35
2049,CA4516,,11:45:00,15:30:00,2019-12-01 14:23:37,5.1,1080,34
2068,CA4516,,11:45:00,15:30:00,2019-12-02 14:54:24,5.1,1080,33
2145,CA4516,,11:45:00,15:30:00,2019-12-03 14:50:04,5.1,1080,32
2163,CA4516,,11:45:00,15:30:00,2019-12-04 14:50:24,5.1,1080,31
2211,CA4516,,11:45:00,15:30:00,2019-12-05 14:17:21,5.1,1080,30
2259,CA4516,,11:45:00,15:30:00,2019-12-06 15:19:09,5.1,1080,29
2307,CA4516,,11:45:00,15:30:00,2019-12-07 14:41:45,5.1,1080,28
2355,CA4516,,11:45:00,15:30:00,2019-12-08 15:47:35,5.1,1080,27
2439,CA4516,,11:45:00,15:30:00,2019-12-09 15:30:53,5.1,1080,26
2482,CA4516,,11:45:00,15:30:00,2019-12-11 16:16:58,5.1,1080,24
2533,CA4516,,11:45:00,15:30:00,2019-12-12 14:19:32,5.1,1080,23
2548,CA4516,,11:45:00,15:30:00,2019-12-13 15:40:20,5.1,1080,22
2596,CA4516,,11:45:00,15:30:00,2019-12-14 16:49:00,5.1,1080,21
2644,CA4516,,11:45:00,15:30:00,2019-12-15 14:23:57,5.1,1080,20
2692,CA4516,,11:45:00,15:30:00,2019-12-16 14:50:59,5.1,1080,19
2739,CA4516,,11:45:00,15:30:00,2019-12-17 15:41:30,6.1,1290,18
2784,CA4516,,11:45:00,15:30:00,2019-12-18 16:37:34,5.4,1140,17
2833,CA4516,,11:45:00,15:30:00,2019-12-19 14:42:53,5.1,1080,16
2883,CA4516,,11:45:00,15:30:00,2019-12-20 13:18:54,5.1,1080,15
2932,CA4516,,11:45:00,15:30:00,2019-12-21 18:15:46,5.1,1080,14
2980,CA4516,,11:45:00,15:30:00,2019-12-22 16:59:10,5.1,1080,13
3030,CA4516,,11:45:00,15:30:00,2019-12-23 14:59:49,5.1,1080,12
3115,CA4516,,11:45:00,15:30:00,2019-12-24 15:36:36,5.1,1080,11
3145,CA4516,,11:45:00,15:30:00,2019-12-25 15:43:21,5.1,1080,10
3171,CA4516,,11:45:00,15:30:00,2019-12-26 15:31:03,5.1,1080,9
3229,CA4516,,11:45:00,15:30:00,2019-12-27 12:54:03,5.1,1080,8
3278,CA4516,,11:45:00,15:30:00,2019-12-28 16:14:41,6.1,1290,7
3330,CA4516,,11:45:00,15:30:00,2019-12-29 14:16:36,6.1,1290,6
3408,CA4516,,11:45:00,15:30:00,2019-12-30 15:32:22,5.1,1080,5
3422,CA4516,,11:45:00,15:30:00,2019-12-31 16:35:21,5.4,1140,4
3471,CA4516,,11:45:00,15:30:00,2020-01-01 14:19:07,7.3,1550,3
3556,CA4516,,11:45:00,15:30:00,2020-01-02 14:16:52,7.3,1550,2
3567,CA4516,,11:45:00,15:30:00,2020-01-03 16:27:02,6.4,1350,1
3618,CA4516,,11:45:00,15:30:00,2020-01-04 16:20:32,6.4,1350,0
1502,CZ9139,MU5405,09:25:00,13:00:00,2019-11-20 16:15:02,5.3,1130,45
1556,CZ9139,MU5405,09:25:00,13:00:00,2019-11-21 16:06:46,5.3,1130,44
1608,CZ9139,MU5405,09:25:00,13:00:00,2019-11-22 15:46:21,5.3,1130,43
1646,CZ9139,MU5405,09:25:00,13:00:00,2019-11-23 15:48:24,5.4,1140,42
1705,CZ9139,MU5405,09:25:00,13:00:00,2019-11-24 15:22:19,5.4,1140,41
1748,CZ9139,MU5405,09:25:00,13:00:00,2019-11-25 15:18:21,6.4,1350,40
1793,CZ9139,MU5405,09:25:00,13:00:00,2019-11-26 14:46:54,6.4,1360,39
1862,CZ9139,MU5405,09:25:00,13:00:00,2019-11-27 16:36:04,6.4,1350,38
1885,CZ9139,MU5405,09:25:00,13:00:00,2019-11-28 15:43:42,5.4,1140,37
1927,CZ9139,MU5405,09:25:00,13:00:00,2019-11-29 15:13:46,5.3,1130,36
1993,CZ9139,MU5405,09:25:00,13:00:00,2019-11-30 14:38:52,5.3,1130,35
2030,CZ9139,MU5405,09:25:00,13:00:00,2019-12-01 14:23:37,5.3,1130,34
2088,CZ9139,MU5405,09:25:00,13:00:00,2019-12-02 14:54:24,5.4,1140,33
2117,CZ9139,MU5405,09:25:00,13:00:00,2019-12-03 14:50:04,5.4,1140,32
2190,CZ9139,MU5405,09:25:00,13:00:00,2019-12-04 14:50:24,5.4,1140,31
2232,CZ9139,MU5405,09:25:00,13:00:00,2019-12-05 14:17:21,5.4,1140,30
2280,CZ9139,MU5405,09:25:00,13:00:00,2019-12-06 15:19:09,3.5,740,29
2328,CZ9139,MU5405,09:25:00,13:00:00,2019-12-07 14:41:45,3.5,734,28
2376,CZ9139,MU5405,09:25:00,13:00:00,2019-12-08 15:47:35,4.3,920,27
2418,CZ9139,MU5405,09:25:00,13:00:00,2019-12-09 15:30:53,5.8,1240,26
2462,CZ9139,MU5405,09:25:00,13:00:00,2019-12-11 16:16:58,4.4,1020,24
2507,CZ9139,MU5405,09:25:00,13:00:00,2019-12-12 14:19:32,5.5,1280,23
2570,CZ9139,MU5405,09:25:00,13:00:00,2019-12-13 15:40:20,5.5,1280,22
2616,CZ9139,MU5405,09:25:00,13:00:00,2019-12-14 16:49:00,4.4,1020,21
2665,CZ9139,MU5405,09:25:00,13:00:00,2019-12-15 14:23:57,4.4,1020,20
2713,CZ9139,MU5405,09:25:00,13:00:00,2019-12-16 14:50:59,5.5,1280,19
2761,CZ9139,MU5405,09:25:00,13:00:00,2019-12-17 15:41:30,5.5,1280,18
2817,CZ9139,MU5405,09:25:00,13:00:00,2019-12-18 16:37:34,5.4,1250,17
2866,CZ9139,MU5405,09:25:00,13:00:00,2019-12-19 14:42:53,5.4,1250,16
2917,CZ9139,MU5405,09:25:00,13:00:00,2019-12-20 13:18:54,5.5,1280,15
2964,CZ9139,MU5405,09:25:00,13:00:00,2019-12-21 18:15:46,5.4,1250,14
3013,CZ9139,MU5405,09:25:00,13:00:00,2019-12-22 16:59:10,5.5,1280,13
3063,CZ9139,MU5405,09:25:00,13:00:00,2019-12-23 14:59:49,5.4,1250,12
3082,CZ9139,MU5405,09:25:00,13:00:00,2019-12-24 15:36:36,5.5,1280,11
3126,CZ9139,MU5405,09:25:00,13:00:00,2019-12-25 15:43:21,5.5,1280,10
3213,CZ9139,MU5405,09:25:00,13:00:00,2019-12-26 15:31:03,5.5,1280,9
3245,CZ9139,MU5405,09:25:00,13:00:00,2019-12-27 12:54:03,5.5,1280,8
3294,CZ9139,MU5405,09:25:00,13:00:00,2019-12-28 16:14:41,5.5,1280,7
3346,CZ9139,MU5405,09:25:00,13:00:00,2019-12-29 14:16:36,5.4,1250,6
3375,CZ9139,MU5405,09:25:00,13:00:00,2019-12-30 15:32:22,5.5,1280,5
3454,CZ9139,MU5405,09:25:00,13:00:00,2019-12-31 16:35:21,5.5,1280,4
3504,CZ9139,MU5405,09:25:00,13:00:00,2020-01-01 14:19:07,6.9,1600,3
3537,CZ9139,MU5405,09:25:00,13:00:00,2020-01-02 14:16:52,7.5,1750,2
3601,CZ9139,MU5405,09:25:00,13:00:00,2020-01-03 16:27:02,6.9,1600,1
3641,CZ9139,MU5405,09:25:00,13:00:00,2020-01-04 16:20:32,7.5,1750,0
1486,CZ9140,MU5401,08:00:00,11:30:00,2019-11-20 16:15:02,5.3,1130,45
1540,CZ9140,MU5401,08:00:00,11:30:00,2019-11-21 16:06:46,5.3,1130,44
1583,CZ9140,MU5401,08:00:00,11:30:00,2019-11-22 15:46:21,5.3,1130,43
1630,CZ9140,MU5401,08:00:00,11:30:00,2019-11-23 15:48:24,5.4,1140,42
1721,CZ9140,MU5401,08:00:00,11:30:00,2019-11-24 15:22:19,5.4,1140,41
1732,CZ9140,MU5401,08:00:00,11:30:00,2019-11-25 15:18:21,5.3,1130,40
1809,CZ9140,MU5401,08:00:00,11:30:00,2019-11-26 14:46:54,5.4,1140,39
1823,CZ9140,MU5401,08:00:00,11:30:00,2019-11-27 16:36:04,5.3,1130,38
1870,CZ9140,MU5401,08:00:00,11:30:00,2019-11-28 15:43:42,5.4,1140,37
1929,CZ9140,MU5401,08:00:00,11:30:00,2019-11-29 15:13:46,5.3,1130,36
2008,CZ9140,MU5401,08:00:00,11:30:00,2019-11-30 14:38:52,5.3,1130,35
2014,CZ9140,MU5401,08:00:00,11:30:00,2019-12-01 14:23:37,5.3,1130,34
2104,CZ9140,MU5401,08:00:00,11:30:00,2019-12-02 14:54:24,4.4,930,33
2133,CZ9140,MU5401,08:00:00,11:30:00,2019-12-03 14:50:04,4.4,930,32
2173,CZ9140,MU5401,08:00:00,11:30:00,2019-12-04 14:50:24,3.5,740,31
2248,CZ9140,MU5401,08:00:00,11:30:00,2019-12-05 14:17:21,3.5,740,30
2296,CZ9140,MU5401,08:00:00,11:30:00,2019-12-06 15:19:09,4.4,930,29
2344,CZ9140,MU5401,08:00:00,11:30:00,2019-12-07 14:41:45,4.3,920,28
2392,CZ9140,MU5401,08:00:00,11:30:00,2019-12-08 15:47:35,4.3,920,27
2402,CZ9140,MU5401,08:00:00,11:30:00,2019-12-09 15:30:53,5.8,1240,26
2446,CZ9140,MU5401,08:00:00,11:30:00,2019-12-11 16:16:58,4.4,1020,24
2522,CZ9140,MU5401,08:00:00,11:30:00,2019-12-12 14:19:32,5.5,1280,23
2586,CZ9140,MU5401,08:00:00,11:30:00,2019-12-13 15:40:20,5.5,1280,22
2632,CZ9140,MU5401,08:00:00,11:30:00,2019-12-14 16:49:00,5.4,1250,21
2681,CZ9140,MU5401,08:00:00,11:30:00,2019-12-15 14:23:57,5.4,1250,20
2728,CZ9140,MU5401,08:00:00,11:30:00,2019-12-16 14:50:59,5.5,1280,19
2731,CZ9140,MU5401,08:00:00,11:30:00,2019-12-17 15:41:30,5.5,1280,18
2824,CZ9140,MU5401,08:00:00,11:30:00,2019-12-18 16:37:34,5.4,1250,17
2873,CZ9140,MU5401,08:00:00,11:30:00,2019-12-19 14:42:53,5.4,1250,16
2924,CZ9140,MU5401,08:00:00,11:30:00,2019-12-20 13:18:54,5.5,1280,15
2971,CZ9140,MU5401,08:00:00,11:30:00,2019-12-21 18:15:46,5.4,1250,14
3020,CZ9140,MU5401,08:00:00,11:30:00,2019-12-22 16:59:10,5.5,1280,13
3070,CZ9140,MU5401,08:00:00,11:30:00,2019-12-23 14:59:49,5.4,1250,12
3075,CZ9140,MU5401,08:00:00,11:30:00,2019-12-24 15:36:36,5.5,1280,11
3168,CZ9140,MU5401,08:00:00,11:30:00,2019-12-25 15:43:21,5.5,1280,10
3189,CZ9140,MU5401,08:00:00,11:30:00,2019-12-26 15:31:03,5.5,1280,9
3238,CZ9140,MU5401,08:00:00,11:30:00,2019-12-27 12:54:03,5.5,1280,8
3287,CZ9140,MU5401,08:00:00,11:30:00,2019-12-28 16:14:41,5.5,1280,7
3339,CZ9140,MU5401,08:00:00,11:30:00,2019-12-29 14:16:36,5.4,1250,6
3369,CZ9140,MU5401,08:00:00,11:30:00,2019-12-30 15:32:22,5.5,1280,5
3461,CZ9140,MU5401,08:00:00,11:30:00,2019-12-31 16:35:21,5.5,1280,4
3511,CZ9140,MU5401,08:00:00,11:30:00,2020-01-01 14:19:07,5.4,1250,3
3544,CZ9140,MU5401,08:00:00,11:30:00,2020-01-02 14:16:52,7.5,1750,2
3608,CZ9140,MU5401,08:00:00,11:30:00,2020-01-03 16:27:02,7.3,1710,1
3634,CZ9140,MU5401,08:00:00,11:30:00,2020-01-04 16:20:32,7.5,1750,0
1488,CZ9141,MU2219,12:05:00,15:35:00,2019-11-20 16:15:02,5.3,1130,45
1542,CZ9141,MU2219,12:05:00,15:35:00,2019-11-21 16:06:46,5.3,1130,44
1581,CZ9141,MU2219,12:05:00,15:35:00,2019-11-22 15:46:21,5.3,1130,43
1632,CZ9141,MU2219,12:05:00,15:35:00,2019-11-23 15:48:24,5.4,1140,42
1719,CZ9141,MU2219,12:05:00,15:35:00,2019-11-24 15:22:19,5.4,1140,41
1734,CZ9141,MU2219,12:05:00,15:35:00,2019-11-25 15:18:21,5.3,1130,40
1807,CZ9141,MU2219,12:05:00,15:35:00,2019-11-26 14:46:54,5.4,1140,39
1821,CZ9141,MU2219,12:05:00,15:35:00,2019-11-27 16:36:04,5.3,1130,38
1872,CZ9141,MU2219,12:05:00,15:35:00,2019-11-28 15:43:42,5.4,1140,37
1931,CZ9141,MU2219,12:05:00,15:35:00,2019-11-29 15:13:46,5.3,1130,36
2006,CZ9141,MU2219,12:05:00,15:35:00,2019-11-30 14:38:52,5.3,1130,35
2016,CZ9141,MU2219,12:05:00,15:35:00,2019-12-01 14:23:37,5.3,1130,34
2102,CZ9141,MU2219,12:05:00,15:35:00,2019-12-02 14:54:24,5.4,1140,33
2107,CZ9141,MU2219,12:05:00,15:35:00,2019-12-03 14:50:04,5.4,1140,32
2175,CZ9141,MU2219,12:05:00,15:35:00,2019-12-04 14:50:24,5.4,1140,31
2246,CZ9141,MU2219,12:05:00,15:35:00,2019-12-05 14:17:21,5.4,1140,30
2294,CZ9141,MU2219,12:05:00,15:35:00,2019-12-06 15:19:09,4.4,930,29
2342,CZ9141,MU2219,12:05:00,15:35:00,2019-12-07 14:41:45,4.3,920,28
2390,CZ9141,MU2219,12:05:00,15:35:00,2019-12-08 15:47:35,4.3,920,27
2404,CZ9141,MU2219,12:05:00,15:35:00,2019-12-09 15:30:53,5.8,1240,26
2448,CZ9141,MU2219,12:05:00,15:35:00,2019-12-11 16:16:58,5.4,1250,24
2520,CZ9141,MU2219,12:05:00,15:35:00,2019-12-12 14:19:32,5.5,1280,23
2584,CZ9141,MU2219,12:05:00,15:35:00,2019-12-13 15:40:20,5.5,1280,22
2630,CZ9141,MU2219,12:05:00,15:35:00,2019-12-14 16:49:00,5.4,1250,21
2679,CZ9141,MU2219,12:05:00,15:35:00,2019-12-15 14:23:57,5.4,1250,20
2726,CZ9141,MU2219,12:05:00,15:35:00,2019-12-16 14:50:59,5.5,1280,19
2776,CZ9141,MU2219,12:05:00,15:35:00,2019-12-17 15:41:30,5.5,1280,18
2823,CZ9141,MU2219,12:05:00,15:35:00,2019-12-18 16:37:34,5.4,1250,17
2872,CZ9141,MU2219,12:05:00,15:35:00,2019-12-19 14:42:53,5.4,1250,16
2923,CZ9141,MU2219,12:05:00,15:35:00,2019-12-20 13:18:54,5.5,1280,15
2970,CZ9141,MU2219,12:05:00,15:35:00,2019-12-21 18:15:46,6.4,1480,14
3019,CZ9141,MU2219,12:05:00,15:35:00,2019-12-22 16:59:10,5.5,1280,13
3069,CZ9141,MU2219,12:05:00,15:35:00,2019-12-23 14:59:49,6.4,1480,12
3076,CZ9141,MU2219,12:05:00,15:35:00,2019-12-24 15:36:36,7.5,1750,11
3169,CZ9141,MU2219,12:05:00,15:35:00,2019-12-25 15:43:21,7.5,1750,10
3190,CZ9141,MU2219,12:05:00,15:35:00,2019-12-26 15:31:03,7.5,1750,9
3239,CZ9141,MU2219,12:05:00,15:35:00,2019-12-27 12:54:03,7.5,1750,8
3288,CZ9141,MU2219,12:05:00,15:35:00,2019-12-28 16:14:41,7.5,1750,7
3340,CZ9141,MU2219,12:05:00,15:35:00,2019-12-29 14:16:36,7.3,1710,6
3366,CZ9141,MU2219,12:05:00,15:35:00,2019-12-30 15:32:22,7.5,1750,5
3460,CZ9141,MU2219,12:05:00,15:35:00,2019-12-31 16:35:21,10.0,2330,4
3510,CZ9141,MU2219,12:05:00,15:35:00,2020-01-01 14:19:07,9.8,2295,3
3543,CZ9141,MU2219,12:05:00,15:35:00,2020-01-02 14:16:52,10.0,2330,2
3607,CZ9141,MU2219,12:05:00,15:35:00,2020-01-03 16:27:02,9.8,2295,1
3635,CZ9141,MU2219,12:05:00,15:35:00,2020-01-04 16:20:32,10.0,2330,0
1506,CZ9142,MU5415,20:15:00,23:45:00,2019-11-20 16:15:02,4.3,920,45
1560,CZ9142,MU5415,20:15:00,23:45:00,2019-11-21 16:06:46,4.3,920,44
1604,CZ9142,MU5415,20:15:00,23:45:00,2019-11-22 15:46:21,4.3,920,43
1650,CZ9142,MU5415,20:15:00,23:45:00,2019-11-23 15:48:24,4.4,930,42
1701,CZ9142,MU5415,20:15:00,23:45:00,2019-11-24 15:22:19,4.4,930,41
1752,CZ9142,MU5415,20:15:00,23:45:00,2019-11-25 15:18:21,4.3,920,40
1789,CZ9142,MU5415,20:15:00,23:45:00,2019-11-26 14:46:54,4.4,930,39
1858,CZ9142,MU5415,20:15:00,23:45:00,2019-11-27 16:36:04,4.3,920,38
1889,CZ9142,MU5415,20:15:00,23:45:00,2019-11-28 15:43:42,3.5,740,37
1923,CZ9142,MU5415,20:15:00,23:45:00,2019-11-29 15:13:46,3.5,735,36
1989,CZ9142,MU5415,20:15:00,23:45:00,2019-11-30 14:38:52,4.3,920,35
2034,CZ9142,MU5415,20:15:00,23:45:00,2019-12-01 14:23:37,4.3,920,34
2084,CZ9142,MU5415,20:15:00,23:45:00,2019-12-02 14:54:24,4.4,930,33
2113,CZ9142,MU5415,20:15:00,23:45:00,2019-12-03 14:50:04,4.4,930,32
2194,CZ9142,MU5415,20:15:00,23:45:00,2019-12-04 14:50:24,4.4,930,31
2228,CZ9142,MU5415,20:15:00,23:45:00,2019-12-05 14:17:21,4.4,930,30
2276,CZ9142,MU5415,20:15:00,23:45:00,2019-12-06 15:19:09,4.4,930,29
2324,CZ9142,MU5415,20:15:00,23:45:00,2019-12-07 14:41:45,4.3,920,28
2372,CZ9142,MU5415,20:15:00,23:45:00,2019-12-08 15:47:35,4.3,920,27
2422,CZ9142,MU5415,20:15:00,23:45:00,2019-12-09 15:30:53,5.8,1240,26
2466,CZ9142,MU5415,20:15:00,23:45:00,2019-12-11 16:16:58,4.4,1020,24
2503,CZ9142,MU5415,20:15:00,23:45:00,2019-12-12 14:19:32,5.5,1280,23
2566,CZ9142,MU5415,20:15:00,23:45:00,2019-12-13 15:40:20,5.5,1280,22
2612,CZ9142,MU5415,20:15:00,23:45:00,2019-12-14 16:49:00,4.4,1020,21
2661,CZ9142,MU5415,20:15:00,23:45:00,2019-12-15 14:23:57,4.4,1020,20
2709,CZ9142,MU5415,20:15:00,23:45:00,2019-12-16 14:50:59,5.5,1280,19
2757,CZ9142,MU5415,20:15:00,23:45:00,2019-12-17 15:41:30,5.5,1280,18
2793,CZ9142,MU5415,20:15:00,23:45:00,2019-12-18 16:37:34,4.4,1020,17
2842,CZ9142,MU5415,20:15:00,23:45:00,2019-12-19 14:42:53,4.4,1020,16
2892,CZ9142,MU5415,20:15:00,23:45:00,2019-12-20 13:18:54,5.5,1280,15
2941,CZ9142,MU5415,20:15:00,23:45:00,2019-12-21 18:15:46,4.4,1020,14
2989,CZ9142,MU5415,20:15:00,23:45:00,2019-12-22 16:59:10,5.5,1280,13
3039,CZ9142,MU5415,20:15:00,23:45:00,2019-12-23 14:59:49,4.4,1020,12
3106,CZ9142,MU5415,20:15:00,23:45:00,2019-12-24 15:36:36,5.5,1280,11
3154,CZ9142,MU5415,20:15:00,23:45:00,2019-12-25 15:43:21,5.5,1280,10
3180,CZ9142,MU5415,20:15:00,23:45:00,2019-12-26 15:31:03,5.5,1280,9
3220,CZ9142,MU5415,20:15:00,23:45:00,2019-12-27 12:54:03,5.5,1280,8
3269,CZ9142,MU5415,20:15:00,23:45:00,2019-12-28 16:14:41,5.5,1280,7
3321,CZ9142,MU5415,20:15:00,23:45:00,2019-12-29 14:16:36,5.4,1250,6
3399,CZ9142,MU5415,20:15:00,23:45:00,2019-12-30 15:32:22,5.5,1280,5
3431,CZ9142,MU5415,20:15:00,23:45:00,2019-12-31 16:35:21,5.5,1280,4
3480,CZ9142,MU5415,20:15:00,23:45:00,2020-01-01 14:19:07,6.4,1480,3
3547,CZ9142,MU5415,20:15:00,23:45:00,2020-01-02 14:16:52,6.5,1510,2
3576,CZ9142,MU5415,20:15:00,23:45:00,2020-01-03 16:27:02,6.4,1480,1
3627,CZ9142,MU5415,20:15:00,23:45:00,2020-01-04 16:20:32,5.5,1280,0
3661,CZ9142,MU5415,20:15:00,23:45:00,2020-01-05 16:37:50,5.5,1280,0
1505,CZ9143,MU5413,19:30:00,22:55:00,2019-11-20 16:15:02,4.3,920,45
1559,CZ9143,MU5413,19:30:00,22:55:00,2019-11-21 16:06:46,4.3,920,44
1605,CZ9143,MU5413,19:30:00,22:55:00,2019-11-22 15:46:21,4.3,920,43
1649,CZ9143,MU5413,19:30:00,22:55:00,2019-11-23 15:48:24,4.4,930,42
1702,CZ9143,MU5413,19:30:00,22:55:00,2019-11-24 15:22:19,4.4,930,41
1751,CZ9143,MU5413,19:30:00,22:55:00,2019-11-25 15:18:21,4.3,920,40
1790,CZ9143,MU5413,19:30:00,22:55:00,2019-11-26 14:46:54,4.4,930,39
1859,CZ9143,MU5413,19:30:00,22:55:00,2019-11-27 16:36:04,4.3,920,38
1888,CZ9143,MU5413,19:30:00,22:55:00,2019-11-28 15:43:42,4.4,930,37
1924,CZ9143,MU5413,19:30:00,22:55:00,2019-11-29 15:13:46,4.3,920,36
1990,CZ9143,MU5413,19:30:00,22:55:00,2019-11-30 14:38:52,4.3,920,35
2033,CZ9143,MU5413,19:30:00,22:55:00,2019-12-01 14:23:37,4.3,920,34
2085,CZ9143,MU5413,19:30:00,22:55:00,2019-12-02 14:54:24,4.4,930,33
2114,CZ9143,MU5413,19:30:00,22:55:00,2019-12-03 14:50:04,4.4,930,32
2193,CZ9143,MU5413,19:30:00,22:55:00,2019-12-04 14:50:24,4.4,930,31
2229,CZ9143,MU5413,19:30:00,22:55:00,2019-12-05 14:17:21,4.4,930,30
2277,CZ9143,MU5413,19:30:00,22:55:00,2019-12-06 15:19:09,4.4,930,29
2325,CZ9143,MU5413,19:30:00,22:55:00,2019-12-07 14:41:45,4.3,920,28
2373,CZ9143,MU5413,19:30:00,22:55:00,2019-12-08 15:47:35,4.3,920,27
2421,CZ9143,MU5413,19:30:00,22:55:00,2019-12-09 15:30:53,5.8,1240,26
2465,CZ9143,MU5413,19:30:00,22:55:00,2019-12-11 16:16:58,4.4,1020,24
2504,CZ9143,MU5413,19:30:00,22:55:00,2019-12-12 14:19:32,5.5,1280,23
2567,CZ9143,MU5413,19:30:00,22:55:00,2019-12-13 15:40:20,5.5,1280,22
2613,CZ9143,MU5413,19:30:00,22:50:00,2019-12-14 16:49:00,4.4,1020,21
2662,CZ9143,MU5413,19:30:00,22:50:00,2019-12-15 14:23:57,4.4,1020,20
2710,CZ9143,MU5413,19:30:00,22:50:00,2019-12-16 14:50:59,5.5,1280,19
2758,CZ9143,MU5413,19:30:00,22:50:00,2019-12-17 15:41:30,5.5,1280,18
2816,CZ9143,MU5413,19:30:00,22:50:00,2019-12-18 16:37:34,4.4,1020,17
2865,CZ9143,MU5413,19:30:00,22:50:00,2019-12-19 14:42:53,4.4,1020,16
2916,CZ9143,MU5413,19:30:00,22:50:00,2019-12-20 13:18:54,5.5,1280,15
2963,CZ9143,MU5413,19:30:00,22:50:00,2019-12-21 18:15:46,4.4,1020,14
3012,CZ9143,MU5413,19:30:00,22:50:00,2019-12-22 16:59:10,5.5,1280,13
3062,CZ9143,MU5413,19:30:00,22:50:00,2019-12-23 14:59:49,4.4,1020,12
3083,CZ9143,MU5413,19:30:00,22:50:00,2019-12-24 15:36:36,5.5,1280,11
3127,CZ9143,MU5413,19:30:00,22:50:00,2019-12-25 15:43:21,5.5,1280,10
3212,CZ9143,MU5413,19:30:00,22:50:00,2019-12-26 15:31:03,5.5,1280,9
3246,CZ9143,MU5413,19:30:00,22:50:00,2019-12-27 12:54:03,5.5,1280,8
3295,CZ9143,MU5413,19:30:00,22:50:00,2019-12-28 16:14:41,5.5,1280,7
3347,CZ9143,MU5413,19:30:00,22:50:00,2019-12-29 14:16:36,5.4,1250,6
3376,CZ9143,MU5413,19:30:00,22:50:00,2019-12-30 15:32:22,5.5,1280,5
3453,CZ9143,MU5413,19:30:00,22:50:00,2019-12-31 16:35:21,5.5,1280,4
3503,CZ9143,MU5413,19:30:00,22:50:00,2020-01-01 14:19:07,6.4,1480,3
3536,CZ9143,MU5413,19:30:00,22:50:00,2020-01-02 14:16:52,6.5,1510,2
3600,CZ9143,MU5413,19:30:00,22:50:00,2020-01-03 16:27:02,6.4,1480,1
3642,CZ9143,MU5413,19:30:00,22:50:00,2020-01-04 16:20:32,6.5,1510,0
3662,CZ9143,MU5413,19:30:00,22:50:00,2020-01-05 16:37:50,7.5,1750,0
1490,CZ9144,MU5411,21:15:00,00:45:00,2019-11-20 16:15:02,4.3,920,45
1544,CZ9144,MU5411,21:15:00,00:45:00,2019-11-21 16:06:46,4.3,920,44
1579,CZ9144,MU5411,21:15:00,00:45:00,2019-11-22 15:46:21,4.3,920,43
1634,CZ9144,MU5411,21:15:00,00:45:00,2019-11-23 15:48:24,4.4,930,42
1717,CZ9144,MU5411,21:15:00,00:45:00,2019-11-24 15:22:19,4.4,930,41
1736,CZ9144,MU5411,21:15:00,00:45:00,2019-11-25 15:18:21,4.3,920,40
1805,CZ9144,MU5411,21:15:00,00:45:00,2019-11-26 14:46:54,4.4,930,39
1843,CZ9144,MU5411,21:15:00,00:45:00,2019-11-27 16:36:04,4.3,920,38
1874,CZ9144,MU5411,21:15:00,00:45:00,2019-11-28 15:43:42,3.5,740,37
1934,CZ9144,MU5411,21:15:00,00:45:00,2019-11-29 15:13:46,3.5,735,36
1963,CZ9144,MU5411,21:15:00,00:45:00,2019-11-30 14:38:52,3.5,735,35
2018,CZ9144,MU5411,21:15:00,00:45:00,2019-12-01 14:23:37,3.5,735,34
2101,CZ9144,MU5411,21:15:00,00:45:00,2019-12-02 14:54:24,4.4,930,33
2129,CZ9144,MU5411,21:15:00,00:45:00,2019-12-03 14:50:04,4.4,930,32
2177,CZ9144,MU5411,21:15:00,00:45:00,2019-12-04 14:50:24,4.4,930,31
2244,CZ9144,MU5411,21:15:00,00:45:00,2019-12-05 14:17:21,4.4,930,30
2292,CZ9144,MU5411,21:15:00,00:45:00,2019-12-06 15:19:09,3.0,640,29
2340,CZ9144,MU5411,21:15:00,00:45:00,2019-12-07 14:41:45,3.0,634,28
2388,CZ9144,MU5411,21:15:00,00:45:00,2019-12-08 15:47:35,3.5,734,27
2406,CZ9144,MU5411,21:15:00,00:45:00,2019-12-09 15:30:53,5.8,1240,26
2450,CZ9144,MU5411,21:15:00,00:45:00,2019-12-11 16:16:58,4.4,1020,24
2518,CZ9144,MU5411,21:15:00,00:45:00,2019-12-12 14:19:32,5.5,1280,23
2582,CZ9144,MU5411,21:15:00,00:45:00,2019-12-13 15:40:20,5.5,1280,22
2628,CZ9144,MU5411,21:15:00,00:45:00,2019-12-14 16:49:00,4.4,1020,21
2677,CZ9144,MU5411,21:15:00,00:45:00,2019-12-15 14:23:57,4.4,1020,20
2724,CZ9144,MU5411,21:15:00,00:45:00,2019-12-16 14:50:59,5.5,1280,19
2774,CZ9144,MU5411,21:15:00,00:45:00,2019-12-17 15:41:30,5.5,1280,18
2804,CZ9144,MU5411,21:15:00,00:45:00,2019-12-18 16:37:34,4.4,1020,17
2853,CZ9144,MU5411,21:15:00,00:45:00,2019-12-19 14:42:53,4.4,1020,16
2904,CZ9144,MU5411,21:15:00,00:45:00,2019-12-20 13:18:54,5.5,1280,15
2951,CZ9144,MU5411,21:15:00,00:45:00,2019-12-21 18:15:46,4.4,1020,14
3000,CZ9144,MU5411,21:15:00,00:45:00,2019-12-22 16:59:10,5.5,1280,13
3050,CZ9144,MU5411,21:15:00,00:45:00,2019-12-23 14:59:49,4.4,1020,12
3095,CZ9144,MU5411,21:15:00,00:45:00,2019-12-24 15:36:36,5.5,1280,11
3165,CZ9144,MU5411,21:15:00,00:45:00,2019-12-25 15:43:21,5.5,1280,10
3200,CZ9144,MU5411,21:15:00,00:45:00,2019-12-26 15:31:03,5.5,1280,9
3258,CZ9144,MU5411,21:15:00,00:45:00,2019-12-27 12:54:03,5.5,1280,8
3307,CZ9144,MU5411,21:15:00,00:45:00,2019-12-28 16:14:41,5.5,1280,7
3359,CZ9144,MU5411,21:15:00,00:45:00,2019-12-29 14:16:36,5.4,1250,6
3388,CZ9144,MU5411,21:15:00,00:45:00,2019-12-30 15:32:22,5.5,1280,5
3441,CZ9144,MU5411,21:15:00,00:45:00,2019-12-31 16:35:21,5.5,1280,4
3491,CZ9144,MU5411,21:15:00,00:45:00,2020-01-01 14:19:07,6.4,1480,3
3524,CZ9144,MU5411,21:15:00,00:45:00,2020-01-02 14:16:52,6.5,1510,2
3588,CZ9144,MU5411,21:15:00,00:45:00,2020-01-03 16:27:02,6.4,1480,1
3653,CZ9144,MU5411,21:15:00,00:45:00,2020-01-04 16:20:32,5.5,1280,0
3670,CZ9144,MU5411,21:15:00,00:45:00,2020-01-05 16:37:50,5.5,1280,0
1484,EU7107,HO1097,09:50:00,13:10:00,2019-11-20 16:15:02,10.0,2120,45
1538,EU7107,HO1097,09:50:00,13:10:00,2019-11-21 16:06:46,7.1,1510,44
1585,EU7107,HO1097,09:50:00,13:10:00,2019-11-22 15:46:21,7.1,1510,43
1628,EU7107,HO1097,09:50:00,13:10:00,2019-11-23 15:48:24,7.1,1510,42
1675,EU7107,HO1097,09:50:00,13:10:00,2019-11-24 15:22:19,7.1,1510,41
1730,EU7107,HO1097,09:50:00,13:10:00,2019-11-25 15:18:21,7.1,1510,40
1811,EU7107,HO1097,09:50:00,13:10:00,2019-11-26 14:46:54,7.1,1510,39
1825,EU7107,HO1097,09:50:00,13:10:00,2019-11-27 16:36:04,7.1,1510,38
1868,EU7107,HO1097,09:50:00,13:10:00,2019-11-28 15:43:42,7.1,1510,37
1915,EU7107,HO1097,09:50:00,13:10:00,2019-11-29 15:13:46,7.1,1510,36
2010,EU7107,HO1097,09:50:00,13:10:00,2019-11-30 14:38:52,7.1,1510,35
2012,EU7107,HO1097,09:50:00,13:10:00,2019-12-01 14:23:37,7.1,1510,34
2106,EU7107,HO1097,09:50:00,13:10:00,2019-12-02 14:54:24,7.1,1510,33
2135,EU7107,HO1097,09:50:00,13:10:00,2019-12-03 14:50:04,7.1,1510,32
2179,EU7107,HO1097,09:50:00,13:10:00,2019-12-04 14:50:24,7.1,1510,31
2250,EU7107,HO1097,09:50:00,13:10:00,2019-12-05 14:17:21,7.1,1510,30
2298,EU7107,HO1097,09:50:00,13:10:00,2019-12-06 15:19:09,7.0,1489,29
2346,EU7107,HO1097,09:50:00,13:10:00,2019-12-07 14:41:45,7.0,1489,28
2394,EU7107,HO1097,09:50:00,13:10:00,2019-12-08 15:47:35,7.0,1489,27
2400,EU7107,HO1097,09:50:00,13:10:00,2019-12-09 15:30:53,7.0,1489,26
2444,EU7107,HO1097,09:50:00,13:10:00,2019-12-11 16:16:58,7.1,1510,24
2524,EU7107,HO1097,09:50:00,13:10:00,2019-12-12 14:19:32,7.0,1489,23
2563,EU7107,HO1097,09:50:00,13:10:00,2019-12-13 15:40:20,7.0,1489,22
2634,EU7107,HO1097,09:50:00,13:10:00,2019-12-14 16:49:00,7.1,1510,21
2635,EU7107,HO1097,09:50:00,13:10:00,2019-12-15 14:23:57,7.1,1510,20
2730,EU7107,HO1097,09:50:00,13:10:00,2019-12-16 14:50:59,7.0,1489,19
2742,EU7107,HO1097,09:50:00,13:10:00,2019-12-17 15:41:30,7.1,1510,18
2825,EU7107,HO1097,09:50:00,13:10:00,2019-12-18 16:37:34,5.1,1080,17
2874,EU7107,HO1097,09:50:00,13:10:00,2019-12-19 14:42:53,5.0,1064,16
2876,EU7107,HO1097,09:50:00,13:10:00,2019-12-20 13:18:54,4.6,1064,15
2972,EU7107,HO1097,09:50:00,13:10:00,2019-12-21 18:15:46,4.6,1080,14
3021,EU7107,HO1097,09:50:00,13:10:00,2019-12-22 16:59:10,4.6,1064,13
3071,EU7107,HO1097,09:50:00,13:10:00,2019-12-23 14:59:49,4.6,1080,12
3074,EU7107,HO1097,09:50:00,13:10:00,2019-12-24 15:36:36,4.6,1064,11
3167,EU7107,HO1097,09:50:00,13:10:00,2019-12-25 15:43:21,4.6,1064,10
3188,EU7107,HO1097,09:50:00,13:10:00,2019-12-26 15:31:03,4.6,1080,9
3237,EU7107,HO1097,09:50:00,13:10:00,2019-12-27 12:54:03,4.6,1080,8
3286,EU7107,HO1097,09:50:00,13:10:00,2019-12-28 16:14:41,4.6,1080,7
3338,EU7107,HO1097,09:50:00,13:10:00,2019-12-29 14:16:36,4.1,965,6
3368,EU7107,HO1097,09:50:00,13:10:00,2019-12-30 15:32:22,3.2,755,5
3462,EU7107,HO1097,09:50:00,13:10:00,2019-12-31 16:35:21,3.7,870,4
3512,EU7107,HO1097,09:50:00,13:10:00,2020-01-01 14:19:07,4.6,1065,3
3545,EU7107,HO1097,09:50:00,13:10:00,2020-01-02 14:16:52,4.6,1064,2
3609,EU7107,HO1097,09:50:00,13:10:00,2020-01-03 16:27:02,6.4,1489,1
3633,EU7107,HO1097,09:50:00,13:10:00,2020-01-04 16:20:32,6.4,1490,0
1496,FM9403,,14:55:00,18:25:00,2019-11-20 16:15:02,6.4,1360,45
1550,FM9403,,14:55:00,18:25:00,2019-11-21 16:06:46,6.4,1360,44
1615,FM9403,,14:55:00,18:25:00,2019-11-22 15:46:21,6.4,1360,43
1640,FM9403,,14:55:00,18:25:00,2019-11-23 15:48:24,6.4,1360,42
1711,FM9403,,14:55:00,18:25:00,2019-11-24 15:22:19,6.4,1360,41
1742,FM9403,,14:55:00,18:25:00,2019-11-25 15:18:21,6.4,1360,40
1799,FM9403,,14:55:00,18:25:00,2019-11-26 14:46:54,6.4,1360,39
1827,FM9403,,14:55:00,18:25:00,2019-11-27 16:36:04,6.4,1360,38
1867,FM9403,,14:55:00,18:25:00,2019-11-28 15:43:42,6.4,1360,37
1940,FM9403,,14:55:00,18:25:00,2019-11-29 15:13:46,6.4,1360,36
1999,FM9403,,14:55:00,18:25:00,2019-11-30 14:38:52,6.4,1360,35
2024,FM9403,,14:55:00,18:25:00,2019-12-01 14:23:37,6.4,1360,34
2095,FM9403,,14:55:00,18:25:00,2019-12-02 14:54:24,5.4,1140,33
2123,FM9403,,14:55:00,18:25:00,2019-12-03 14:50:04,5.4,1140,32
2184,FM9403,,14:55:00,18:25:00,2019-12-04 14:50:24,5.4,1140,31
2238,FM9403,,14:55:00,18:25:00,2019-12-05 14:17:21,5.4,1140,30
2286,FM9403,,14:55:00,18:25:00,2019-12-06 15:19:09,4.3,910,29
2334,FM9403,,14:55:00,18:25:00,2019-12-07 14:41:45,4.3,910,28
2382,FM9403,,14:55:00,18:25:00,2019-12-08 15:47:35,4.3,910,27
2412,FM9403,,14:55:00,18:25:00,2019-12-09 15:30:53,4.3,910,26
2456,FM9403,,14:55:00,18:25:00,2019-12-11 16:16:58,4.3,1000,24
2513,FM9403,,14:55:00,18:25:00,2019-12-12 14:19:32,4.3,1000,23
2576,FM9403,,14:55:00,18:25:00,2019-12-13 15:40:20,4.3,1000,22
2622,FM9403,,14:55:00,18:25:00,2019-12-14 16:49:00,4.3,1000,21
2671,FM9403,,14:55:00,18:25:00,2019-12-15 14:23:57,4.3,1000,20
2719,FM9403,,14:55:00,18:25:00,2019-12-16 14:50:59,4.3,1000,19
2767,FM9403,,14:55:00,18:25:00,2019-12-17 15:41:30,4.9,1140,18
2800,FM9403,,14:55:00,18:25:00,2019-12-18 16:37:34,4.9,1140,17
2849,FM9403,,14:55:00,18:25:00,2019-12-19 14:42:53,4.9,1140,16
2899,FM9403,,14:55:00,18:25:00,2019-12-20 13:18:54,4.9,1140,15
2948,FM9403,,14:55:00,18:25:00,2019-12-21 18:15:46,4.9,1140,14
2996,FM9403,,14:55:00,18:25:00,2019-12-22 16:59:10,4.9,1140,13
3046,FM9403,,14:55:00,18:25:00,2019-12-23 14:59:49,4.9,1140,12
3099,FM9403,,14:55:00,18:25:00,2019-12-24 15:36:36,4.8,1130,11
3161,FM9403,,14:55:00,18:25:00,2019-12-25 15:43:21,4.8,1130,10
3196,FM9403,,14:55:00,18:25:00,2019-12-26 15:31:03,4.8,1130,9
3262,FM9403,,14:55:00,18:25:00,2019-12-27 12:54:03,4.8,1130,8
3311,FM9403,,14:55:00,18:25:00,2019-12-28 16:14:41,4.8,1130,7
3363,FM9403,,14:55:00,18:25:00,2019-12-29 14:16:36,4.8,1130,6
3392,FM9403,,14:55:00,18:25:00,2019-12-30 15:32:22,4.8,1130,5
3438,FM9403,,14:55:00,18:25:00,2019-12-31 16:35:21,4.8,1130,4
3486,FM9403,,14:55:00,18:25:00,2020-01-01 14:19:07,6.7,1550,3
3520,FM9403,,14:55:00,18:25:00,2020-01-02 14:16:52,6.7,1550,2
3584,FM9403,,14:55:00,18:25:00,2020-01-03 16:27:02,6.7,1550,1
3657,FM9403,,14:55:00,18:25:00,2020-01-04 16:20:32,7.4,1720,0
1485,FM9549,,16:10:00,19:35:00,2019-11-20 16:15:02,5.4,1140,45
1539,FM9549,,16:10:00,19:35:00,2019-11-21 16:06:46,5.4,1140,44
1584,FM9549,,16:10:00,19:35:00,2019-11-22 15:46:21,5.4,1140,43
1629,FM9549,,16:10:00,19:35:00,2019-11-23 15:48:24,5.4,1140,42
1722,FM9549,,16:10:00,19:35:00,2019-11-24 15:22:19,5.4,1140,41
1731,FM9549,,16:10:00,19:35:00,2019-11-25 15:18:21,5.4,1140,40
1810,FM9549,,16:10:00,19:35:00,2019-11-26 14:46:54,5.4,1140,39
1824,FM9549,,16:10:00,19:35:00,2019-11-27 16:36:04,5.4,1140,38
1869,FM9549,,16:10:00,19:35:00,2019-11-28 15:43:42,5.4,1140,37
1928,FM9549,,16:10:00,19:35:00,2019-11-29 15:13:46,5.4,1140,36
2009,FM9549,,16:10:00,19:35:00,2019-11-30 14:38:52,5.4,1140,35
2013,FM9549,,16:10:00,19:35:00,2019-12-01 14:23:37,5.4,1140,34
2105,FM9549,,16:10:00,19:35:00,2019-12-02 14:54:24,5.4,1140,33
2134,FM9549,,16:10:00,19:35:00,2019-12-03 14:50:04,5.4,1140,32
2172,FM9549,,16:10:00,19:35:00,2019-12-04 14:50:24,4.3,910,31
2249,FM9549,,16:10:00,19:35:00,2019-12-05 14:17:21,4.3,910,30
2297,FM9549,,16:10:00,19:35:00,2019-12-06 15:19:09,4.3,910,29
2345,FM9549,,16:10:00,19:35:00,2019-12-07 14:41:45,4.3,910,28
2393,FM9549,,16:10:00,19:35:00,2019-12-08 15:47:35,4.3,910,27
2401,FM9549,,16:10:00,19:35:00,2019-12-09 15:30:53,4.3,910,26
2445,FM9549,,16:10:00,19:35:00,2019-12-11 16:16:58,4.3,1000,24
2523,FM9549,,16:10:00,19:35:00,2019-12-12 14:19:32,4.9,1140,23
2539,FM9549,,16:10:00,19:35:00,2019-12-13 15:40:20,4.9,1140,22
2633,FM9549,,16:10:00,19:35:00,2019-12-14 16:49:00,4.3,1000,21
2682,FM9549,,16:10:00,19:35:00,2019-12-15 14:23:57,4.3,1000,20
2729,FM9549,,16:10:00,19:35:00,2019-12-16 14:50:59,4.3,1000,19
2770,FM9549,,16:10:00,19:35:00,2019-12-17 15:41:30,4.3,1000,18
2826,FM9549,,16:10:00,19:35:00,2019-12-18 16:37:34,4.9,1140,17
2875,FM9549,,16:10:00,19:35:00,2019-12-19 14:42:53,4.9,1140,16
2900,FM9549,,16:10:00,19:35:00,2019-12-20 13:18:54,4.3,1000,15
2973,FM9549,,16:10:00,19:35:00,2019-12-21 18:15:46,4.9,1140,14
3022,FM9549,,16:10:00,19:35:00,2019-12-22 16:59:10,4.9,1140,13
3026,FM9549,,16:10:00,19:35:00,2019-12-23 14:59:49,4.9,1140,12
3073,FM9549,,16:10:00,19:35:00,2019-12-24 15:36:36,3.7,870,11
3166,FM9549,,16:10:00,19:35:00,2019-12-25 15:43:21,4.8,1130,10
3187,FM9549,,16:10:00,19:35:00,2019-12-26 15:31:03,4.8,1130,9
3236,FM9549,,16:10:00,19:35:00,2019-12-27 12:54:03,4.8,1130,8
3285,FM9549,,16:10:00,19:35:00,2019-12-28 16:14:41,4.8,1130,7
3337,FM9549,,16:10:00,19:35:00,2019-12-29 14:16:36,4.8,1130,6
3367,FM9549,,16:10:00,19:35:00,2019-12-30 15:32:22,3.8,880,5
3463,FM9549,,16:10:00,19:35:00,2019-12-31 16:35:21,4.8,1130,4
3464,FM9549,,16:10:00,19:35:00,2020-01-01 14:19:07,6.7,1550,3
3546,FM9549,,16:10:00,19:35:00,2020-01-02 14:16:52,6.7,1550,2
3610,FM9549,,16:10:00,19:35:00,2020-01-03 16:27:02,6.7,1560,1
3632,FM9549,,16:10:00,19:35:00,2020-01-04 16:20:32,7.4,1720,0
1501,HO1057,,22:35:00,02:15:00,2019-11-20 16:15:02,5.8,1240,45
1555,HO1057,,22:35:00,02:15:00,2019-11-21 16:06:46,6.0,1270,44
1609,HO1057,,22:35:00,02:15:00,2019-11-22 15:46:21,5.8,1240,43
1645,HO1057,,22:35:00,02:15:00,2019-11-23 15:48:24,5.8,1240,42
1706,HO1057,,22:35:00,02:15:00,2019-11-24 15:22:19,5.8,1240,41
1747,HO1057,,22:35:00,02:15:00,2019-11-25 15:18:21,5.8,1240,40
1794,HO1057,,22:35:00,02:15:00,2019-11-26 14:46:54,6.0,1270,39
1863,HO1057,,22:35:00,02:15:00,2019-11-27 16:36:04,5.8,1240,38
1884,HO1057,,22:35:00,02:15:00,2019-11-28 15:43:42,5.8,1240,37
1933,HO1057,,22:35:00,02:15:00,2019-11-29 15:13:46,5.8,1240,36
1994,HO1057,,22:35:00,02:15:00,2019-11-30 14:38:52,5.8,1240,35
2029,HO1057,,22:35:00,02:15:00,2019-12-01 14:23:37,5.8,1240,34
2090,HO1057,,22:35:00,02:15:00,2019-12-02 14:54:24,5.8,1240,33
2118,HO1057,,22:35:00,02:15:00,2019-12-03 14:50:04,5.8,1240,32
2189,HO1057,,22:35:00,02:15:00,2019-12-04 14:50:24,5.8,1240,31
2233,HO1057,,22:35:00,02:15:00,2019-12-05 14:17:21,6.0,1270,30
2281,HO1057,,22:35:00,02:15:00,2019-12-06 15:19:09,5.8,1240,29
2329,HO1057,,22:35:00,02:15:00,2019-12-07 14:41:45,5.8,1240,28
2377,HO1057,,22:35:00,02:15:00,2019-12-08 15:47:35,5.8,1240,27
2417,HO1057,,22:35:00,02:15:00,2019-12-09 15:30:53,5.8,1240,26
2461,HO1057,,22:35:00,02:15:00,2019-12-11 16:16:58,5.8,1240,24
2508,HO1057,,22:35:00,02:15:00,2019-12-12 14:19:32,5.8,1240,23
2571,HO1057,,22:35:00,02:15:00,2019-12-13 15:40:20,3.6,760,22
2617,HO1057,,22:35:00,02:15:00,2019-12-14 16:49:00,4.1,870,21
2666,HO1057,,22:35:00,02:15:00,2019-12-15 14:23:57,4.1,870,20
2714,HO1057,,22:35:00,02:15:00,2019-12-16 14:50:59,4.1,870,19
2762,HO1057,,22:35:00,02:15:00,2019-12-17 15:41:30,4.1,860,18
2797,HO1057,,22:35:00,02:15:00,2019-12-18 16:37:34,4.1,860,17
2846,HO1057,,22:35:00,02:15:00,2019-12-19 14:42:53,4.1,860,16
2896,HO1057,,22:35:00,02:15:00,2019-12-20 13:18:54,4.1,860,15
2945,HO1057,,22:35:00,02:15:00,2019-12-21 18:15:46,4.1,860,14
2993,HO1057,,22:35:00,02:15:00,2019-12-22 16:59:10,4.1,860,13
3043,HO1057,,22:35:00,02:15:00,2019-12-23 14:59:49,4.1,860,12
3102,HO1057,,22:35:00,02:15:00,2019-12-24 15:36:36,4.1,860,11
3158,HO1057,,22:35:00,02:15:00,2019-12-25 15:43:21,4.1,860,10
3184,HO1057,,22:35:00,02:15:00,2019-12-26 15:31:03,4.1,860,9
3265,HO1057,,22:35:00,02:15:00,2019-12-27 12:54:03,4.1,860,8
3314,HO1057,,22:35:00,02:15:00,2019-12-28 16:14:41,4.1,879,7
3365,HO1057,,22:35:00,02:15:00,2019-12-29 14:16:36,4.1,860,6
3395,HO1057,,22:35:00,02:15:00,2019-12-30 15:32:22,3.6,753,5
3435,HO1057,,22:35:00,02:15:00,2019-12-31 16:35:21,3.6,762,4
3483,HO1057,,22:35:00,02:15:00,2020-01-01 14:19:07,3.1,663,3
3517,HO1057,,22:35:00,02:15:00,2020-01-02 14:16:52,3.6,755,2
3581,HO1057,,22:35:00,02:15:00,2020-01-03 16:27:02,4.1,860,1
3630,HO1057,,22:35:00,02:15:00,2020-01-04 16:20:32,5.0,1070,0
3664,HO1057,,22:35:00,02:15:00,2020-01-05 16:37:50,6.0,1270,0
1508,HO1097,,09:50:00,13:10:00,2019-11-20 16:15:02,7.1,1510,45
1563,HO1097,,09:50:00,13:10:00,2019-11-21 16:06:46,7.1,1510,44
1601,HO1097,,09:50:00,13:10:00,2019-11-22 15:46:21,7.1,1510,43
1653,HO1097,,09:50:00,13:10:00,2019-11-23 15:48:24,7.1,1510,42
1698,HO1097,,09:50:00,13:10:00,2019-11-24 15:22:19,7.1,1510,41
1755,HO1097,,09:50:00,13:10:00,2019-11-25 15:18:21,7.1,1510,40
1787,HO1097,,09:50:00,13:10:00,2019-11-26 14:46:54,7.1,1510,39
1855,HO1097,,09:50:00,13:10:00,2019-11-27 16:36:04,7.1,1510,38
1892,HO1097,,09:50:00,13:10:00,2019-11-28 15:43:42,7.0,1490,37
1920,HO1097,,09:50:00,13:10:00,2019-11-29 15:13:46,7.1,1510,36
1986,HO1097,,09:50:00,13:10:00,2019-11-30 14:38:52,7.1,1510,35
2037,HO1097,,09:50:00,13:10:00,2019-12-01 14:23:37,7.1,1510,34
2081,HO1097,,09:50:00,13:10:00,2019-12-02 14:54:24,7.1,1510,33
2110,HO1097,,09:50:00,13:10:00,2019-12-03 14:50:04,7.0,1490,32
2197,HO1097,,09:50:00,13:10:00,2019-12-04 14:50:24,7.1,1510,31
2225,HO1097,,09:50:00,13:10:00,2019-12-05 14:17:21,7.1,1510,30
2273,HO1097,,09:50:00,13:10:00,2019-12-06 15:19:09,7.1,1510,29
2321,HO1097,,09:50:00,13:10:00,2019-12-07 14:41:45,7.1,1510,28
2369,HO1097,,09:50:00,13:10:00,2019-12-08 15:47:35,7.1,1510,27
2425,HO1097,,09:50:00,13:10:00,2019-12-09 15:30:53,7.0,1490,26
2443,HO1097,,09:50:00,13:10:00,2019-12-11 16:16:58,7.1,1510,24
2500,HO1097,,09:50:00,13:10:00,2019-12-12 14:19:32,7.0,1490,23
2562,HO1097,,09:50:00,13:10:00,2019-12-13 15:40:20,7.1,1510,22
2609,HO1097,,09:50:00,13:10:00,2019-12-14 16:49:00,7.1,1510,21
2658,HO1097,,09:50:00,13:10:00,2019-12-15 14:23:57,7.1,1510,20
2706,HO1097,,09:50:00,13:10:00,2019-12-16 14:50:59,7.1,1510,19
2754,HO1097,,09:50:00,13:10:00,2019-12-17 15:41:30,7.0,1490,18
2813,HO1097,,09:50:00,13:10:00,2019-12-18 16:37:34,5.0,1070,17
2862,HO1097,,09:50:00,13:10:00,2019-12-19 14:42:53,5.0,1070,16
2913,HO1097,,09:50:00,13:10:00,2019-12-20 13:18:54,5.0,1070,15
2960,HO1097,,09:50:00,13:10:00,2019-12-21 18:15:46,5.0,1070,14
3009,HO1097,,09:50:00,13:10:00,2019-12-22 16:59:10,5.0,1070,13
3059,HO1097,,09:50:00,13:10:00,2019-12-23 14:59:49,5.0,1070,12
3086,HO1097,,09:50:00,13:10:00,2019-12-24 15:36:36,5.0,1070,11
3130,HO1097,,09:50:00,13:10:00,2019-12-25 15:43:21,5.0,1070,10
3209,HO1097,,09:50:00,13:10:00,2019-12-26 15:31:03,5.0,1070,9
3249,HO1097,,09:50:00,13:10:00,2019-12-27 12:54:03,5.0,1070,8
3298,HO1097,,09:50:00,13:10:00,2019-12-28 16:14:41,5.0,1070,7
3350,HO1097,,09:50:00,13:10:00,2019-12-29 14:16:36,4.6,970,6
3379,HO1097,,09:50:00,13:10:00,2019-12-30 15:32:22,3.6,756,5
3450,HO1097,,09:50:00,13:10:00,2019-12-31 16:35:21,4.1,860,4
3500,HO1097,,09:50:00,13:10:00,2020-01-01 14:19:07,5.0,1070,3
3533,HO1097,,09:50:00,13:10:00,2020-01-02 14:16:52,5.0,1070,2
3597,HO1097,,09:50:00,13:10:00,2020-01-03 16:27:02,7.0,1490,1
3645,HO1097,,09:50:00,13:10:00,2020-01-04 16:20:32,7.0,1490,0
1489,HO1119,,08:05:00,11:35:00,2019-11-20 16:15:02,7.1,1510,45
1543,HO1119,,08:05:00,11:35:00,2019-11-21 16:06:46,7.1,1510,44
1580,HO1119,,08:05:00,11:35:00,2019-11-22 15:46:21,7.1,1510,43
1633,HO1119,,08:05:00,11:35:00,2019-11-23 15:48:24,7.1,1510,42
1718,HO1119,,08:05:00,11:35:00,2019-11-24 15:22:19,7.1,1510,41
1735,HO1119,,08:05:00,11:35:00,2019-11-25 15:18:21,7.1,1510,40
1806,HO1119,,08:05:00,11:35:00,2019-11-26 14:46:54,7.1,1510,39
1820,HO1119,,08:05:00,11:35:00,2019-11-27 16:36:04,7.1,1510,38
1873,HO1119,,08:05:00,11:35:00,2019-11-28 15:43:42,7.0,1490,37
1932,HO1119,,08:05:00,11:35:00,2019-11-29 15:13:46,7.1,1510,36
2005,HO1119,,08:05:00,11:35:00,2019-11-30 14:38:52,7.1,1510,35
2017,HO1119,,08:05:00,11:35:00,2019-12-01 14:23:37,7.1,1510,34
2089,HO1119,,08:05:00,11:35:00,2019-12-02 14:54:24,7.1,1510,33
2130,HO1119,,08:05:00,11:35:00,2019-12-03 14:50:04,7.0,1490,32
2176,HO1119,,08:05:00,11:35:00,2019-12-04 14:50:24,7.1,1510,31
2245,HO1119,,08:05:00,11:35:00,2019-12-05 14:17:21,7.1,1510,30
2293,HO1119,,08:05:00,11:35:00,2019-12-06 15:19:09,7.1,1510,29
2341,HO1119,,08:05:00,11:35:00,2019-12-07 14:41:45,7.1,1510,28
2389,HO1119,,08:05:00,11:35:00,2019-12-08 15:47:35,7.1,1510,27
2405,HO1119,,08:05:00,11:35:00,2019-12-09 15:30:53,7.0,1490,26
2449,HO1119,,08:05:00,11:35:00,2019-12-11 16:16:58,7.1,1510,24
2519,HO1119,,08:05:00,11:35:00,2019-12-12 14:19:32,7.0,1490,23
2583,HO1119,,08:05:00,11:35:00,2019-12-13 15:40:20,3.6,760,22
2629,HO1119,,08:05:00,11:35:00,2019-12-14 16:49:00,4.1,870,21
2678,HO1119,,08:05:00,11:35:00,2019-12-15 14:23:57,4.1,870,20
2725,HO1119,,08:05:00,11:35:00,2019-12-16 14:50:59,4.1,870,19
2775,HO1119,,08:05:00,11:35:00,2019-12-17 15:41:30,4.1,860,18
2821,HO1119,,08:05:00,11:35:00,2019-12-18 16:37:34,5.0,1070,17
2870,HO1119,,08:05:00,11:35:00,2019-12-19 14:42:53,5.0,1070,16
2921,HO1119,,08:05:00,11:35:00,2019-12-20 13:18:54,5.0,1070,15
2968,HO1119,,08:05:00,11:35:00,2019-12-21 18:15:46,4.1,860,14
3017,HO1119,,08:05:00,11:35:00,2019-12-22 16:59:10,5.0,1070,13
3067,HO1119,,08:05:00,11:35:00,2019-12-23 14:59:49,5.0,1070,12
3078,HO1119,,08:05:00,11:35:00,2019-12-24 15:36:36,4.6,970,11
3122,HO1119,,08:05:00,11:35:00,2019-12-25 15:43:21,4.6,970,10
3192,HO1119,,08:05:00,11:35:00,2019-12-26 15:31:03,4.6,970,9
3241,HO1119,,08:05:00,11:35:00,2019-12-27 12:54:03,4.6,970,8
3290,HO1119,,08:05:00,11:35:00,2019-12-28 16:14:41,4.6,970,7
3342,HO1119,,08:05:00,11:35:00,2019-12-29 14:16:36,4.6,970,6
3371,HO1119,,08:05:00,11:35:00,2019-12-30 15:32:22,3.6,771,5
3458,HO1119,,08:05:00,11:35:00,2019-12-31 16:35:21,4.1,860,4
3508,HO1119,,08:05:00,11:35:00,2020-01-01 14:19:07,5.0,1070,3
3541,HO1119,,08:05:00,11:35:00,2020-01-02 14:16:52,5.0,1070,2
3605,HO1119,,08:05:00,11:35:00,2020-01-03 16:27:02,7.0,1490,1
3637,HO1119,,08:05:00,11:35:00,2020-01-04 16:20:32,7.0,1490,0
1504,HO3733,MU2219,12:05:00,15:35:00,2019-11-20 16:15:02,6.3,1340,45
1558,HO3733,MU2219,12:05:00,15:35:00,2019-11-21 16:06:46,6.3,1340,44
1606,HO3733,MU2219,12:05:00,15:35:00,2019-11-22 15:46:21,6.3,1340,43
1648,HO3733,MU2219,12:05:00,15:35:00,2019-11-23 15:48:24,6.3,1340,42
1703,HO3733,MU2219,12:05:00,15:35:00,2019-11-24 15:22:19,6.3,1340,41
1750,HO3733,MU2219,12:05:00,15:35:00,2019-11-25 15:18:21,6.3,1340,40
1791,HO3733,MU2219,12:05:00,15:35:00,2019-11-26 14:46:54,6.3,1340,39
1860,HO3733,MU2219,12:05:00,15:35:00,2019-11-27 16:36:04,6.3,1340,38
1887,HO3733,MU2219,12:05:00,15:35:00,2019-11-28 15:43:42,6.3,1340,37
1925,HO3733,MU2219,12:05:00,15:35:00,2019-11-29 15:13:46,6.3,1340,36
1991,HO3733,MU2219,12:05:00,15:35:00,2019-11-30 14:38:52,6.3,1340,35
2032,HO3733,MU2219,12:05:00,15:35:00,2019-12-01 14:23:37,6.3,1340,34
2086,HO3733,MU2219,12:05:00,15:35:00,2019-12-02 14:54:24,6.3,1340,33
2115,HO3733,MU2219,12:05:00,15:35:00,2019-12-03 14:50:04,6.3,1340,32
2192,HO3733,MU2219,12:05:00,15:35:00,2019-12-04 14:50:24,6.3,1340,31
2230,HO3733,MU2219,12:05:00,15:35:00,2019-12-05 14:17:21,6.3,1340,30
2278,HO3733,MU2219,12:05:00,15:35:00,2019-12-06 15:19:09,4.3,920,29
2326,HO3733,MU2219,12:05:00,15:35:00,2019-12-07 14:41:45,4.3,920,28
2374,HO3733,MU2219,12:05:00,15:35:00,2019-12-08 15:47:35,4.3,920,27
2420,HO3733,MU2219,12:05:00,15:35:00,2019-12-09 15:30:53,4.3,920,26
2464,HO3733,MU2219,12:05:00,15:35:00,2019-12-11 16:16:58,5.3,1120,24
2505,HO3733,MU2219,12:05:00,15:35:00,2019-12-12 14:19:32,5.3,1120,23
2568,HO3733,MU2219,12:05:00,15:35:00,2019-12-13 15:40:20,5.3,1120,22
2614,HO3733,MU2219,12:05:00,15:35:00,2019-12-14 16:49:00,6.3,1340,21
2663,HO3733,MU2219,12:05:00,15:35:00,2019-12-15 14:23:57,6.3,1340,20
2711,HO3733,MU2219,12:05:00,15:35:00,2019-12-16 14:50:59,6.3,1340,19
2759,HO3733,MU2219,12:05:00,15:35:00,2019-12-17 15:41:30,6.3,1340,18
2794,HO3733,MU2219,12:05:00,15:35:00,2019-12-18 16:37:34,6.3,1340,17
2843,HO3733,MU2219,12:05:00,15:35:00,2019-12-19 14:42:53,6.3,1340,16
2893,HO3733,MU2219,12:05:00,15:35:00,2019-12-20 13:18:54,6.3,1340,15
2942,HO3733,MU2219,12:05:00,15:35:00,2019-12-21 18:15:46,7.0,1480,14
2990,HO3733,MU2219,12:05:00,15:35:00,2019-12-22 16:59:10,6.3,1340,13
3040,HO3733,MU2219,12:05:00,15:35:00,2019-12-23 14:59:49,7.0,1480,12
3105,HO3733,MU2219,12:05:00,15:35:00,2019-12-24 15:36:36,8.1,1710,11
3155,HO3733,MU2219,12:05:00,15:35:00,2019-12-25 15:43:21,8.1,1710,10
3181,HO3733,MU2219,12:05:00,15:35:00,2019-12-26 15:31:03,8.1,1710,9
3267,HO3733,MU2219,12:05:00,15:35:00,2019-12-27 12:54:03,7.3,1710,8
3268,HO3733,MU2219,12:05:00,15:35:00,2019-12-28 16:14:41,7.3,1710,7
3320,HO3733,MU2219,12:05:00,15:35:00,2019-12-29 14:16:36,7.3,1710,6
3398,HO3733,MU2219,12:05:00,15:35:00,2019-12-30 15:32:22,7.3,1710,5
3432,HO3733,MU2219,12:05:00,15:35:00,2019-12-31 16:35:21,9.8,2295,4
3488,HO3733,MU2219,12:05:00,15:35:00,2020-01-01 14:19:07,9.8,2295,3
3514,HO3733,MU2219,12:05:00,15:35:00,2020-01-02 14:16:52,9.8,2295,2
3577,HO3733,MU2219,12:05:00,15:35:00,2020-01-03 16:27:02,9.8,2295,1
3628,HO3733,MU2219,12:05:00,15:35:00,2020-01-04 16:20:32,9.8,2295,0
1500,HO3740,MU5411,21:15:00,00:45:00,2019-11-20 16:15:02,4.3,920,45
1554,HO3740,MU5411,21:15:00,00:45:00,2019-11-21 16:06:46,4.3,920,44
1610,HO3740,MU5411,21:15:00,00:45:00,2019-11-22 15:46:21,4.3,920,43
1644,HO3740,MU5411,21:15:00,00:45:00,2019-11-23 15:48:24,4.3,920,42
1707,HO3740,MU5411,21:15:00,00:45:00,2019-11-24 15:22:19,4.3,920,41
1746,HO3740,MU5411,21:15:00,00:45:00,2019-11-25 15:18:21,4.3,920,40
1795,HO3740,MU5411,21:15:00,00:45:00,2019-11-26 14:46:54,4.3,920,39
1864,HO3740,MU5411,21:15:00,00:45:00,2019-11-27 16:36:04,4.3,920,38
1883,HO3740,MU5411,21:15:00,00:45:00,2019-11-28 15:43:42,3.5,743,37
1962,HO3740,MU5411,21:15:00,00:45:00,2019-11-29 15:13:46,3.5,735,36
1995,HO3740,MU5411,21:15:00,00:45:00,2019-11-30 14:38:52,3.5,735,35
2028,HO3740,MU5411,21:15:00,00:45:00,2019-12-01 14:23:37,3.5,735,34
2091,HO3740,MU5411,21:15:00,00:45:00,2019-12-02 14:54:24,4.3,920,33
2119,HO3740,MU5411,21:15:00,00:45:00,2019-12-03 14:50:04,4.3,920,32
2188,HO3740,MU5411,21:15:00,00:45:00,2019-12-04 14:50:24,4.3,920,31
2234,HO3740,MU5411,21:15:00,00:45:00,2019-12-05 14:17:21,4.3,920,30
2282,HO3740,MU5411,21:15:00,00:45:00,2019-12-06 15:19:09,3.0,640,29
2330,HO3740,MU5411,21:15:00,00:45:00,2019-12-07 14:41:45,3.0,640,28
2378,HO3740,MU5411,21:15:00,00:45:00,2019-12-08 15:47:35,3.5,735,27
2416,HO3740,MU5411,21:15:00,00:45:00,2019-12-09 15:30:53,4.3,920,26
2460,HO3740,MU5411,21:15:00,00:45:00,2019-12-11 16:16:58,4.8,1020,24
2509,HO3740,MU5411,21:15:00,00:45:00,2019-12-12 14:19:32,3.8,815,23
2572,HO3740,MU5411,21:15:00,00:45:00,2019-12-13 15:40:20,4.8,1020,22
2618,HO3740,MU5411,21:15:00,00:45:00,2019-12-14 16:49:00,4.8,1020,21
2667,HO3740,MU5411,21:15:00,00:45:00,2019-12-15 14:23:57,4.8,1020,20
2715,HO3740,MU5411,21:15:00,00:45:00,2019-12-16 14:50:59,4.8,1020,19
2763,HO3740,MU5411,21:15:00,00:45:00,2019-12-17 15:41:30,4.8,1020,18
2796,HO3740,MU5411,21:15:00,00:45:00,2019-12-18 16:37:34,4.8,1020,17
2845,HO3740,MU5411,21:15:00,00:45:00,2019-12-19 14:42:53,4.8,1020,16
2895,HO3740,MU5411,21:15:00,00:45:00,2019-12-20 13:18:54,4.8,1020,15
2944,HO3740,MU5411,21:15:00,00:45:00,2019-12-21 18:15:46,4.8,1020,14
2992,HO3740,MU5411,21:15:00,00:45:00,2019-12-22 16:59:10,4.8,1020,13
3042,HO3740,MU5411,21:15:00,00:45:00,2019-12-23 14:59:49,4.8,1020,12
3103,HO3740,MU5411,21:15:00,00:45:00,2019-12-24 15:36:36,4.8,1020,11
3157,HO3740,MU5411,21:15:00,00:45:00,2019-12-25 15:43:21,4.8,1020,10
3183,HO3740,MU5411,21:15:00,00:45:00,2019-12-26 15:31:03,4.8,1020,9
3266,HO3740,MU5411,21:15:00,00:45:00,2019-12-27 12:54:03,4.8,1130,8
3315,HO3740,MU5411,21:15:00,00:45:00,2019-12-28 16:14:41,4.8,1130,7
3318,HO3740,MU5411,21:15:00,00:45:00,2019-12-29 14:16:36,4.8,1130,6
3396,HO3740,MU5411,21:15:00,00:45:00,2019-12-30 15:32:22,4.8,1130,5
3434,HO3740,MU5411,21:15:00,00:45:00,2019-12-31 16:35:21,4.8,1130,4
3482,HO3740,MU5411,21:15:00,00:45:00,2020-01-01 14:19:07,6.4,1480,3
3516,HO3740,MU5411,21:15:00,00:45:00,2020-01-02 14:16:52,6.4,1480,2
3579,HO3740,MU5411,21:15:00,00:45:00,2020-01-03 16:27:02,6.4,1480,1
3631,HO3740,MU5411,21:15:00,00:45:00,2020-01-04 16:20:32,4.8,1130,0
3665,HO3740,MU5411,21:15:00,00:45:00,2020-01-05 16:37:50,4.8,1130,0
1511,HO3742,MU5413,19:30:00,22:55:00,2019-11-20 16:15:02,4.3,920,45
1566,HO3742,MU5413,19:30:00,22:55:00,2019-11-21 16:06:46,4.3,920,44
1598,HO3742,MU5413,19:30:00,22:55:00,2019-11-22 15:46:21,4.3,920,43
1656,HO3742,MU5413,19:30:00,22:55:00,2019-11-23 15:48:24,4.3,920,42
1695,HO3742,MU5413,19:30:00,22:55:00,2019-11-24 15:22:19,4.3,920,41
1758,HO3742,MU5413,19:30:00,22:55:00,2019-11-25 15:18:21,4.3,920,40
1784,HO3742,MU5413,19:30:00,22:55:00,2019-11-26 14:46:54,4.3,920,39
1852,HO3742,MU5413,19:30:00,22:55:00,2019-11-27 16:36:04,4.3,920,38
1895,HO3742,MU5413,19:30:00,22:55:00,2019-11-28 15:43:42,4.3,920,37
1917,HO3742,MU5413,19:30:00,22:55:00,2019-11-29 15:13:46,4.3,920,36
1983,HO3742,MU5413,19:30:00,22:55:00,2019-11-30 14:38:52,4.3,920,35
2040,HO3742,MU5413,19:30:00,22:55:00,2019-12-01 14:23:37,4.3,920,34
2078,HO3742,MU5413,19:30:00,22:55:00,2019-12-02 14:54:24,4.3,920,33
2131,HO3742,MU5413,19:30:00,22:55:00,2019-12-03 14:50:04,4.3,920,32
2200,HO3742,MU5413,19:30:00,22:55:00,2019-12-04 14:50:24,4.3,920,31
2222,HO3742,MU5413,19:30:00,22:55:00,2019-12-05 14:17:21,4.3,920,30
2270,HO3742,MU5413,19:30:00,22:55:00,2019-12-06 15:19:09,4.3,920,29
2318,HO3742,MU5413,19:30:00,22:55:00,2019-12-07 14:41:45,4.3,920,28
2366,HO3742,MU5413,19:30:00,22:55:00,2019-12-08 15:47:35,4.3,920,27
2428,HO3742,MU5413,19:30:00,22:55:00,2019-12-09 15:30:53,4.3,920,26
2471,HO3742,MU5413,19:30:00,22:55:00,2019-12-11 16:16:58,4.8,1020,24
2497,HO3742,MU5413,19:30:00,22:55:00,2019-12-12 14:19:32,4.8,1020,23
2559,HO3742,MU5413,19:30:00,22:55:00,2019-12-13 15:40:20,4.8,1020,22
2606,HO3742,MU5413,19:30:00,22:50:00,2019-12-14 16:49:00,4.8,1020,21
2655,HO3742,MU5413,19:30:00,22:50:00,2019-12-15 14:23:57,4.8,1020,20
2703,HO3742,MU5413,19:30:00,22:50:00,2019-12-16 14:50:59,4.8,1020,19
2751,HO3742,MU5413,19:30:00,22:50:00,2019-12-17 15:41:30,4.8,1020,18
2792,HO3742,MU5413,19:30:00,22:50:00,2019-12-18 16:37:34,4.8,1020,17
2841,HO3742,MU5413,19:30:00,22:50:00,2019-12-19 14:42:53,4.8,1020,16
2891,HO3742,MU5413,19:30:00,22:50:00,2019-12-20 13:18:54,4.8,1020,15
2940,HO3742,MU5413,19:30:00,22:50:00,2019-12-21 18:15:46,4.8,1020,14
2988,HO3742,MU5413,19:30:00,22:50:00,2019-12-22 16:59:10,4.8,1020,13
3038,HO3742,MU5413,19:30:00,22:50:00,2019-12-23 14:59:49,4.8,1020,12
3107,HO3742,MU5413,19:30:00,22:50:00,2019-12-24 15:36:36,5.3,1120,11
3153,HO3742,MU5413,19:30:00,22:50:00,2019-12-25 15:43:21,5.3,1120,10
3179,HO3742,MU5413,19:30:00,22:50:00,2019-12-26 15:31:03,5.3,1120,9
3221,HO3742,MU5413,19:30:00,22:50:00,2019-12-27 12:54:03,4.8,1130,8
3270,HO3742,MU5413,19:30:00,22:50:00,2019-12-28 16:14:41,4.8,1130,7
3322,HO3742,MU5413,19:30:00,22:50:00,2019-12-29 14:16:36,4.8,1130,6
3400,HO3742,MU5413,19:30:00,22:50:00,2019-12-30 15:32:22,4.8,1130,5
3430,HO3742,MU5413,19:30:00,22:50:00,2019-12-31 16:35:21,4.8,1130,4
3479,HO3742,MU5413,19:30:00,22:50:00,2020-01-01 14:19:07,6.4,1480,3
3548,HO3742,MU5413,19:30:00,22:50:00,2020-01-02 14:16:52,6.4,1480,2
3575,HO3742,MU5413,19:30:00,22:50:00,2020-01-03 16:27:02,6.4,1480,1
3626,HO3742,MU5413,19:30:00,22:50:00,2020-01-04 16:20:32,6.4,1480,0
3671,HO3742,MU5413,19:30:00,22:50:00,2020-01-05 16:37:50,6.9,1600,0
1517,HO3744,MU5415,20:15:00,23:45:00,2019-11-20 16:15:02,4.3,920,45
1572,HO3744,MU5415,20:15:00,23:45:00,2019-11-21 16:06:46,4.3,920,44
1592,HO3744,MU5415,20:15:00,23:45:00,2019-11-22 15:46:21,4.3,920,43
1661,HO3744,MU5415,20:15:00,23:45:00,2019-11-23 15:48:24,4.3,920,42
1689,HO3744,MU5415,20:15:00,23:45:00,2019-11-24 15:22:19,4.3,920,41
1764,HO3744,MU5415,20:15:00,23:45:00,2019-11-25 15:18:21,4.3,920,40
1778,HO3744,MU5415,20:15:00,23:45:00,2019-11-26 14:46:54,4.3,920,39
1846,HO3744,MU5415,20:15:00,23:45:00,2019-11-27 16:36:04,4.3,920,38
1901,HO3744,MU5415,20:15:00,23:45:00,2019-11-28 15:43:42,3.5,746,37
1948,HO3744,MU5415,20:15:00,23:45:00,2019-11-29 15:13:46,3.5,735,36
1977,HO3744,MU5415,20:15:00,23:45:00,2019-11-30 14:38:52,4.3,920,35
2055,HO3744,MU5415,20:15:00,23:45:00,2019-12-01 14:23:37,4.3,920,34
2072,HO3744,MU5415,20:15:00,23:45:00,2019-12-02 14:54:24,4.3,920,33
2150,HO3744,MU5415,20:15:00,23:45:00,2019-12-03 14:50:04,4.3,920,32
2168,HO3744,MU5415,20:15:00,23:45:00,2019-12-04 14:50:24,4.3,920,31
2216,HO3744,MU5415,20:15:00,23:45:00,2019-12-05 14:17:21,4.3,920,30
2264,HO3744,MU5415,20:15:00,23:45:00,2019-12-06 15:19:09,4.3,920,29
2312,HO3744,MU5415,20:15:00,23:45:00,2019-12-07 14:41:45,4.3,920,28
2360,HO3744,MU5415,20:15:00,23:45:00,2019-12-08 15:47:35,4.3,920,27
2434,HO3744,MU5415,20:15:00,23:45:00,2019-12-09 15:30:53,4.3,920,26
2477,HO3744,MU5415,20:15:00,23:45:00,2019-12-11 16:16:58,4.8,1020,24
2538,HO3744,MU5415,20:15:00,23:45:00,2019-12-12 14:19:32,4.8,1020,23
2553,HO3744,MU5415,20:15:00,23:45:00,2019-12-13 15:40:20,4.8,1020,22
2600,HO3744,MU5415,20:15:00,23:45:00,2019-12-14 16:49:00,4.8,1020,21
2649,HO3744,MU5415,20:15:00,23:45:00,2019-12-15 14:23:57,4.8,1020,20
2697,HO3744,MU5415,20:15:00,23:45:00,2019-12-16 14:50:59,4.8,1020,19
2745,HO3744,MU5415,20:15:00,23:45:00,2019-12-17 15:41:30,4.8,1020,18
2787,HO3744,MU5415,20:15:00,23:45:00,2019-12-18 16:37:34,4.8,1020,17
2836,HO3744,MU5415,20:15:00,23:45:00,2019-12-19 14:42:53,4.8,1020,16
2886,HO3744,MU5415,20:15:00,23:45:00,2019-12-20 13:18:54,4.8,1020,15
2935,HO3744,MU5415,20:15:00,23:45:00,2019-12-21 18:15:46,4.8,1020,14
2983,HO3744,MU5415,20:15:00,23:45:00,2019-12-22 16:59:10,4.8,1020,13
3033,HO3744,MU5415,20:15:00,23:45:00,2019-12-23 14:59:49,4.8,1020,12
3112,HO3744,MU5415,20:15:00,23:45:00,2019-12-24 15:36:36,4.8,1020,11
3148,HO3744,MU5415,20:15:00,23:45:00,2019-12-25 15:43:21,4.8,1020,10
3174,HO3744,MU5415,20:15:00,23:45:00,2019-12-26 15:31:03,4.8,1020,9
3226,HO3744,MU5415,20:15:00,23:45:00,2019-12-27 12:54:03,4.8,1130,8
3275,HO3744,MU5415,20:15:00,23:45:00,2019-12-28 16:14:41,4.8,1130,7
3327,HO3744,MU5415,20:15:00,23:45:00,2019-12-29 14:16:36,4.8,1130,6
3405,HO3744,MU5415,20:15:00,23:45:00,2019-12-30 15:32:22,4.8,1130,5
3425,HO3744,MU5415,20:15:00,23:45:00,2019-12-31 16:35:21,4.8,1130,4
3474,HO3744,MU5415,20:15:00,23:45:00,2020-01-01 14:19:07,6.4,1480,3
3553,HO3744,MU5415,20:15:00,23:45:00,2020-01-02 14:16:52,6.4,1480,2
3570,HO3744,MU5415,20:15:00,23:45:00,2020-01-03 16:27:02,6.4,1480,1
3621,HO3744,MU5415,20:15:00,23:45:00,2020-01-04 16:20:32,4.8,1130,0
3667,HO3744,MU5415,20:15:00,23:45:00,2020-01-05 16:37:50,4.8,1130,0
1512,MU2219,,12:05:00,15:35:00,2019-11-20 16:15:02,5.4,1140,45
1567,MU2219,,12:05:00,15:35:00,2019-11-21 16:06:46,5.4,1140,44
1597,MU2219,,12:05:00,15:35:00,2019-11-22 15:46:21,5.4,1140,43
1627,MU2219,,12:05:00,15:35:00,2019-11-23 15:48:24,5.4,1140,42
1694,MU2219,,12:05:00,15:35:00,2019-11-24 15:22:19,5.4,1140,41
1759,MU2219,,12:05:00,15:35:00,2019-11-25 15:18:21,5.4,1140,40
1783,MU2219,,12:05:00,15:35:00,2019-11-26 14:46:54,5.4,1140,39
1851,MU2219,,12:05:00,15:35:00,2019-11-27 16:36:04,5.4,1140,38
1896,MU2219,,12:05:00,15:35:00,2019-11-28 15:43:42,5.4,1140,37
1916,MU2219,,12:05:00,15:35:00,2019-11-29 15:13:46,5.4,1140,36
1982,MU2219,,12:05:00,15:35:00,2019-11-30 14:38:52,5.4,1140,35
2053,MU2219,,12:05:00,15:35:00,2019-12-01 14:23:37,5.4,1140,34
2077,MU2219,,12:05:00,15:35:00,2019-12-02 14:54:24,5.4,1140,33
2154,MU2219,,12:05:00,15:35:00,2019-12-03 14:50:04,5.4,1140,32
2201,MU2219,,12:05:00,15:35:00,2019-12-04 14:50:24,5.4,1140,31
2221,MU2219,,12:05:00,15:35:00,2019-12-05 14:17:21,5.4,1140,30
2269,MU2219,,12:05:00,15:35:00,2019-12-06 15:19:09,4.4,930,29
2317,MU2219,,12:05:00,15:35:00,2019-12-07 14:41:45,4.4,930,28
2365,MU2219,,12:05:00,15:35:00,2019-12-08 15:47:35,4.4,930,27
2429,MU2219,,12:05:00,15:35:00,2019-12-09 15:30:53,4.4,930,26
2472,MU2219,,12:05:00,15:35:00,2019-12-11 16:16:58,4.9,1140,24
2496,MU2219,,12:05:00,15:35:00,2019-12-12 14:19:32,4.9,1140,23
2558,MU2219,,12:05:00,15:35:00,2019-12-13 15:40:20,4.9,1140,22
2605,MU2219,,12:05:00,15:35:00,2019-12-14 16:49:00,5.4,1260,21
2654,MU2219,,12:05:00,15:35:00,2019-12-15 14:23:57,5.4,1260,20
2702,MU2219,,12:05:00,15:35:00,2019-12-16 14:50:59,5.4,1260,19
2750,MU2219,,12:05:00,15:35:00,2019-12-17 15:41:30,5.4,1260,18
2810,MU2219,,12:05:00,15:35:00,2019-12-18 16:37:34,5.4,1260,17
2859,MU2219,,12:05:00,15:35:00,2019-12-19 14:42:53,5.4,1260,16
2910,MU2219,,12:05:00,15:35:00,2019-12-20 13:18:54,5.4,1260,15
2957,MU2219,,12:05:00,15:35:00,2019-12-21 18:15:46,6.4,1490,14
3006,MU2219,,12:05:00,15:35:00,2019-12-22 16:59:10,5.4,1260,13
3056,MU2219,,12:05:00,15:35:00,2019-12-23 14:59:49,5.4,1260,12
3089,MU2219,,12:05:00,15:35:00,2019-12-24 15:36:36,7.4,1720,11
3133,MU2219,,12:05:00,15:35:00,2019-12-25 15:43:21,7.4,1720,10
3206,MU2219,,12:05:00,15:35:00,2019-12-26 15:31:03,7.4,1720,9
3252,MU2219,,12:05:00,15:35:00,2019-12-27 12:54:03,7.4,1720,8
3301,MU2219,,12:05:00,15:35:00,2019-12-28 16:14:41,7.4,1720,7
3353,MU2219,,12:05:00,15:35:00,2019-12-29 14:16:36,7.4,1720,6
3382,MU2219,,12:05:00,15:35:00,2019-12-30 15:32:22,7.4,1720,5
3447,MU2219,,12:05:00,15:35:00,2019-12-31 16:35:21,9.9,2310,4
3497,MU2219,,12:05:00,15:35:00,2020-01-01 14:19:07,9.9,2310,3
3530,MU2219,,12:05:00,15:35:00,2020-01-02 14:16:52,9.9,2310,2
3594,MU2219,,12:05:00,15:35:00,2020-01-03 16:27:02,9.9,2310,1
3647,MU2219,,12:05:00,15:35:00,2020-01-04 16:20:32,9.9,2310,0
1509,MU4679,HO1119,08:05:00,11:35:00,2019-11-20 16:15:02,8.6,1820,45
1564,MU4679,HO1119,08:05:00,11:35:00,2019-11-21 16:06:46,8.6,1820,44
1600,MU4679,HO1119,08:05:00,11:35:00,2019-11-22 15:46:21,8.6,1820,43
1654,MU4679,HO1119,08:05:00,11:35:00,2019-11-23 15:48:24,8.6,1820,42
1697,MU4679,HO1119,08:05:00,11:35:00,2019-11-24 15:22:19,8.6,1820,41
1756,MU4679,HO1119,08:05:00,11:35:00,2019-11-25 15:18:21,8.6,1820,40
1786,MU4679,HO1119,08:05:00,11:35:00,2019-11-26 14:46:54,8.6,1820,39
1854,MU4679,HO1119,08:05:00,11:35:00,2019-11-27 16:36:04,8.6,1820,38
1893,MU4679,HO1119,08:05:00,11:35:00,2019-11-28 15:43:42,8.6,1820,37
1919,MU4679,HO1119,08:05:00,11:35:00,2019-11-29 15:13:46,8.6,1820,36
1985,MU4679,HO1119,08:05:00,11:35:00,2019-11-30 14:38:52,8.6,1820,35
2038,MU4679,HO1119,08:05:00,11:35:00,2019-12-01 14:23:37,8.6,1820,34
2080,MU4679,HO1119,08:05:00,11:35:00,2019-12-02 14:54:24,8.6,1820,33
2109,MU4679,HO1119,08:05:00,11:35:00,2019-12-03 14:50:04,8.6,1820,32
2198,MU4679,HO1119,08:05:00,11:35:00,2019-12-04 14:50:24,8.6,1820,31
2224,MU4679,HO1119,08:05:00,11:35:00,2019-12-05 14:17:21,8.6,1820,30
2272,MU4679,HO1119,08:05:00,11:35:00,2019-12-06 15:19:09,8.6,1820,29
2320,MU4679,HO1119,08:05:00,11:35:00,2019-12-07 14:41:45,8.6,1820,28
2368,MU4679,HO1119,08:05:00,11:35:00,2019-12-08 15:47:35,8.6,1820,27
2426,MU4679,HO1119,08:05:00,11:35:00,2019-12-09 15:30:53,8.6,1820,26
2469,MU4679,HO1119,08:05:00,11:35:00,2019-12-11 16:16:58,7.8,1820,24
2499,MU4679,HO1119,08:05:00,11:35:00,2019-12-12 14:19:32,7.8,1820,23
2561,MU4679,HO1119,08:05:00,11:35:00,2019-12-13 15:40:20,3.3,760,22
2608,MU4679,HO1119,08:05:00,11:35:00,2019-12-14 16:49:00,3.7,870,21
2657,MU4679,HO1119,08:05:00,11:35:00,2019-12-15 14:23:57,3.7,870,20
2705,MU4679,HO1119,08:05:00,11:35:00,2019-12-16 14:50:59,3.7,870,19
2753,MU4679,HO1119,08:05:00,11:35:00,2019-12-17 15:41:30,3.7,870,18
2812,MU4679,HO1119,08:05:00,11:35:00,2019-12-18 16:37:34,5.5,1290,17
2861,MU4679,HO1119,08:05:00,11:35:00,2019-12-19 14:42:53,5.5,1290,16
2912,MU4679,HO1119,08:05:00,11:35:00,2019-12-20 13:18:54,5.5,1290,15
2959,MU4679,HO1119,08:05:00,11:35:00,2019-12-21 18:15:46,3.7,870,14
3008,MU4679,HO1119,08:05:00,11:35:00,2019-12-22 16:59:10,5.5,1290,13
3058,MU4679,HO1119,08:05:00,11:35:00,2019-12-23 14:59:49,5.5,1290,12
3087,MU4679,HO1119,08:05:00,11:35:00,2019-12-24 15:36:36,4.2,980,11
3131,MU4679,HO1119,08:05:00,11:35:00,2019-12-25 15:43:21,4.2,980,10
3170,MU4679,HO1119,08:05:00,11:35:00,2019-12-26 15:31:03,4.2,980,9
3250,MU4679,HO1119,08:05:00,11:35:00,2019-12-27 12:54:03,4.2,980,8
3299,MU4679,HO1119,08:05:00,11:35:00,2019-12-28 16:14:41,4.2,980,7
3351,MU4679,HO1119,08:05:00,11:35:00,2019-12-29 14:16:36,4.2,980,6
3380,MU4679,HO1119,08:05:00,11:35:00,2019-12-30 15:32:22,3.3,760,5
3449,MU4679,HO1119,08:05:00,11:35:00,2019-12-31 16:35:21,3.7,870,4
3499,MU4679,HO1119,08:05:00,11:35:00,2020-01-01 14:19:07,5.5,1290,3
3532,MU4679,HO1119,08:05:00,11:35:00,2020-01-02 14:16:52,5.5,1290,2
3596,MU4679,HO1119,08:05:00,11:35:00,2020-01-03 16:27:02,7.8,1820,1
3646,MU4679,HO1119,08:05:00,11:35:00,2020-01-04 16:20:32,7.8,1820,0
1510,MU4681,HO1057,22:35:00,02:15:00,2019-11-20 16:15:02,6.1,1290,45
1565,MU4681,HO1057,22:35:00,02:15:00,2019-11-21 16:06:46,6.1,1290,44
1599,MU4681,HO1057,22:35:00,02:15:00,2019-11-22 15:46:21,6.1,1290,43
1655,MU4681,HO1057,22:35:00,02:15:00,2019-11-23 15:48:24,6.1,1290,42
1696,MU4681,HO1057,22:35:00,02:15:00,2019-11-24 15:22:19,6.1,1290,41
1757,MU4681,HO1057,22:35:00,02:15:00,2019-11-25 15:18:21,6.1,1290,40
1785,MU4681,HO1057,22:35:00,02:15:00,2019-11-26 14:46:54,6.1,1290,39
1853,MU4681,HO1057,22:35:00,02:15:00,2019-11-27 16:36:04,6.1,1290,38
1894,MU4681,HO1057,22:35:00,02:15:00,2019-11-28 15:43:42,6.1,1290,37
1918,MU4681,HO1057,22:35:00,02:15:00,2019-11-29 15:13:46,6.1,1290,36
1984,MU4681,HO1057,22:35:00,02:15:00,2019-11-30 14:38:52,6.1,1290,35
2039,MU4681,HO1057,22:35:00,02:15:00,2019-12-01 14:23:37,6.1,1290,34
2079,MU4681,HO1057,22:35:00,02:15:00,2019-12-02 14:54:24,6.1,1290,33
2108,MU4681,HO1057,22:35:00,02:15:00,2019-12-03 14:50:04,6.1,1290,32
2199,MU4681,HO1057,22:35:00,02:15:00,2019-12-04 14:50:24,6.1,1290,31
2223,MU4681,HO1057,22:35:00,02:15:00,2019-12-05 14:17:21,6.1,1290,30
2271,MU4681,HO1057,22:35:00,02:15:00,2019-12-06 15:19:09,6.1,1290,29
2319,MU4681,HO1057,22:35:00,02:15:00,2019-12-07 14:41:45,6.1,1290,28
2367,MU4681,HO1057,22:35:00,02:15:00,2019-12-08 15:47:35,6.1,1290,27
2427,MU4681,HO1057,22:35:00,02:15:00,2019-12-09 15:30:53,6.1,1290,26
2470,MU4681,HO1057,22:35:00,02:15:00,2019-12-11 16:16:58,5.5,1290,24
2498,MU4681,HO1057,22:35:00,02:15:00,2019-12-12 14:19:32,5.5,1290,23
2560,MU4681,HO1057,22:35:00,02:15:00,2019-12-13 15:40:20,3.3,760,22
2607,MU4681,HO1057,22:35:00,02:15:00,2019-12-14 16:49:00,3.7,870,21
2656,MU4681,HO1057,22:35:00,02:15:00,2019-12-15 14:23:57,3.7,870,20
2704,MU4681,HO1057,22:35:00,02:15:00,2019-12-16 14:50:59,3.7,870,19
2752,MU4681,HO1057,22:35:00,02:15:00,2019-12-17 15:41:30,3.7,870,18
2811,MU4681,HO1057,22:35:00,02:15:00,2019-12-18 16:37:34,3.7,870,17
2860,MU4681,HO1057,22:35:00,02:15:00,2019-12-19 14:42:53,3.7,870,16
2911,MU4681,HO1057,22:35:00,02:15:00,2019-12-20 13:18:54,3.7,870,15
2958,MU4681,HO1057,22:35:00,02:15:00,2019-12-21 18:15:46,3.7,870,14
3007,MU4681,HO1057,22:35:00,02:15:00,2019-12-22 16:59:10,3.7,870,13
3057,MU4681,HO1057,22:35:00,02:15:00,2019-12-23 14:59:49,3.7,870,12
3088,MU4681,HO1057,22:35:00,02:15:00,2019-12-24 15:36:36,3.7,870,11
3132,MU4681,HO1057,22:35:00,02:15:00,2019-12-25 15:43:21,3.7,870,10
3207,MU4681,HO1057,22:35:00,02:15:00,2019-12-26 15:31:03,3.7,870,9
3251,MU4681,HO1057,22:35:00,02:15:00,2019-12-27 12:54:03,3.7,870,8
3300,MU4681,HO1057,22:35:00,02:15:00,2019-12-28 16:14:41,3.7,870,7
3352,MU4681,HO1057,22:35:00,02:15:00,2019-12-29 14:16:36,3.7,870,6
3381,MU4681,HO1057,22:35:00,02:15:00,2019-12-30 15:32:22,3.3,760,5
3448,MU4681,HO1057,22:35:00,02:15:00,2019-12-31 16:35:21,3.3,760,4
3498,MU4681,HO1057,22:35:00,02:15:00,2020-01-01 14:19:07,2.8,660,3
3531,MU4681,HO1057,22:35:00,02:15:00,2020-01-02 14:16:52,3.3,760,2
3595,MU4681,HO1057,22:35:00,02:15:00,2020-01-03 16:27:02,3.7,870,1
3611,MU4681,HO1057,22:35:00,02:15:00,2020-01-04 16:20:32,5.5,1290,0
3674,MU4681,HO1057,22:35:00,02:15:00,2020-01-05 16:37:50,5.5,1290,0
1507,MU4683,HO1097,09:50:00,13:10:00,2019-11-20 16:15:02,8.6,1820,45
1562,MU4683,HO1097,09:50:00,13:10:00,2019-11-21 16:06:46,8.6,1820,44
1602,MU4683,HO1097,09:50:00,13:10:00,2019-11-22 15:46:21,8.6,1820,43
1652,MU4683,HO1097,09:50:00,13:10:00,2019-11-23 15:48:24,8.6,1820,42
1699,MU4683,HO1097,09:50:00,13:10:00,2019-11-24 15:22:19,8.6,1820,41
1754,MU4683,HO1097,09:50:00,13:10:00,2019-11-25 15:18:21,8.6,1820,40
1788,MU4683,HO1097,09:50:00,13:10:00,2019-11-26 14:46:54,8.6,1820,39
1856,MU4683,HO1097,09:50:00,13:10:00,2019-11-27 16:36:04,8.6,1820,38
1891,MU4683,HO1097,09:50:00,13:10:00,2019-11-28 15:43:42,8.6,1820,37
1921,MU4683,HO1097,09:50:00,13:10:00,2019-11-29 15:13:46,8.6,1820,36
1987,MU4683,HO1097,09:50:00,13:10:00,2019-11-30 14:38:52,8.6,1820,35
2036,MU4683,HO1097,09:50:00,13:10:00,2019-12-01 14:23:37,8.6,1820,34
2082,MU4683,HO1097,09:50:00,13:10:00,2019-12-02 14:54:24,8.6,1820,33
2111,MU4683,HO1097,09:50:00,13:10:00,2019-12-03 14:50:04,8.6,1820,32
2196,MU4683,HO1097,09:50:00,13:10:00,2019-12-04 14:50:24,8.6,1820,31
2226,MU4683,HO1097,09:50:00,13:10:00,2019-12-05 14:17:21,8.6,1820,30
2274,MU4683,HO1097,09:50:00,13:10:00,2019-12-06 15:19:09,8.6,1820,29
2322,MU4683,HO1097,09:50:00,13:10:00,2019-12-07 14:41:45,8.6,1820,28
2370,MU4683,HO1097,09:50:00,13:10:00,2019-12-08 15:47:35,8.6,1820,27
2424,MU4683,HO1097,09:50:00,13:10:00,2019-12-09 15:30:53,8.6,1820,26
2468,MU4683,HO1097,09:50:00,13:10:00,2019-12-11 16:16:58,7.8,1820,24
2501,MU4683,HO1097,09:50:00,13:10:00,2019-12-12 14:19:32,7.8,1820,23
2564,MU4683,HO1097,09:50:00,13:10:00,2019-12-13 15:40:20,7.8,1820,22
2610,MU4683,HO1097,09:50:00,13:10:00,2019-12-14 16:49:00,7.8,1820,21
2659,MU4683,HO1097,09:50:00,13:10:00,2019-12-15 14:23:57,7.8,1820,20
2707,MU4683,HO1097,09:50:00,13:10:00,2019-12-16 14:50:59,7.8,1820,19
2755,MU4683,HO1097,09:50:00,13:10:00,2019-12-17 15:41:30,7.8,1820,18
2815,MU4683,HO1097,09:50:00,13:10:00,2019-12-18 16:37:34,7.8,1820,17
2864,MU4683,HO1097,09:50:00,13:10:00,2019-12-19 14:42:53,7.8,1820,16
2915,MU4683,HO1097,09:50:00,13:10:00,2019-12-20 13:18:54,7.8,1820,15
2962,MU4683,HO1097,09:50:00,13:10:00,2019-12-21 18:15:46,7.8,1820,14
3011,MU4683,HO1097,09:50:00,13:10:00,2019-12-22 16:59:10,7.8,1820,13
3061,MU4683,HO1097,09:50:00,13:10:00,2019-12-23 14:59:49,7.8,1820,12
3084,MU4683,HO1097,09:50:00,13:10:00,2019-12-24 15:36:36,7.8,1820,11
3128,MU4683,HO1097,09:50:00,13:10:00,2019-12-25 15:43:21,7.8,1820,10
3211,MU4683,HO1097,09:50:00,13:10:00,2019-12-26 15:31:03,7.8,1820,9
3247,MU4683,HO1097,09:50:00,13:10:00,2019-12-27 12:54:03,7.8,1820,8
3296,MU4683,HO1097,09:50:00,13:10:00,2019-12-28 16:14:41,7.8,1820,7
3348,MU4683,HO1097,09:50:00,13:10:00,2019-12-29 14:16:36,4.2,980,6
3377,MU4683,HO1097,09:50:00,13:10:00,2019-12-30 15:32:22,3.3,760,5
3452,MU4683,HO1097,09:50:00,13:10:00,2019-12-31 16:35:21,3.7,870,4
3502,MU4683,HO1097,09:50:00,13:10:00,2020-01-01 14:19:07,5.5,1290,3
3535,MU4683,HO1097,09:50:00,13:10:00,2020-01-02 14:16:52,5.5,1290,2
3599,MU4683,HO1097,09:50:00,13:10:00,2020-01-03 16:27:02,7.8,1820,1
3643,MU4683,HO1097,09:50:00,13:10:00,2020-01-04 16:20:32,7.8,1820,0
1499,MU5401,,08:00:00,11:30:00,2019-11-20 16:15:02,5.4,1140,45
1553,MU5401,,08:00:00,11:30:00,2019-11-21 16:06:46,5.4,1140,44
1611,MU5401,,08:00:00,11:30:00,2019-11-22 15:46:21,5.4,1140,43
1643,MU5401,,08:00:00,11:30:00,2019-11-23 15:48:24,5.4,1140,42
1708,MU5401,,08:00:00,11:30:00,2019-11-24 15:22:19,5.4,1140,41
1745,MU5401,,08:00:00,11:30:00,2019-11-25 15:18:21,5.4,1140,40
1796,MU5401,,08:00:00,11:30:00,2019-11-26 14:46:54,5.4,1140,39
1865,MU5401,,08:00:00,11:30:00,2019-11-27 16:36:04,5.4,1140,38
1882,MU5401,,08:00:00,11:30:00,2019-11-28 15:43:42,5.4,1140,37
1943,MU5401,,08:00:00,11:30:00,2019-11-29 15:13:46,4.9,1040,36
1996,MU5401,,08:00:00,11:30:00,2019-11-30 14:38:52,4.9,1040,35
2027,MU5401,,08:00:00,11:30:00,2019-12-01 14:23:37,4.9,1040,34
2092,MU5401,,08:00:00,11:30:00,2019-12-02 14:54:24,4.4,930,33
2120,MU5401,,08:00:00,11:30:00,2019-12-03 14:50:04,4.4,930,32
2187,MU5401,,08:00:00,11:30:00,2019-12-04 14:50:24,3.5,740,31
2235,MU5401,,08:00:00,11:30:00,2019-12-05 14:17:21,3.5,740,30
2283,MU5401,,08:00:00,11:30:00,2019-12-06 15:19:09,4.4,930,29
2331,MU5401,,08:00:00,11:30:00,2019-12-07 14:41:45,4.4,930,28
2379,MU5401,,08:00:00,11:30:00,2019-12-08 15:47:35,4.4,930,27
2415,MU5401,,08:00:00,11:30:00,2019-12-09 15:30:53,4.4,930,26
2459,MU5401,,08:00:00,11:30:00,2019-12-11 16:16:58,4.4,1030,24
2510,MU5401,,08:00:00,11:30:00,2019-12-12 14:19:32,4.4,1030,23
2573,MU5401,,08:00:00,11:30:00,2019-12-13 15:40:20,4.4,1030,22
2619,MU5401,,08:00:00,11:30:00,2019-12-14 16:49:00,4.9,1140,21
2668,MU5401,,08:00:00,11:30:00,2019-12-15 14:23:57,4.9,1140,20
2716,MU5401,,08:00:00,11:30:00,2019-12-16 14:50:59,4.9,1140,19
2764,MU5401,,08:00:00,11:30:00,2019-12-17 15:41:30,4.9,1140,18
2798,MU5401,,08:00:00,11:30:00,2019-12-18 16:37:34,4.9,1140,17
2847,MU5401,,08:00:00,11:30:00,2019-12-19 14:42:53,4.9,1140,16
2897,MU5401,,08:00:00,11:30:00,2019-12-20 13:18:54,4.9,1140,15
2946,MU5401,,08:00:00,11:30:00,2019-12-21 18:15:46,4.9,1140,14
2994,MU5401,,08:00:00,11:30:00,2019-12-22 16:59:10,4.9,1140,13
3044,MU5401,,08:00:00,11:30:00,2019-12-23 14:59:49,4.9,1140,12
3101,MU5401,,08:00:00,11:30:00,2019-12-24 15:36:36,4.8,1130,11
3159,MU5401,,08:00:00,11:30:00,2019-12-25 15:43:21,4.8,1130,10
3185,MU5401,,08:00:00,11:30:00,2019-12-26 15:31:03,4.8,1130,9
3264,MU5401,,08:00:00,11:30:00,2019-12-27 12:54:03,4.8,1130,8
3313,MU5401,,08:00:00,11:30:00,2019-12-28 16:14:41,4.8,1130,7
3317,MU5401,,08:00:00,11:30:00,2019-12-29 14:16:36,4.8,1130,6
3394,MU5401,,08:00:00,11:30:00,2019-12-30 15:32:22,5.4,1260,5
3436,MU5401,,08:00:00,11:30:00,2019-12-31 16:35:21,5.4,1260,4
3484,MU5401,,08:00:00,11:30:00,2020-01-01 14:19:07,5.4,1260,3
3518,MU5401,,08:00:00,11:30:00,2020-01-02 14:16:52,6.7,1550,2
3582,MU5401,,08:00:00,11:30:00,2020-01-03 16:27:02,7.4,1720,1
3659,MU5401,,08:00:00,11:30:00,2020-01-04 16:20:32,7.4,1720,0
1491,MU5405,,09:25:00,13:00:00,2019-11-20 16:15:02,5.4,1140,45
1545,MU5405,,09:25:00,13:00:00,2019-11-21 16:06:46,5.4,1140,44
1620,MU5405,,09:25:00,13:00:00,2019-11-22 15:46:21,5.4,1140,43
1635,MU5405,,09:25:00,13:00:00,2019-11-23 15:48:24,5.4,1140,42
1716,MU5405,,09:25:00,13:00:00,2019-11-24 15:22:19,5.4,1140,41
1737,MU5405,,09:25:00,13:00:00,2019-11-25 15:18:21,6.4,1360,40
1804,MU5405,,09:25:00,13:00:00,2019-11-26 14:46:54,6.4,1360,39
1837,MU5405,,09:25:00,13:00:00,2019-11-27 16:36:04,6.4,1360,38
1875,MU5405,,09:25:00,13:00:00,2019-11-28 15:43:42,5.4,1140,37
1935,MU5405,,09:25:00,13:00:00,2019-11-29 15:13:46,5.4,1140,36
2004,MU5405,,09:25:00,13:00:00,2019-11-30 14:38:52,5.4,1140,35
2019,MU5405,,09:25:00,13:00:00,2019-12-01 14:23:37,5.4,1140,34
2100,MU5405,,09:25:00,13:00:00,2019-12-02 14:54:24,5.4,1140,33
2128,MU5405,,09:25:00,13:00:00,2019-12-03 14:50:04,5.4,1140,32
2178,MU5405,,09:25:00,13:00:00,2019-12-04 14:50:24,5.4,1140,31
2243,MU5405,,09:25:00,13:00:00,2019-12-05 14:17:21,5.4,1140,30
2291,MU5405,,09:25:00,13:00:00,2019-12-06 15:19:09,3.5,740,29
2339,MU5405,,09:25:00,13:00:00,2019-12-07 14:41:45,3.5,740,28
2387,MU5405,,09:25:00,13:00:00,2019-12-08 15:47:35,4.4,930,27
2407,MU5405,,09:25:00,13:00:00,2019-12-09 15:30:53,4.4,930,26
2451,MU5405,,09:25:00,13:00:00,2019-12-11 16:16:58,4.4,1030,24
2517,MU5405,,09:25:00,13:00:00,2019-12-12 14:19:32,4.4,1030,23
2581,MU5405,,09:25:00,13:00:00,2019-12-13 15:40:20,4.4,1030,22
2627,MU5405,,09:25:00,13:00:00,2019-12-14 16:49:00,4.4,1030,21
2676,MU5405,,09:25:00,13:00:00,2019-12-15 14:23:57,4.4,1030,20
2723,MU5405,,09:25:00,13:00:00,2019-12-16 14:50:59,4.4,1030,19
2773,MU5405,,09:25:00,13:00:00,2019-12-17 15:41:30,4.9,1140,18
2820,MU5405,,09:25:00,13:00:00,2019-12-18 16:37:34,4.9,1140,17
2869,MU5405,,09:25:00,13:00:00,2019-12-19 14:42:53,4.9,1140,16
2920,MU5405,,09:25:00,13:00:00,2019-12-20 13:18:54,4.9,1140,15
2967,MU5405,,09:25:00,13:00:00,2019-12-21 18:15:46,4.9,1140,14
3016,MU5405,,09:25:00,13:00:00,2019-12-22 16:59:10,4.9,1140,13
3066,MU5405,,09:25:00,13:00:00,2019-12-23 14:59:49,4.9,1140,12
3079,MU5405,,09:25:00,13:00:00,2019-12-24 15:36:36,4.8,1130,11
3123,MU5405,,09:25:00,13:00:00,2019-12-25 15:43:21,4.8,1130,10
3193,MU5405,,09:25:00,13:00:00,2019-12-26 15:31:03,3.9,900,9
3242,MU5405,,09:25:00,13:00:00,2019-12-27 12:54:03,4.8,1130,8
3291,MU5405,,09:25:00,13:00:00,2019-12-28 16:14:41,4.8,1130,7
3343,MU5405,,09:25:00,13:00:00,2019-12-29 14:16:36,4.8,1130,6
3372,MU5405,,09:25:00,13:00:00,2019-12-30 15:32:22,4.8,1130,5
3457,MU5405,,09:25:00,13:00:00,2019-12-31 16:35:21,5.4,1260,4
3507,MU5405,,09:25:00,13:00:00,2020-01-01 14:19:07,6.7,1550,3
3540,MU5405,,09:25:00,13:00:00,2020-01-02 14:16:52,6.7,1550,2
3604,MU5405,,09:25:00,13:00:00,2020-01-03 16:27:02,6.7,1550,1
3638,MU5405,,09:25:00,13:00:00,2020-01-04 16:20:32,6.7,1550,0
1519,MU5411,,21:15:00,00:45:00,2019-11-20 16:15:02,4.4,930,45
1574,MU5411,,21:15:00,00:45:00,2019-11-21 16:06:46,4.4,930,44
1590,MU5411,,21:15:00,00:45:00,2019-11-22 15:46:21,4.4,930,43
1663,MU5411,,21:15:00,00:45:00,2019-11-23 15:48:24,4.4,930,42
1687,MU5411,,21:15:00,00:45:00,2019-11-24 15:22:19,4.4,930,41
1766,MU5411,,21:15:00,00:45:00,2019-11-25 15:18:21,4.4,930,40
1776,MU5411,,21:15:00,00:45:00,2019-11-26 14:46:54,4.4,930,39
1844,MU5411,,21:15:00,00:45:00,2019-11-27 16:36:04,4.4,930,38
1903,MU5411,,21:15:00,00:45:00,2019-11-28 15:43:42,3.5,740,37
1950,MU5411,,21:15:00,00:45:00,2019-11-29 15:13:46,3.5,740,36
1975,MU5411,,21:15:00,00:45:00,2019-11-30 14:38:52,3.5,740,35
2052,MU5411,,21:15:00,00:45:00,2019-12-01 14:23:37,3.5,740,34
2059,MU5411,,21:15:00,00:45:00,2019-12-02 14:54:24,4.4,930,33
2148,MU5411,,21:15:00,00:45:00,2019-12-03 14:50:04,4.4,930,32
2166,MU5411,,21:15:00,00:45:00,2019-12-04 14:50:24,4.4,930,31
2214,MU5411,,21:15:00,00:45:00,2019-12-05 14:17:21,4.4,930,30
2262,MU5411,,21:15:00,00:45:00,2019-12-06 15:19:09,3.0,640,29
2310,MU5411,,21:15:00,00:45:00,2019-12-07 14:41:45,3.0,640,28
2358,MU5411,,21:15:00,00:45:00,2019-12-08 15:47:35,3.5,740,27
2436,MU5411,,21:15:00,00:45:00,2019-12-09 15:30:53,4.4,930,26
2479,MU5411,,21:15:00,00:45:00,2019-12-11 16:16:58,4.4,1030,24
2536,MU5411,,21:15:00,00:45:00,2019-12-12 14:19:32,3.5,820,23
2551,MU5411,,21:15:00,00:45:00,2019-12-13 15:40:20,4.4,1030,22
2587,MU5411,,21:15:00,00:45:00,2019-12-14 16:49:00,4.4,1030,21
2647,MU5411,,21:15:00,00:45:00,2019-12-15 14:23:57,4.4,1030,20
2695,MU5411,,21:15:00,00:45:00,2019-12-16 14:50:59,4.4,1030,19
2743,MU5411,,21:15:00,00:45:00,2019-12-17 15:41:30,4.4,1030,18
2786,MU5411,,21:15:00,00:45:00,2019-12-18 16:37:34,4.4,1030,17
2835,MU5411,,21:15:00,00:45:00,2019-12-19 14:42:53,4.4,1030,16
2885,MU5411,,21:15:00,00:45:00,2019-12-20 13:18:54,4.4,1030,15
2934,MU5411,,21:15:00,00:45:00,2019-12-21 18:15:46,4.4,1030,14
2982,MU5411,,21:15:00,00:45:00,2019-12-22 16:59:10,4.4,1030,13
3032,MU5411,,21:15:00,00:45:00,2019-12-23 14:59:49,4.4,1030,12
3113,MU5411,,21:15:00,00:45:00,2019-12-24 15:36:36,3.9,900,11
3147,MU5411,,21:15:00,00:45:00,2019-12-25 15:43:21,3.9,900,10
3173,MU5411,,21:15:00,00:45:00,2019-12-26 15:31:03,3.9,900,9
3227,MU5411,,21:15:00,00:45:00,2019-12-27 12:54:03,4.8,1130,8
3276,MU5411,,21:15:00,00:45:00,2019-12-28 16:14:41,4.8,1130,7
3328,MU5411,,21:15:00,00:45:00,2019-12-29 14:16:36,4.8,1130,6
3406,MU5411,,21:15:00,00:45:00,2019-12-30 15:32:22,4.8,1130,5
3424,MU5411,,21:15:00,00:45:00,2019-12-31 16:35:21,4.8,1130,4
3473,MU5411,,21:15:00,00:45:00,2020-01-01 14:19:07,5.8,1350,3
3554,MU5411,,21:15:00,00:45:00,2020-01-02 14:16:52,5.8,1350,2
3569,MU5411,,21:15:00,00:45:00,2020-01-03 16:27:02,5.8,1350,1
3620,MU5411,,21:15:00,00:45:00,2020-01-04 16:20:32,4.8,1130,0
3666,MU5411,,21:15:00,00:45:00,2020-01-05 16:37:50,4.8,1130,0
1493,MU5413,,19:30:00,22:55:00,2019-11-20 16:15:02,4.4,930,45
1547,MU5413,,19:30:00,22:55:00,2019-11-21 16:06:46,4.4,930,44
1618,MU5413,,19:30:00,22:55:00,2019-11-22 15:46:21,4.4,930,43
1637,MU5413,,19:30:00,22:55:00,2019-11-23 15:48:24,4.4,930,42
1714,MU5413,,19:30:00,22:55:00,2019-11-24 15:22:19,4.4,930,41
1739,MU5413,,19:30:00,22:55:00,2019-11-25 15:18:21,4.4,930,40
1802,MU5413,,19:30:00,22:55:00,2019-11-26 14:46:54,4.4,930,39
1830,MU5413,,19:30:00,22:55:00,2019-11-27 16:36:04,4.4,930,38
1877,MU5413,,19:30:00,22:55:00,2019-11-28 15:43:42,4.4,930,37
1937,MU5413,,19:30:00,22:55:00,2019-11-29 15:13:46,4.4,930,36
2002,MU5413,,19:30:00,22:55:00,2019-11-30 14:38:52,4.4,930,35
2021,MU5413,,19:30:00,22:55:00,2019-12-01 14:23:37,4.4,930,34
2098,MU5413,,19:30:00,22:55:00,2019-12-02 14:54:24,4.4,930,33
2126,MU5413,,19:30:00,22:55:00,2019-12-03 14:50:04,4.4,930,32
2181,MU5413,,19:30:00,22:55:00,2019-12-04 14:50:24,4.4,930,31
2241,MU5413,,19:30:00,22:55:00,2019-12-05 14:17:21,4.4,930,30
2289,MU5413,,19:30:00,22:55:00,2019-12-06 15:19:09,4.4,930,29
2337,MU5413,,19:30:00,22:55:00,2019-12-07 14:41:45,4.4,930,28
2385,MU5413,,19:30:00,22:55:00,2019-12-08 15:47:35,4.4,930,27
2409,MU5413,,19:30:00,22:55:00,2019-12-09 15:30:53,4.4,930,26
2453,MU5413,,19:30:00,22:55:00,2019-12-11 16:16:58,4.4,1030,24
2515,MU5413,,19:30:00,22:55:00,2019-12-12 14:19:32,4.4,1030,23
2579,MU5413,,19:30:00,22:55:00,2019-12-13 15:40:20,4.4,1030,22
2625,MU5413,,19:30:00,22:50:00,2019-12-14 16:49:00,4.4,1030,21
2674,MU5413,,19:30:00,22:50:00,2019-12-15 14:23:57,4.4,1030,20
2722,MU5413,,19:30:00,22:50:00,2019-12-16 14:50:59,4.4,1030,19
2771,MU5413,,19:30:00,22:50:00,2019-12-17 15:41:30,4.4,1030,18
2802,MU5413,,19:30:00,22:50:00,2019-12-18 16:37:34,4.4,1030,17
2851,MU5413,,19:30:00,22:50:00,2019-12-19 14:42:53,4.4,1030,16
2902,MU5413,,19:30:00,22:50:00,2019-12-20 13:18:54,4.4,1030,15
2925,MU5413,,19:30:00,22:50:00,2019-12-21 18:15:46,4.4,1030,14
2998,MU5413,,19:30:00,22:50:00,2019-12-22 16:59:10,4.4,1030,13
3048,MU5413,,19:30:00,22:50:00,2019-12-23 14:59:49,4.4,1030,12
3097,MU5413,,19:30:00,22:50:00,2019-12-24 15:36:36,4.8,1130,11
3163,MU5413,,19:30:00,22:50:00,2019-12-25 15:43:21,4.8,1130,10
3198,MU5413,,19:30:00,22:50:00,2019-12-26 15:31:03,4.8,1130,9
3260,MU5413,,19:30:00,22:50:00,2019-12-27 12:54:03,3.9,900,8
3309,MU5413,,19:30:00,22:50:00,2019-12-28 16:14:41,4.8,1130,7
3361,MU5413,,19:30:00,22:50:00,2019-12-29 14:16:36,4.8,1130,6
3390,MU5413,,19:30:00,22:50:00,2019-12-30 15:32:22,4.8,1130,5
3439,MU5413,,19:30:00,22:50:00,2019-12-31 16:35:21,4.8,1130,4
3489,MU5413,,19:30:00,22:50:00,2020-01-01 14:19:07,5.8,1350,3
3522,MU5413,,19:30:00,22:50:00,2020-01-02 14:16:52,5.8,1350,2
3586,MU5413,,19:30:00,22:50:00,2020-01-03 16:27:02,5.8,1350,1
3655,MU5413,,19:30:00,22:50:00,2020-01-04 16:20:32,5.8,1350,0
3668,MU5413,,19:30:00,22:50:00,2020-01-05 16:37:50,6.7,1550,0
1529,MU5415,,20:15:00,23:45:00,2019-11-20 16:15:02,4.4,930,45
1534,MU5415,,20:15:00,23:45:00,2019-11-21 16:06:46,4.4,930,44
1625,MU5415,,20:15:00,23:45:00,2019-11-22 15:46:21,4.4,930,43
1673,MU5415,,20:15:00,23:45:00,2019-11-23 15:48:24,4.4,930,42
1677,MU5415,,20:15:00,23:45:00,2019-11-24 15:22:19,4.4,930,41
1725,MU5415,,20:15:00,23:45:00,2019-11-25 15:18:21,4.4,930,40
1816,MU5415,,20:15:00,23:45:00,2019-11-26 14:46:54,4.4,930,39
1832,MU5415,,20:15:00,23:45:00,2019-11-27 16:36:04,4.4,930,38
1913,MU5415,,20:15:00,23:45:00,2019-11-28 15:43:42,3.5,740,37
1960,MU5415,,20:15:00,23:45:00,2019-11-29 15:13:46,3.5,740,36
1965,MU5415,,20:15:00,23:45:00,2019-11-30 14:38:52,4.4,930,35
2042,MU5415,,20:15:00,23:45:00,2019-12-01 14:23:37,4.4,930,34
2061,MU5415,,20:15:00,23:45:00,2019-12-02 14:54:24,4.4,930,33
2138,MU5415,,20:15:00,23:45:00,2019-12-03 14:50:04,4.4,930,32
2156,MU5415,,20:15:00,23:45:00,2019-12-04 14:50:24,4.4,930,31
2205,MU5415,,20:15:00,23:45:00,2019-12-05 14:17:21,4.4,930,30
2252,MU5415,,20:15:00,23:45:00,2019-12-06 15:19:09,4.4,930,29
2300,MU5415,,20:15:00,23:45:00,2019-12-07 14:41:45,4.4,930,28
2348,MU5415,,20:15:00,23:45:00,2019-12-08 15:47:35,4.4,930,27
2396,MU5415,,20:15:00,23:45:00,2019-12-09 15:30:53,4.4,930,26
2489,MU5415,,20:15:00,23:45:00,2019-12-11 16:16:58,4.4,1030,24
2526,MU5415,,20:15:00,23:45:00,2019-12-12 14:19:32,4.4,1030,23
2541,MU5415,,20:15:00,23:45:00,2019-12-13 15:40:20,4.4,1030,22
2589,MU5415,,20:15:00,23:45:00,2019-12-14 16:49:00,4.4,1030,21
2637,MU5415,,20:15:00,23:45:00,2019-12-15 14:23:57,4.4,1030,20
2685,MU5415,,20:15:00,23:45:00,2019-12-16 14:50:59,4.4,1030,19
2733,MU5415,,20:15:00,23:45:00,2019-12-17 15:41:30,4.4,1030,18
2780,MU5415,,20:15:00,23:45:00,2019-12-18 16:37:34,4.4,1030,17
2828,MU5415,,20:15:00,23:45:00,2019-12-19 14:42:53,4.4,1030,16
2878,MU5415,,20:15:00,23:45:00,2019-12-20 13:18:54,4.4,1030,15
2927,MU5415,,20:15:00,23:45:00,2019-12-21 18:15:46,4.4,1030,14
2975,MU5415,,20:15:00,23:45:00,2019-12-22 16:59:10,4.4,1030,13
3024,MU5415,,20:15:00,23:45:00,2019-12-23 14:59:49,4.4,1030,12
3072,MU5415,,20:15:00,23:45:00,2019-12-24 15:36:36,3.9,900,11
3139,MU5415,,20:15:00,23:45:00,2019-12-25 15:43:21,3.9,900,10
3215,MU5415,,20:15:00,23:45:00,2019-12-26 15:31:03,3.9,900,9
3234,MU5415,,20:15:00,23:45:00,2019-12-27 12:54:03,4.8,1130,8
3283,MU5415,,20:15:00,23:45:00,2019-12-28 16:14:41,4.8,1130,7
3335,MU5415,,20:15:00,23:45:00,2019-12-29 14:16:36,4.8,1130,6
3413,MU5415,,20:15:00,23:45:00,2019-12-30 15:32:22,4.8,1130,5
3417,MU5415,,20:15:00,23:45:00,2019-12-31 16:35:21,4.8,1130,4
3466,MU5415,,20:15:00,23:45:00,2020-01-01 14:19:07,5.8,1350,3
3561,MU5415,,20:15:00,23:45:00,2020-01-02 14:16:52,5.8,1350,2
3562,MU5415,,20:15:00,23:45:00,2020-01-03 16:27:02,5.8,1350,1
3613,MU5415,,20:15:00,23:45:00,2020-01-04 16:20:32,4.8,1130,0
3675,MU5415,,20:15:00,23:45:00,2020-01-05 16:37:50,4.8,1130,0
1494,MU9403,FM9403,14:55:00,18:25:00,2019-11-20 16:15:02,6.4,1360,45
1548,MU9403,FM9403,14:55:00,18:25:00,2019-11-21 16:06:46,6.4,1360,44
1617,MU9403,FM9403,14:55:00,18:25:00,2019-11-22 15:46:21,6.4,1360,43
1638,MU9403,FM9403,14:55:00,18:25:00,2019-11-23 15:48:24,6.4,1360,42
1713,MU9403,FM9403,14:55:00,18:25:00,2019-11-24 15:22:19,6.4,1360,41
1740,MU9403,FM9403,14:55:00,18:25:00,2019-11-25 15:18:21,6.4,1360,40
1801,MU9403,FM9403,14:55:00,18:25:00,2019-11-26 14:46:54,6.4,1360,39
1829,MU9403,FM9403,14:55:00,18:25:00,2019-11-27 16:36:04,6.4,1360,38
1878,MU9403,FM9403,14:55:00,18:25:00,2019-11-28 15:43:42,6.4,1360,37
1938,MU9403,FM9403,14:55:00,18:25:00,2019-11-29 15:13:46,6.4,1360,36
2001,MU9403,FM9403,14:55:00,18:25:00,2019-11-30 14:38:52,6.4,1360,35
2022,MU9403,FM9403,14:55:00,18:25:00,2019-12-01 14:23:37,6.4,1360,34
2097,MU9403,FM9403,14:55:00,18:25:00,2019-12-02 14:54:24,5.4,1140,33
2125,MU9403,FM9403,14:55:00,18:25:00,2019-12-03 14:50:04,5.4,1140,32
2182,MU9403,FM9403,14:55:00,18:25:00,2019-12-04 14:50:24,5.4,1140,31
2240,MU9403,FM9403,14:55:00,18:25:00,2019-12-05 14:17:21,5.4,1140,30
2288,MU9403,FM9403,14:55:00,18:25:00,2019-12-06 15:19:09,4.4,930,29
2336,MU9403,FM9403,14:55:00,18:25:00,2019-12-07 14:41:45,4.4,930,28
2384,MU9403,FM9403,14:55:00,18:25:00,2019-12-08 15:47:35,4.4,930,27
2410,MU9403,FM9403,14:55:00,18:25:00,2019-12-09 15:30:53,4.4,930,26
2454,MU9403,FM9403,14:55:00,18:25:00,2019-12-11 16:16:58,4.4,1030,24
2491,MU9403,FM9403,14:55:00,18:25:00,2019-12-12 14:19:32,4.4,1030,23
2578,MU9403,FM9403,14:55:00,18:25:00,2019-12-13 15:40:20,4.4,1030,22
2624,MU9403,FM9403,14:55:00,18:25:00,2019-12-14 16:49:00,4.4,1030,21
2673,MU9403,FM9403,14:55:00,18:25:00,2019-12-15 14:23:57,4.4,1030,20
2721,MU9403,FM9403,14:55:00,18:25:00,2019-12-16 14:50:59,4.4,1030,19
2769,MU9403,FM9403,14:55:00,18:25:00,2019-12-17 15:41:30,4.9,1140,18
2803,MU9403,FM9403,14:55:00,18:25:00,2019-12-18 16:37:34,4.9,1140,17
2852,MU9403,FM9403,14:55:00,18:25:00,2019-12-19 14:42:53,4.9,1140,16
2903,MU9403,FM9403,14:55:00,18:25:00,2019-12-20 13:18:54,4.9,1140,15
2950,MU9403,FM9403,14:55:00,18:25:00,2019-12-21 18:15:46,4.9,1140,14
2999,MU9403,FM9403,14:55:00,18:25:00,2019-12-22 16:59:10,4.9,1140,13
3049,MU9403,FM9403,14:55:00,18:25:00,2019-12-23 14:59:49,4.9,1140,12
3096,MU9403,FM9403,14:55:00,18:25:00,2019-12-24 15:36:36,4.8,1130,11
3164,MU9403,FM9403,14:55:00,18:25:00,2019-12-25 15:43:21,4.8,1130,10
3199,MU9403,FM9403,14:55:00,18:25:00,2019-12-26 15:31:03,4.8,1130,9
3259,MU9403,FM9403,14:55:00,18:25:00,2019-12-27 12:54:03,4.8,1130,8
3308,MU9403,FM9403,14:55:00,18:25:00,2019-12-28 16:14:41,4.8,1130,7
3360,MU9403,FM9403,14:55:00,18:25:00,2019-12-29 14:16:36,4.8,1130,6
3389,MU9403,FM9403,14:55:00,18:25:00,2019-12-30 15:32:22,4.8,1130,5
3440,MU9403,FM9403,14:55:00,18:25:00,2019-12-31 16:35:21,4.8,1130,4
3490,MU9403,FM9403,14:55:00,18:25:00,2020-01-01 14:19:07,6.7,1550,3
3523,MU9403,FM9403,14:55:00,18:25:00,2020-01-02 14:16:52,6.7,1550,2
3587,MU9403,FM9403,14:55:00,18:25:00,2020-01-03 16:27:02,6.7,1550,1
3654,MU9403,FM9403,14:55:00,18:25:00,2020-01-04 16:20:32,7.4,1720,0
1523,MU9549,FM9549,16:10:00,19:35:00,2019-11-20 16:15:02,5.4,1140,45
1578,MU9549,FM9549,16:10:00,19:35:00,2019-11-21 16:06:46,5.4,1140,44
1586,MU9549,FM9549,16:10:00,19:35:00,2019-11-22 15:46:21,5.4,1140,43
1667,MU9549,FM9549,16:10:00,19:35:00,2019-11-23 15:48:24,5.4,1140,42
1683,MU9549,FM9549,16:10:00,19:35:00,2019-11-24 15:22:19,5.4,1140,41
1723,MU9549,FM9549,16:10:00,19:35:00,2019-11-25 15:18:21,5.4,1140,40
1772,MU9549,FM9549,16:10:00,19:35:00,2019-11-26 14:46:54,5.4,1140,39
1839,MU9549,FM9549,16:10:00,19:35:00,2019-11-27 16:36:04,5.4,1140,38
1907,MU9549,FM9549,16:10:00,19:35:00,2019-11-28 15:43:42,5.4,1140,37
1954,MU9549,FM9549,16:10:00,19:35:00,2019-11-29 15:13:46,5.4,1140,36
1971,MU9549,FM9549,16:10:00,19:35:00,2019-11-30 14:38:52,5.4,1140,35
2048,MU9549,FM9549,16:10:00,19:35:00,2019-12-01 14:23:37,5.4,1140,34
2067,MU9549,FM9549,16:10:00,19:35:00,2019-12-02 14:54:24,5.4,1140,33
2144,MU9549,FM9549,16:10:00,19:35:00,2019-12-03 14:50:04,5.4,1140,32
2162,MU9549,FM9549,16:10:00,19:35:00,2019-12-04 14:50:24,4.4,930,31
2203,MU9549,FM9549,16:10:00,19:35:00,2019-12-05 14:17:21,4.4,930,30
2258,MU9549,FM9549,16:10:00,19:35:00,2019-12-06 15:19:09,4.4,930,29
2306,MU9549,FM9549,16:10:00,19:35:00,2019-12-07 14:41:45,4.4,930,28
2354,MU9549,FM9549,16:10:00,19:35:00,2019-12-08 15:47:35,4.4,930,27
2440,MU9549,FM9549,16:10:00,19:35:00,2019-12-09 15:30:53,4.4,930,26
2483,MU9549,FM9549,16:10:00,19:35:00,2019-12-11 16:16:58,4.4,1030,24
2532,MU9549,FM9549,16:10:00,19:35:00,2019-12-12 14:19:32,4.9,1140,23
2547,MU9549,FM9549,16:10:00,19:35:00,2019-12-13 15:40:20,4.9,1140,22
2595,MU9549,FM9549,16:10:00,19:35:00,2019-12-14 16:49:00,4.4,1030,21
2643,MU9549,FM9549,16:10:00,19:35:00,2019-12-15 14:23:57,4.4,1030,20
2691,MU9549,FM9549,16:10:00,19:35:00,2019-12-16 14:50:59,4.4,1030,19
2738,MU9549,FM9549,16:10:00,19:35:00,2019-12-17 15:41:30,4.4,1030,18
2782,MU9549,FM9549,16:10:00,19:35:00,2019-12-18 16:37:34,4.9,1140,17
2831,MU9549,FM9549,16:10:00,19:35:00,2019-12-19 14:42:53,4.9,1140,16
2881,MU9549,FM9549,16:10:00,19:35:00,2019-12-20 13:18:54,4.4,1030,15
2930,MU9549,FM9549,16:10:00,19:35:00,2019-12-21 18:15:46,4.9,1140,14
2978,MU9549,FM9549,16:10:00,19:35:00,2019-12-22 16:59:10,4.9,1140,13
3028,MU9549,FM9549,16:10:00,19:35:00,2019-12-23 14:59:49,4.9,1140,12
3117,MU9549,FM9549,16:10:00,19:35:00,2019-12-24 15:36:36,3.9,900,11
3143,MU9549,FM9549,16:10:00,19:35:00,2019-12-25 15:43:21,4.8,1130,10
3218,MU9549,FM9549,16:10:00,19:35:00,2019-12-26 15:31:03,4.8,1130,9
3231,MU9549,FM9549,16:10:00,19:35:00,2019-12-27 12:54:03,4.8,1130,8
3280,MU9549,FM9549,16:10:00,19:35:00,2019-12-28 16:14:41,4.8,1130,7
3332,MU9549,FM9549,16:10:00,19:35:00,2019-12-29 14:16:36,4.8,1130,6
3410,MU9549,FM9549,16:10:00,19:35:00,2019-12-30 15:32:22,4.8,1130,5
3420,MU9549,FM9549,16:10:00,19:35:00,2019-12-31 16:35:21,4.8,1130,4
3469,MU9549,FM9549,16:10:00,19:35:00,2020-01-01 14:19:07,6.7,1550,3
3558,MU9549,FM9549,16:10:00,19:35:00,2020-01-02 14:16:52,6.7,1550,2
3565,MU9549,FM9549,16:10:00,19:35:00,2020-01-03 16:27:02,7.4,1720,1
3616,MU9549,FM9549,16:10:00,19:35:00,2020-01-04 16:20:32,7.4,1720,0
1497,SC6056,TV9882,17:05:00,20:30:00,2019-11-20 16:15:02,8.4,1780,45
1551,SC6056,TV9882,17:05:00,20:30:00,2019-11-21 16:06:46,8.4,1780,44
1613,SC6056,TV9882,17:05:00,20:30:00,2019-11-22 15:46:21,8.4,1780,43
1641,SC6056,TV9882,17:05:00,20:30:00,2019-11-23 15:48:24,8.4,1780,42
1710,SC6056,TV9882,17:05:00,20:30:00,2019-11-24 15:22:19,8.4,1780,41
1743,SC6056,TV9882,17:05:00,20:30:00,2019-11-25 15:18:21,8.4,1780,40
1798,SC6056,TV9882,17:05:00,20:30:00,2019-11-26 14:46:54,8.4,1780,39
1826,SC6056,TV9882,17:05:00,20:30:00,2019-11-27 16:36:04,8.4,1780,38
1880,SC6056,TV9882,17:05:00,20:30:00,2019-11-28 15:43:42,8.4,1780,37
1941,SC6056,TV9882,17:05:00,20:30:00,2019-11-29 15:13:46,8.4,1780,36
1998,SC6056,TV9882,17:05:00,20:30:00,2019-11-30 14:38:52,8.4,1780,35
2025,SC6056,TV9882,17:05:00,20:30:00,2019-12-01 14:23:37,8.4,1780,34
2094,SC6056,TV9882,17:05:00,20:30:00,2019-12-02 14:54:24,6.4,1360,33
2122,SC6056,TV9882,17:05:00,20:30:00,2019-12-03 14:50:04,6.4,1360,32
2185,SC6056,TV9882,17:05:00,20:30:00,2019-12-04 14:50:24,6.4,1360,31
2237,SC6056,TV9882,17:05:00,20:30:00,2019-12-05 14:17:21,5.4,1140,30
2285,SC6056,TV9882,17:05:00,20:30:00,2019-12-06 15:19:09,5.4,1140,29
2333,SC6056,TV9882,17:05:00,20:30:00,2019-12-07 14:41:45,5.4,1140,28
2381,SC6056,TV9882,17:05:00,20:30:00,2019-12-08 15:47:35,5.4,1140,27
2413,SC6056,TV9882,17:05:00,20:30:00,2019-12-09 15:30:53,4.9,1040,26
2457,SC6056,TV9882,17:05:00,20:30:00,2019-12-11 16:16:58,4.9,1140,24
2512,SC6056,TV9882,17:05:00,20:30:00,2019-12-12 14:19:32,4.9,1140,23
2575,SC6056,TV9882,17:05:00,20:30:00,2019-12-13 15:40:20,4.9,1140,22
2621,SC6056,TV9882,17:05:00,20:30:00,2019-12-14 16:49:00,4.9,1140,21
2670,SC6056,TV9882,17:05:00,20:30:00,2019-12-15 14:23:57,4.9,1140,20
2718,SC6056,TV9882,17:05:00,20:30:00,2019-12-16 14:50:59,4.9,1140,19
2766,SC6056,TV9882,17:05:00,20:30:00,2019-12-17 15:41:30,4.9,1140,18
2801,SC6056,TV9882,17:05:00,20:30:00,2019-12-18 16:37:34,4.9,1140,17
2850,SC6056,TV9882,17:05:00,20:30:00,2019-12-19 14:42:53,4.9,1140,16
2901,SC6056,TV9882,17:05:00,20:30:00,2019-12-20 13:18:54,4.9,1140,15
2949,SC6056,TV9882,17:05:00,20:30:00,2019-12-21 18:15:46,4.9,1140,14
2997,SC6056,TV9882,17:05:00,20:30:00,2019-12-22 16:59:10,4.9,1140,13
3047,SC6056,TV9882,17:05:00,20:30:00,2019-12-23 14:59:49,4.9,1140,12
3098,SC6056,TV9882,17:05:00,20:30:00,2019-12-24 15:36:36,4.9,1140,11
3162,SC6056,TV9882,17:05:00,20:30:00,2019-12-25 15:43:21,4.9,1140,10
3197,SC6056,TV9882,17:05:00,20:30:00,2019-12-26 15:31:03,4.9,1140,9
3261,SC6056,TV9882,17:05:00,20:30:00,2019-12-27 12:54:03,4.9,1140,8
3310,SC6056,TV9882,17:05:00,20:35:00,2019-12-28 16:14:41,4.9,1140,7
3362,SC6056,TV9882,17:05:00,20:35:00,2019-12-29 14:16:36,4.9,1140,6
3391,SC6056,TV9882,17:05:00,20:35:00,2019-12-30 15:32:22,5.4,1260,5
3415,SC6056,TV9882,17:05:00,20:35:00,2019-12-31 16:35:21,4.0,930,4
3487,SC6056,TV9882,17:05:00,20:35:00,2020-01-01 14:19:07,4.0,930,3
3521,SC6056,TV9882,17:05:00,20:35:00,2020-01-02 14:16:52,4.0,930,2
3585,SC6056,TV9882,17:05:00,20:35:00,2020-01-03 16:27:02,5.4,1260,1
3656,SC6056,TV9882,17:05:00,20:35:00,2020-01-04 16:20:32,4.9,1140,0
1525,TV9866,,14:45:00,18:05:00,2019-11-20 16:15:02,7.7,1631,45
1532,TV9866,,14:45:00,18:05:00,2019-11-21 16:06:46,7.7,1632,44
1621,TV9866,,14:45:00,18:05:00,2019-11-22 15:46:21,7.7,1632,43
1669,TV9866,,14:45:00,18:05:00,2019-11-23 15:48:24,7.7,1632,42
1681,TV9866,,14:45:00,18:05:00,2019-11-24 15:22:19,7.7,1630,41
1729,TV9866,,14:45:00,18:05:00,2019-11-25 15:18:21,7.7,1630,40
1812,TV9866,,14:45:00,18:05:00,2019-11-26 14:46:54,7.7,1630,39
1836,TV9866,,14:45:00,18:05:00,2019-11-27 16:36:04,7.7,1630,38
1909,TV9866,,14:45:00,18:05:00,2019-11-28 15:43:42,7.7,1630,37
1956,TV9866,,14:45:00,18:05:00,2019-11-29 15:13:46,7.7,1630,36
1969,TV9866,,14:45:00,18:05:00,2019-11-30 14:38:52,7.7,1630,35
2046,TV9866,,14:45:00,18:05:00,2019-12-01 14:23:37,7.2,1533,34
2065,TV9866,,14:45:00,18:05:00,2019-12-02 14:54:24,7.2,1533,33
2142,TV9866,,14:45:00,18:05:00,2019-12-03 14:50:04,7.2,1534,32
2160,TV9866,,14:45:00,18:05:00,2019-12-04 14:50:24,7.2,1533,31
2209,TV9866,,14:45:00,18:05:00,2019-12-05 14:17:21,7.2,1533,30
2256,TV9866,,14:45:00,18:05:00,2019-12-06 15:19:09,7.2,1533,29
2304,TV9866,,14:45:00,18:05:00,2019-12-07 14:41:45,7.2,1533,28
2352,TV9866,,14:45:00,18:05:00,2019-12-08 15:47:35,7.2,1533,27
2442,TV9866,,14:45:00,18:05:00,2019-12-09 15:30:53,7.1,1511,26
2485,TV9866,,14:45:00,18:05:00,2019-12-11 16:16:58,6.7,1566,24
2530,TV9866,,14:45:00,18:05:00,2019-12-12 14:19:32,7.2,1680,23
2545,TV9866,,14:45:00,18:05:00,2019-12-13 15:40:20,7.2,1686,22
2593,TV9866,,14:45:00,18:05:00,2019-12-14 16:49:00,6.7,1566,21
2641,TV9866,,14:45:00,18:05:00,2019-12-15 14:23:57,4.9,1137,20
2689,TV9866,,14:45:00,18:05:00,2019-12-16 14:50:59,5.3,1227,19
2737,TV9866,,14:45:00,18:05:00,2019-12-17 15:41:30,4.9,1137,18
2807,TV9866,,14:45:00,18:05:00,2019-12-18 16:37:34,5.3,1225,17
2856,TV9866,,14:45:00,18:05:00,2019-12-19 14:42:53,5.3,1224,16
2907,TV9866,,14:45:00,18:05:00,2019-12-20 13:18:54,5.3,1225,15
2954,TV9866,,14:45:00,18:05:00,2019-12-21 18:15:46,4.3,1002,14
3003,TV9866,,14:45:00,18:05:00,2019-12-22 16:59:10,4.3,998,13
3053,TV9866,,14:45:00,18:05:00,2019-12-23 14:59:49,4.3,1000,12
3092,TV9866,,14:45:00,18:05:00,2019-12-24 15:36:36,4.3,1001,11
3136,TV9866,,14:45:00,18:05:00,2019-12-25 15:43:21,4.3,1000,10
3203,TV9866,,14:45:00,18:05:00,2019-12-26 15:31:03,4.3,996,9
3255,TV9866,,14:45:00,18:05:00,2019-12-27 12:54:03,4.3,997,8
3304,TV9866,,14:45:00,18:05:00,2019-12-28 16:14:41,4.7,1099,7
3356,TV9866,,14:45:00,18:05:00,2019-12-29 14:16:36,4.3,999,6
3385,TV9866,,14:45:00,18:05:00,2019-12-30 15:32:22,4.3,991,5
3444,TV9866,,14:45:00,18:05:00,2019-12-31 16:35:21,3.9,900,4
3494,TV9866,,14:45:00,18:05:00,2020-01-01 14:19:07,3.9,898,3
3527,TV9866,,14:45:00,18:05:00,2020-01-02 14:16:52,4.2,986,2
3591,TV9866,,14:45:00,18:05:00,2020-01-03 16:27:02,6.2,1437,1
3650,TV9866,,14:45:00,18:05:00,2020-01-04 16:20:32,6.2,1436,0
1520,TV9882,,17:05:00,20:30:00,2019-11-20 16:15:02,8.2,1735,45
1575,TV9882,,17:05:00,20:30:00,2019-11-21 16:06:46,8.2,1736,44
1589,TV9882,,17:05:00,20:30:00,2019-11-22 15:46:21,8.2,1736,43
1664,TV9882,,17:05:00,20:30:00,2019-11-23 15:48:24,8.2,1736,42
1686,TV9882,,17:05:00,20:30:00,2019-11-24 15:22:19,8.2,1734,41
1767,TV9882,,17:05:00,20:30:00,2019-11-25 15:18:21,8.2,1734,40
1775,TV9882,,17:05:00,20:30:00,2019-11-26 14:46:54,8.2,1734,39
1842,TV9882,,17:05:00,20:30:00,2019-11-27 16:36:04,8.2,1734,38
1904,TV9882,,17:05:00,20:30:00,2019-11-28 15:43:42,8.2,1734,37
1951,TV9882,,17:05:00,20:30:00,2019-11-29 15:13:46,8.2,1734,36
1974,TV9882,,17:05:00,20:30:00,2019-11-30 14:38:52,8.2,1734,35
2051,TV9882,,17:05:00,20:30:00,2019-12-01 14:23:37,8.2,1736,34
2070,TV9882,,17:05:00,20:30:00,2019-12-02 14:54:24,6.3,1326,33
2147,TV9882,,17:05:00,20:30:00,2019-12-03 14:50:04,6.3,1327,32
2165,TV9882,,17:05:00,20:30:00,2019-12-04 14:50:24,6.3,1325,31
2213,TV9882,,17:05:00,20:30:00,2019-12-05 14:17:21,5.2,1109,30
2261,TV9882,,17:05:00,20:30:00,2019-12-06 15:19:09,5.2,1109,29
2309,TV9882,,17:05:00,20:30:00,2019-12-07 14:41:45,5.2,1109,28
2357,TV9882,,17:05:00,20:30:00,2019-12-08 15:47:35,5.2,1109,27
2437,TV9882,,17:05:00,20:30:00,2019-12-09 15:30:53,4.7,995,26
2480,TV9882,,17:05:00,20:30:00,2019-12-11 16:16:58,4.4,1017,24
2535,TV9882,,17:05:00,20:30:00,2019-12-12 14:19:32,4.8,1110,23
2550,TV9882,,17:05:00,20:30:00,2019-12-13 15:40:20,4.5,1037,22
2598,TV9882,,17:05:00,20:30:00,2019-12-14 16:49:00,4.5,1037,21
2646,TV9882,,17:05:00,20:30:00,2019-12-15 14:23:57,4.5,1037,20
2694,TV9882,,17:05:00,20:30:00,2019-12-16 14:50:59,4.8,1110,19
2741,TV9882,,17:05:00,20:30:00,2019-12-17 15:41:30,4.5,1037,18
2785,TV9882,,17:05:00,20:30:00,2019-12-18 16:37:34,4.8,1107,17
2834,TV9882,,17:05:00,20:30:00,2019-12-19 14:42:53,4.8,1107,16
2884,TV9882,,17:05:00,20:30:00,2019-12-20 13:18:54,4.8,1107,15
2933,TV9882,,17:05:00,20:30:00,2019-12-21 18:15:46,4.7,1106,14
2981,TV9882,,17:05:00,20:30:00,2019-12-22 16:59:10,4.7,1101,13
3031,TV9882,,17:05:00,20:30:00,2019-12-23 14:59:49,4.7,1101,12
3114,TV9882,,17:05:00,20:30:00,2019-12-24 15:36:36,4.7,1099,11
3146,TV9882,,17:05:00,20:30:00,2019-12-25 15:43:21,4.7,1092,10
3172,TV9882,,17:05:00,20:30:00,2019-12-26 15:31:03,4.7,1099,9
3228,TV9882,,17:05:00,20:30:00,2019-12-27 12:54:03,4.7,1100,8
3277,TV9882,,17:05:00,20:35:00,2019-12-28 16:14:41,4.7,1095,7
3329,TV9882,,17:05:00,20:35:00,2019-12-29 14:16:36,4.7,1099,6
3407,TV9882,,17:05:00,20:35:00,2019-12-30 15:32:22,5.2,1219,5
3423,TV9882,,17:05:00,20:35:00,2019-12-31 16:35:21,3.9,900,4
3472,TV9882,,17:05:00,20:35:00,2020-01-01 14:19:07,3.9,898,3
3555,TV9882,,17:05:00,20:35:00,2020-01-02 14:16:52,3.9,898,2
3568,TV9882,,17:05:00,20:35:00,2020-01-03 16:27:02,5.2,1215,1
3619,TV9882,,17:05:00,20:35:00,2020-01-04 16:20:32,4.3,995,0
2805,ZH3734,TV9866,14:45:00,18:05:00,2019-12-18 16:37:34,6.3,1470,17
2854,ZH3734,TV9866,14:45:00,18:05:00,2019-12-19 14:42:53,6.3,1463,16
2905,ZH3734,TV9866,14:45:00,18:05:00,2019-12-20 13:18:54,6.4,1490,15
2952,ZH3734,TV9866,14:45:00,18:05:00,2019-12-21 18:15:46,6.3,1470,14
3001,ZH3734,TV9866,14:45:00,18:05:00,2019-12-22 16:59:10,6.4,1490,13
3051,ZH3734,TV9866,14:45:00,18:05:00,2019-12-23 14:59:49,6.3,1457,12
3094,ZH3734,TV9866,14:45:00,18:05:00,2019-12-24 15:36:36,6.4,1490,11
3141,ZH3734,TV9866,14:45:00,18:05:00,2019-12-25 15:43:21,6.4,1490,10
3201,ZH3734,TV9866,14:45:00,18:05:00,2019-12-26 15:31:03,6.4,1490,9
3257,ZH3734,TV9866,14:45:00,18:05:00,2019-12-27 12:54:03,4.9,1140,8
3306,ZH3734,TV9866,14:45:00,18:05:00,2019-12-28 16:14:41,4.8,1122,7
3358,ZH3734,TV9866,14:45:00,18:05:00,2019-12-29 14:16:36,4.8,1122,6
3387,ZH3734,TV9866,14:45:00,18:05:00,2019-12-30 15:32:22,4.5,1040,5
3442,ZH3734,TV9866,14:45:00,18:05:00,2019-12-31 16:35:21,4.0,930,4
3492,ZH3734,TV9866,14:45:00,18:05:00,2020-01-01 14:19:07,3.9,912,3
3525,ZH3734,TV9866,14:45:00,18:05:00,2020-01-02 14:16:52,4.5,1040,2
3589,ZH3734,TV9866,14:45:00,18:05:00,2020-01-03 16:27:02,6.3,1470,1
3652,ZH3734,TV9866,14:45:00,18:05:00,2020-01-04 16:20:32,6.4,1490,0
1513,ZH3982,TV9882,17:05:00,20:30:00,2019-11-20 16:15:02,8.3,1755,45
1568,ZH3982,TV9882,17:05:00,20:30:00,2019-11-21 16:06:46,8.3,1755,44
1596,ZH3982,TV9882,17:05:00,20:30:00,2019-11-22 15:46:21,8.3,1755,43
1657,ZH3982,TV9882,17:05:00,20:30:00,2019-11-23 15:48:24,8.3,1755,42
1693,ZH3982,TV9882,17:05:00,20:30:00,2019-11-24 15:22:19,8.4,1780,41
1760,ZH3982,TV9882,17:05:00,20:30:00,2019-11-25 15:18:21,8.3,1755,40
1782,ZH3982,TV9882,17:05:00,20:30:00,2019-11-26 14:46:54,8.4,1780,39
1850,ZH3982,TV9882,17:05:00,20:30:00,2019-11-27 16:36:04,8.3,1755,38
1897,ZH3982,TV9882,17:05:00,20:30:00,2019-11-28 15:43:42,8.4,1780,37
1944,ZH3982,TV9882,17:05:00,20:30:00,2019-11-29 15:13:46,8.3,1755,36
1981,ZH3982,TV9882,17:05:00,20:30:00,2019-11-30 14:38:52,8.3,1755,35
2011,ZH3982,TV9882,17:05:00,20:30:00,2019-12-01 14:23:37,8.3,1755,34
2076,ZH3982,TV9882,17:05:00,20:30:00,2019-12-02 14:54:24,6.4,1360,33
2136,ZH3982,TV9882,17:05:00,20:30:00,2019-12-03 14:50:04,6.4,1360,32
2202,ZH3982,TV9882,17:05:00,20:30:00,2019-12-04 14:50:24,6.4,1360,31
2220,ZH3982,TV9882,17:05:00,20:30:00,2019-12-05 14:17:21,6.4,1360,30
2268,ZH3982,TV9882,17:05:00,20:30:00,2019-12-06 15:19:09,6.4,1360,29
2316,ZH3982,TV9882,17:05:00,20:30:00,2019-12-07 14:41:45,6.3,1331,28
2364,ZH3982,TV9882,17:05:00,20:30:00,2019-12-08 15:47:35,6.3,1331,27
2430,ZH3982,TV9882,17:05:00,20:30:00,2019-12-09 15:30:53,4.9,1040,26
2473,ZH3982,TV9882,17:05:00,20:30:00,2019-12-11 16:16:58,4.8,1115,24
2495,ZH3982,TV9882,17:05:00,20:30:00,2019-12-12 14:19:32,4.9,1140,23
2557,ZH3982,TV9882,17:05:00,20:30:00,2019-12-13 15:40:20,4.9,1140,22
2604,ZH3982,TV9882,17:05:00,20:30:00,2019-12-14 16:49:00,4.8,1115,21
2653,ZH3982,TV9882,17:05:00,20:30:00,2019-12-15 14:23:57,4.8,1115,20
2701,ZH3982,TV9882,17:05:00,20:30:00,2019-12-16 14:50:59,4.9,1140,19
2749,ZH3982,TV9882,17:05:00,20:30:00,2019-12-17 15:41:30,4.9,1140,18
2809,ZH3982,TV9882,17:05:00,20:30:00,2019-12-18 16:37:34,4.8,1122,17
2858,ZH3982,TV9882,17:05:00,20:30:00,2019-12-19 14:42:53,4.8,1115,16
2909,ZH3982,TV9882,17:05:00,20:30:00,2019-12-20 13:18:54,4.9,1140,15
2956,ZH3982,TV9882,17:05:00,20:30:00,2019-12-21 18:15:46,4.8,1122,14
3005,ZH3982,TV9882,17:05:00,20:30:00,2019-12-22 16:59:10,4.9,1140,13
3055,ZH3982,TV9882,17:05:00,20:30:00,2019-12-23 14:59:49,4.8,1110,12
3090,ZH3982,TV9882,17:05:00,20:30:00,2019-12-24 15:36:36,4.9,1140,11
3134,ZH3982,TV9882,17:05:00,20:30:00,2019-12-25 15:43:21,4.9,1140,10
3205,ZH3982,TV9882,17:05:00,20:30:00,2019-12-26 15:31:03,4.9,1140,9
3253,ZH3982,TV9882,17:05:00,20:30:00,2019-12-27 12:54:03,4.8,1122,8
3302,ZH3982,TV9882,17:05:00,20:35:00,2019-12-28 16:14:41,4.8,1122,7
3354,ZH3982,TV9882,17:05:00,20:35:00,2019-12-29 14:16:36,4.8,1122,6
3383,ZH3982,TV9882,17:05:00,20:35:00,2019-12-30 15:32:22,5.3,1242,5
3446,ZH3982,TV9882,17:05:00,20:35:00,2019-12-31 16:35:21,3.9,919,4
3496,ZH3982,TV9882,17:05:00,20:35:00,2020-01-01 14:19:07,3.9,912,3
3529,ZH3982,TV9882,17:05:00,20:35:00,2020-01-02 14:16:52,4.0,930,2
3593,ZH3982,TV9882,17:05:00,20:35:00,2020-01-03 16:27:02,5.3,1242,1
3648,ZH3982,TV9882,17:05:00,20:35:00,2020-01-04 16:20:32,4.5,1040,0
1527,ZH4502,CA4502,20:45:00,00:10:00,2019-11-20 16:15:02,4.2,900,45
1536,ZH4502,CA4502,20:45:00,00:10:00,2019-11-21 16:06:46,4.2,900,44
1623,ZH4502,CA4502,20:45:00,00:10:00,2019-11-22 15:46:21,4.2,900,43
1671,ZH4502,CA4502,20:45:00,00:10:00,2019-11-23 15:48:24,4.2,900,42
1679,ZH4502,CA4502,20:45:00,00:10:00,2019-11-24 15:22:19,4.2,900,41
1727,ZH4502,CA4502,20:45:00,00:10:00,2019-11-25 15:18:21,4.2,900,40
1814,ZH4502,CA4502,20:45:00,00:10:00,2019-11-26 14:46:54,4.2,900,39
1834,ZH4502,CA4502,20:45:00,00:10:00,2019-11-27 16:36:04,4.2,900,38
1911,ZH4502,CA4502,20:45:00,00:10:00,2019-11-28 15:43:42,4.2,900,37
1958,ZH4502,CA4502,20:45:00,00:10:00,2019-11-29 15:13:46,4.2,900,36
1967,ZH4502,CA4502,20:45:00,00:10:00,2019-11-30 14:38:52,4.2,900,35
2044,ZH4502,CA4502,20:45:00,00:10:00,2019-12-01 14:23:37,4.2,900,34
2063,ZH4502,CA4502,20:45:00,00:10:00,2019-12-02 14:54:24,4.2,900,33
2140,ZH4502,CA4502,20:45:00,00:10:00,2019-12-03 14:50:04,4.2,900,32
2158,ZH4502,CA4502,20:45:00,00:10:00,2019-12-04 14:50:24,4.3,910,31
2207,ZH4502,CA4502,20:45:00,00:10:00,2019-12-05 14:17:21,4.3,910,30
2254,ZH4502,CA4502,20:45:00,00:10:00,2019-12-06 15:19:09,4.3,910,29
2302,ZH4502,CA4502,20:45:00,00:10:00,2019-12-07 14:41:45,4.0,857,28
2350,ZH4502,CA4502,20:45:00,00:10:00,2019-12-08 15:47:35,4.0,857,27
2398,ZH4502,CA4502,20:45:00,00:10:00,2019-12-09 15:30:53,4.3,910,26
2487,ZH4502,CA4502,20:45:00,00:10:00,2019-12-11 16:16:58,4.0,857,24
2528,ZH4502,CA4502,20:45:00,00:10:00,2019-12-12 14:19:32,4.3,910,23
2543,ZH4502,CA4502,20:45:00,00:10:00,2019-12-13 15:40:20,4.9,1040,22
2591,ZH4502,CA4502,20:45:00,00:10:00,2019-12-14 16:49:00,4.2,900,21
2639,ZH4502,CA4502,20:45:00,00:10:00,2019-12-15 14:23:57,4.2,900,20
2687,ZH4502,CA4502,20:45:00,00:10:00,2019-12-16 14:50:59,4.3,910,19
2735,ZH4502,CA4502,20:45:00,00:10:00,2019-12-17 15:41:30,4.3,910,18
2778,ZH4502,CA4502,20:45:00,00:10:00,2019-12-18 16:37:34,5.3,1130,17
2829,ZH4502,CA4502,20:45:00,00:10:00,2019-12-19 14:42:53,4.2,900,16
2879,ZH4502,CA4502,20:45:00,00:10:00,2019-12-20 13:18:54,4.3,910,15
2928,ZH4502,CA4502,20:45:00,00:10:00,2019-12-21 18:15:46,4.2,900,14
2976,ZH4502,CA4502,20:45:00,00:10:00,2019-12-22 16:59:10,5.4,1140,13
3025,ZH4502,CA4502,20:45:00,00:10:00,2019-12-23 14:59:49,5.1,1077,12
3119,ZH4502,CA4502,20:45:00,00:10:00,2019-12-24 15:36:36,4.3,910,11
3140,ZH4502,CA4502,20:45:00,00:10:00,2019-12-25 15:43:21,4.3,910,10
3216,ZH4502,CA4502,20:45:00,00:10:00,2019-12-26 15:31:03,4.3,910,9
3233,ZH4502,CA4502,20:45:00,00:10:00,2019-12-27 12:54:03,5.4,1140,8
3282,ZH4502,CA4502,20:45:00,00:10:00,2019-12-28 16:14:41,5.4,1140,7
3334,ZH4502,CA4502,20:45:00,00:10:00,2019-12-29 14:16:36,5.3,1130,6
3412,ZH4502,CA4502,20:45:00,00:10:00,2019-12-30 15:32:22,4.3,910,5
3418,ZH4502,CA4502,20:45:00,00:10:00,2019-12-31 16:35:21,4.3,910,4
3467,ZH4502,CA4502,20:45:00,00:10:00,2020-01-01 14:19:07,6.4,1350,3
3560,ZH4502,CA4502,20:45:00,00:10:00,2020-01-02 14:16:52,6.4,1360,2
3563,ZH4502,CA4502,20:45:00,00:10:00,2020-01-03 16:27:02,4.2,900,1
3614,ZH4502,CA4502,20:45:00,00:10:00,2020-01-04 16:20:32,5.4,1140,0
3676,ZH4502,CA4502,20:45:00,00:10:00,2020-01-05 16:37:50,5.4,1140,0
1514,ZH4516,CA4516,11:45:00,15:30:00,2019-11-20 16:15:02,5.3,1130,45
1569,ZH4516,CA4516,11:45:00,15:30:00,2019-11-21 16:06:46,5.3,1130,44
1595,ZH4516,CA4516,11:45:00,15:30:00,2019-11-22 15:46:21,5.3,1130,43
1658,ZH4516,CA4516,11:45:00,15:30:00,2019-11-23 15:48:24,5.3,1130,42
1692,ZH4516,CA4516,11:45:00,15:30:00,2019-11-24 15:22:19,5.3,1130,41
1761,ZH4516,CA4516,11:45:00,15:30:00,2019-11-25 15:18:21,5.3,1130,40
1781,ZH4516,CA4516,11:45:00,15:30:00,2019-11-26 14:46:54,5.3,1130,39
1849,ZH4516,CA4516,11:45:00,15:30:00,2019-11-27 16:36:04,5.0,1068,38
1898,ZH4516,CA4516,11:45:00,15:30:00,2019-11-28 15:43:42,5.3,1130,37
1945,ZH4516,CA4516,11:45:00,15:30:00,2019-11-29 15:13:46,5.0,1068,36
1980,ZH4516,CA4516,11:45:00,15:30:00,2019-11-30 14:38:52,5.0,1068,35
2058,ZH4516,CA4516,11:45:00,15:30:00,2019-12-01 14:23:37,5.3,1130,34
2075,ZH4516,CA4516,11:45:00,15:30:00,2019-12-02 14:54:24,5.3,1130,33
2153,ZH4516,CA4516,11:45:00,15:30:00,2019-12-03 14:50:04,5.3,1130,32
2171,ZH4516,CA4516,11:45:00,15:30:00,2019-12-04 14:50:24,5.4,1140,31
2219,ZH4516,CA4516,11:45:00,15:30:00,2019-12-05 14:17:21,5.4,1140,30
2267,ZH4516,CA4516,11:45:00,15:30:00,2019-12-06 15:19:09,5.4,1140,29
2315,ZH4516,CA4516,11:45:00,15:30:00,2019-12-07 14:41:45,5.0,1068,28
2363,ZH4516,CA4516,11:45:00,15:30:00,2019-12-08 15:47:35,5.1,1077,27
2431,ZH4516,CA4516,11:45:00,15:30:00,2019-12-09 15:30:53,5.4,1140,26
2474,ZH4516,CA4516,11:45:00,15:30:00,2019-12-11 16:16:58,5.0,1068,24
2494,ZH4516,CA4516,11:45:00,15:30:00,2019-12-12 14:19:32,5.4,1140,23
2556,ZH4516,CA4516,11:45:00,15:30:00,2019-12-13 15:40:20,5.4,1140,22
2603,ZH4516,CA4516,11:45:00,15:30:00,2019-12-14 16:49:00,5.1,1077,21
2652,ZH4516,CA4516,11:45:00,15:30:00,2019-12-15 14:23:57,5.3,1130,20
2700,ZH4516,CA4516,11:45:00,15:30:00,2019-12-16 14:50:59,5.4,1140,19
2748,ZH4516,CA4516,11:45:00,15:30:00,2019-12-17 15:41:30,6.4,1360,18
2791,ZH4516,CA4516,11:45:00,15:30:00,2019-12-18 16:37:34,5.3,1130,17
2840,ZH4516,CA4516,11:45:00,15:30:00,2019-12-19 14:42:53,5.1,1077,16
2890,ZH4516,CA4516,11:45:00,15:30:00,2019-12-20 13:18:54,5.4,1140,15
2939,ZH4516,CA4516,11:45:00,15:30:00,2019-12-21 18:15:46,5.3,1130,14
2987,ZH4516,CA4516,11:45:00,15:30:00,2019-12-22 16:59:10,5.4,1140,13
3037,ZH4516,CA4516,11:45:00,15:30:00,2019-12-23 14:59:49,5.1,1077,12
3108,ZH4516,CA4516,11:45:00,15:30:00,2019-12-24 15:36:36,5.4,1140,11
3152,ZH4516,CA4516,11:45:00,15:30:00,2019-12-25 15:43:21,5.4,1140,10
3178,ZH4516,CA4516,11:45:00,15:30:00,2019-12-26 15:31:03,5.4,1140,9
3222,ZH4516,CA4516,11:45:00,15:30:00,2019-12-27 12:54:03,5.4,1140,8
3271,ZH4516,CA4516,11:45:00,15:30:00,2019-12-28 16:14:41,6.4,1360,7
3323,ZH4516,CA4516,11:45:00,15:30:00,2019-12-29 14:16:36,6.4,1350,6
3401,ZH4516,CA4516,11:45:00,15:30:00,2019-12-30 15:32:22,5.4,1140,5
3429,ZH4516,CA4516,11:45:00,15:30:00,2019-12-31 16:35:21,5.4,1140,4
3478,ZH4516,CA4516,11:45:00,15:30:00,2020-01-01 14:19:07,7.4,1560,3
3549,ZH4516,CA4516,11:45:00,15:30:00,2020-01-02 14:16:52,7.4,1570,2
3574,ZH4516,CA4516,11:45:00,15:30:00,2020-01-03 16:27:02,6.4,1350,1
3625,ZH4516,CA4516,11:45:00,15:30:00,2020-01-04 16:20:32,6.4,1360,0
1528,ZH5113,HO1057,22:35:00,02:15:00,2019-11-20 16:15:02,5.8,1240,45
1535,ZH5113,HO1057,22:35:00,02:15:00,2019-11-21 16:06:46,5.8,1240,44
1624,ZH5113,HO1057,22:35:00,02:15:00,2019-11-22 15:46:21,5.8,1240,43
1672,ZH5113,HO1057,22:35:00,02:15:00,2019-11-23 15:48:24,6.0,1270,42
1678,ZH5113,HO1057,22:35:00,02:15:00,2019-11-24 15:22:19,6.0,1270,41
1726,ZH5113,HO1057,22:35:00,02:15:00,2019-11-25 15:18:21,5.8,1240,40
1815,ZH5113,HO1057,22:35:00,02:15:00,2019-11-26 14:46:54,6.0,1270,39
1833,ZH5113,HO1057,22:35:00,02:15:00,2019-11-27 16:36:04,5.8,1240,38
1912,ZH5113,HO1057,22:35:00,02:15:00,2019-11-28 15:43:42,6.0,1270,37
1959,ZH5113,HO1057,22:35:00,02:15:00,2019-11-29 15:13:46,5.8,1240,36
1966,ZH5113,HO1057,22:35:00,02:15:00,2019-11-30 14:38:52,5.8,1240,35
2043,ZH5113,HO1057,22:35:00,02:15:00,2019-12-01 14:23:37,5.8,1240,34
2062,ZH5113,HO1057,22:35:00,02:15:00,2019-12-02 14:54:24,6.0,1270,33
2139,ZH5113,HO1057,22:35:00,02:15:00,2019-12-03 14:50:04,6.0,1270,32
2157,ZH5113,HO1057,22:35:00,02:15:00,2019-12-04 14:50:24,6.0,1270,31
2206,ZH5113,HO1057,22:35:00,02:15:00,2019-12-05 14:17:21,6.0,1270,30
2253,ZH5113,HO1057,22:35:00,02:15:00,2019-12-06 15:19:09,6.0,1270,29
2301,ZH5113,HO1057,22:35:00,02:15:00,2019-12-07 14:41:45,5.8,1240,28
2349,ZH5113,HO1057,22:35:00,02:15:00,2019-12-08 15:47:35,5.8,1240,27
2397,ZH5113,HO1057,22:35:00,02:15:00,2019-12-09 15:30:53,6.0,1270,26
2488,ZH5113,HO1057,22:35:00,02:15:00,2019-12-11 16:16:58,5.8,1240,24
2527,ZH5113,HO1057,22:35:00,02:15:00,2019-12-12 14:19:32,6.0,1270,23
2542,ZH5113,HO1057,22:35:00,02:15:00,2019-12-13 15:40:20,4.1,870,22
2590,ZH5113,HO1057,22:35:00,02:15:00,2019-12-14 16:49:00,4.0,854,21
2638,ZH5113,HO1057,22:35:00,02:15:00,2019-12-15 14:23:57,4.0,855,20
2686,ZH5113,HO1057,22:35:00,02:15:00,2019-12-16 14:50:59,4.1,870,19
2734,ZH5113,HO1057,22:35:00,02:15:00,2019-12-17 15:41:30,4.1,870,18
2806,ZH5113,HO1057,22:35:00,02:15:00,2019-12-18 16:37:34,4.0,855,17
2855,ZH5113,HO1057,22:35:00,02:15:00,2019-12-19 14:42:53,4.0,854,16
2906,ZH5113,HO1057,22:35:00,02:15:00,2019-12-20 13:18:54,4.1,870,15
2953,ZH5113,HO1057,22:35:00,02:15:00,2019-12-21 18:15:46,4.0,855,14
3002,ZH5113,HO1057,22:35:00,02:15:00,2019-12-22 16:59:10,4.1,870,13
3052,ZH5113,HO1057,22:35:00,02:15:00,2019-12-23 14:59:49,4.0,854,12
3093,ZH5113,HO1057,22:35:00,02:15:00,2019-12-24 15:36:36,4.1,870,11
3137,ZH5113,HO1057,22:35:00,02:15:00,2019-12-25 15:43:21,4.1,870,10
3202,ZH5113,HO1057,22:35:00,02:15:00,2019-12-26 15:31:03,4.1,870,9
3256,ZH5113,HO1057,22:35:00,02:15:00,2019-12-27 12:54:03,4.1,870,8
3305,ZH5113,HO1057,22:35:00,02:15:00,2019-12-28 16:14:41,5.4,1140,7
3357,ZH5113,HO1057,22:35:00,02:15:00,2019-12-29 14:16:36,4.0,855,6
3386,ZH5113,HO1057,22:35:00,02:15:00,2019-12-30 15:32:22,4.1,870,5
3443,ZH5113,HO1057,22:35:00,02:15:00,2019-12-31 16:35:21,4.0,856,4
3493,ZH5113,HO1057,22:35:00,02:15:00,2020-01-01 14:19:07,3.1,654,3
3526,ZH5113,HO1057,22:35:00,02:15:00,2020-01-02 14:16:52,4.1,870,2
3590,ZH5113,HO1057,22:35:00,02:15:00,2020-01-03 16:27:02,4.0,855,1
3651,ZH5113,HO1057,22:35:00,02:15:00,2020-01-04 16:20:32,5.1,1080,0
3673,ZH5113,HO1057,22:35:00,02:15:00,2020-01-05 16:37:50,6.1,1290,0
1518,ZH5115,HO1097,09:50:00,13:10:00,2019-11-20 16:15:02,7.0,1490,45
1573,ZH5115,HO1097,09:50:00,13:10:00,2019-11-21 16:06:46,7.0,1490,44
1591,ZH5115,HO1097,09:50:00,13:10:00,2019-11-22 15:46:21,7.0,1490,43
1662,ZH5115,HO1097,09:50:00,13:10:00,2019-11-23 15:48:24,7.0,1490,42
1688,ZH5115,HO1097,09:50:00,13:10:00,2019-11-24 15:22:19,7.1,1510,41
1765,ZH5115,HO1097,09:50:00,13:10:00,2019-11-25 15:18:21,7.0,1490,40
1777,ZH5115,HO1097,09:50:00,13:10:00,2019-11-26 14:46:54,7.1,1510,39
1845,ZH5115,HO1097,09:50:00,13:10:00,2019-11-27 16:36:04,7.0,1490,38
1902,ZH5115,HO1097,09:50:00,13:10:00,2019-11-28 15:43:42,6.9,1470,37
1949,ZH5115,HO1097,09:50:00,13:10:00,2019-11-29 15:13:46,7.0,1490,36
1976,ZH5115,HO1097,09:50:00,13:10:00,2019-11-30 14:38:52,7.0,1490,35
2054,ZH5115,HO1097,09:50:00,13:10:00,2019-12-01 14:23:37,7.0,1490,34
2071,ZH5115,HO1097,09:50:00,13:10:00,2019-12-02 14:54:24,7.1,1510,33
2149,ZH5115,HO1097,09:50:00,13:10:00,2019-12-03 14:50:04,7.1,1510,32
2167,ZH5115,HO1097,09:50:00,13:10:00,2019-12-04 14:50:24,7.1,1510,31
2215,ZH5115,HO1097,09:50:00,13:10:00,2019-12-05 14:17:21,7.1,1510,30
2263,ZH5115,HO1097,09:50:00,13:10:00,2019-12-06 15:19:09,6.9,1455,29
2311,ZH5115,HO1097,09:50:00,13:10:00,2019-12-07 14:41:45,7.0,1489,28
2359,ZH5115,HO1097,09:50:00,13:10:00,2019-12-08 15:47:35,7.0,1489,27
2435,ZH5115,HO1097,09:50:00,13:10:00,2019-12-09 15:30:53,7.1,1510,26
2478,ZH5115,HO1097,09:50:00,13:10:00,2019-12-11 16:16:58,7.0,1489,24
2537,ZH5115,HO1097,09:50:00,13:10:00,2019-12-12 14:19:32,7.1,1510,23
2552,ZH5115,HO1097,09:50:00,13:10:00,2019-12-13 15:40:20,7.1,1510,22
2599,ZH5115,HO1097,09:50:00,13:10:00,2019-12-14 16:49:00,7.0,1489,21
2648,ZH5115,HO1097,09:50:00,13:10:00,2019-12-15 14:23:57,7.0,1490,20
2696,ZH5115,HO1097,09:50:00,13:10:00,2019-12-16 14:50:59,7.1,1510,19
2744,ZH5115,HO1097,09:50:00,13:10:00,2019-12-17 15:41:30,7.1,1510,18
2788,ZH5115,HO1097,09:50:00,13:10:00,2019-12-18 16:37:34,5.0,1065,17
2837,ZH5115,HO1097,09:50:00,13:10:00,2019-12-19 14:42:53,5.0,1064,16
2887,ZH5115,HO1097,09:50:00,13:10:00,2019-12-20 13:18:54,5.1,1080,15
2936,ZH5115,HO1097,09:50:00,13:10:00,2019-12-21 18:15:46,5.0,1065,14
2984,ZH5115,HO1097,09:50:00,13:10:00,2019-12-22 16:59:10,5.1,1080,13
3034,ZH5115,HO1097,09:50:00,13:10:00,2019-12-23 14:59:49,5.0,1064,12
3111,ZH5115,HO1097,09:50:00,13:10:00,2019-12-24 15:36:36,5.1,1080,11
3149,ZH5115,HO1097,09:50:00,13:10:00,2019-12-25 15:43:21,5.1,1080,10
3175,ZH5115,HO1097,09:50:00,13:10:00,2019-12-26 15:31:03,5.1,1080,9
3225,ZH5115,HO1097,09:50:00,13:10:00,2019-12-27 12:54:03,5.1,1080,8
3274,ZH5115,HO1097,09:50:00,13:10:00,2019-12-28 16:14:41,5.4,1140,7
3326,ZH5115,HO1097,09:50:00,13:10:00,2019-12-29 14:16:36,4.6,965,6
3404,ZH5115,HO1097,09:50:00,13:10:00,2019-12-30 15:32:22,4.1,870,5
3426,ZH5115,HO1097,09:50:00,13:10:00,2019-12-31 16:35:21,4.0,856,4
3475,ZH5115,HO1097,09:50:00,13:10:00,2020-01-01 14:19:07,5.0,1064,3
3552,ZH5115,HO1097,09:50:00,13:10:00,2020-01-02 14:16:52,5.1,1080,2
3571,ZH5115,HO1097,09:50:00,13:10:00,2020-01-03 16:27:02,7.0,1490,1
3622,ZH5115,HO1097,09:50:00,13:10:00,2020-01-04 16:20:32,7.1,1510,0
1498,ZH5117,HO1119,08:05:00,11:35:00,2019-11-20 16:15:02,7.0,1490,45
1552,ZH5117,HO1119,08:05:00,11:35:00,2019-11-21 16:06:46,7.0,1490,44
1612,ZH5117,HO1119,08:05:00,11:35:00,2019-11-22 15:46:21,7.0,1490,43
1642,ZH5117,HO1119,08:05:00,11:35:00,2019-11-23 15:48:24,7.0,1490,42
1709,ZH5117,HO1119,08:05:00,11:35:00,2019-11-24 15:22:19,7.1,1510,41
1744,ZH5117,HO1119,08:05:00,11:35:00,2019-11-25 15:18:21,7.0,1490,40
1797,ZH5117,HO1119,08:05:00,11:35:00,2019-11-26 14:46:54,7.1,1510,39
1866,ZH5117,HO1119,08:05:00,11:35:00,2019-11-27 16:36:04,7.0,1490,38
1881,ZH5117,HO1119,08:05:00,11:35:00,2019-11-28 15:43:42,6.9,1470,37
1942,ZH5117,HO1119,08:05:00,11:35:00,2019-11-29 15:13:46,7.0,1490,36
1997,ZH5117,HO1119,08:05:00,11:35:00,2019-11-30 14:38:52,7.0,1490,35
2026,ZH5117,HO1119,08:05:00,11:35:00,2019-12-01 14:23:37,7.0,1490,34
2093,ZH5117,HO1119,08:05:00,11:35:00,2019-12-02 14:54:24,7.1,1510,33
2121,ZH5117,HO1119,08:05:00,11:35:00,2019-12-03 14:50:04,7.1,1510,32
2186,ZH5117,HO1119,08:05:00,11:35:00,2019-12-04 14:50:24,7.1,1510,31
2236,ZH5117,HO1119,08:05:00,11:35:00,2019-12-05 14:17:21,7.1,1510,30
2284,ZH5117,HO1119,08:05:00,11:35:00,2019-12-06 15:19:09,6.9,1455,29
2332,ZH5117,HO1119,08:05:00,11:35:00,2019-12-07 14:41:45,7.0,1489,28
2380,ZH5117,HO1119,08:05:00,11:35:00,2019-12-08 15:47:35,7.0,1489,27
2414,ZH5117,HO1119,08:05:00,11:35:00,2019-12-09 15:30:53,7.1,1510,26
2458,ZH5117,HO1119,08:05:00,11:35:00,2019-12-11 16:16:58,7.0,1489,24
2511,ZH5117,HO1119,08:05:00,11:35:00,2019-12-12 14:19:32,7.1,1510,23
2574,ZH5117,HO1119,08:05:00,11:35:00,2019-12-13 15:40:20,4.1,870,22
2620,ZH5117,HO1119,08:05:00,11:35:00,2019-12-14 16:49:00,4.0,854,21
2669,ZH5117,HO1119,08:05:00,11:35:00,2019-12-15 14:23:57,4.0,855,20
2717,ZH5117,HO1119,08:05:00,11:35:00,2019-12-16 14:50:59,4.1,870,19
2765,ZH5117,HO1119,08:05:00,11:35:00,2019-12-17 15:41:30,4.1,870,18
2818,ZH5117,HO1119,08:05:00,11:35:00,2019-12-18 16:37:34,5.0,1065,17
2867,ZH5117,HO1119,08:05:00,11:35:00,2019-12-19 14:42:53,5.0,1064,16
2918,ZH5117,HO1119,08:05:00,11:35:00,2019-12-20 13:18:54,5.1,1080,15
2965,ZH5117,HO1119,08:05:00,11:35:00,2019-12-21 18:15:46,4.0,855,14
3014,ZH5117,HO1119,08:05:00,11:35:00,2019-12-22 16:59:10,5.1,1080,13
3064,ZH5117,HO1119,08:05:00,11:35:00,2019-12-23 14:59:49,5.0,1064,12
3081,ZH5117,HO1119,08:05:00,11:35:00,2019-12-24 15:36:36,4.6,980,11
3125,ZH5117,HO1119,08:05:00,11:35:00,2019-12-25 15:43:21,4.6,980,10
3195,ZH5117,HO1119,08:05:00,11:35:00,2019-12-26 15:31:03,4.6,980,9
3244,ZH5117,HO1119,08:05:00,11:35:00,2019-12-27 12:54:03,4.6,980,8
3293,ZH5117,HO1119,08:05:00,11:35:00,2019-12-28 16:14:41,4.9,1040,7
3345,ZH5117,HO1119,08:05:00,11:35:00,2019-12-29 14:16:36,4.6,965,6
3374,ZH5117,HO1119,08:05:00,11:35:00,2019-12-30 15:32:22,4.1,870,5
3455,ZH5117,HO1119,08:05:00,11:35:00,2019-12-31 16:35:21,4.0,856,4
3505,ZH5117,HO1119,08:05:00,11:35:00,2020-01-01 14:19:07,5.0,1064,3
3538,ZH5117,HO1119,08:05:00,11:35:00,2020-01-02 14:16:52,5.1,1080,2
3602,ZH5117,HO1119,08:05:00,11:35:00,2020-01-03 16:27:02,7.0,1490,1
3640,ZH5117,HO1119,08:05:00,11:35:00,2020-01-04 16:20:32,7.1,1510,0
