,flightno,actualflight,departtime,arrivetime,crawltime,discount,lowest_price,days_to_departure
2424,3U1073,CZ3359,16:30:00,20:00:00,2021-01-20 14:53:46,4.9,950,45
2464,3U1073,CZ3359,16:30:00,20:00:00,2021-01-21 14:53:15,1.6,300,44
2507,3U1073,CZ3359,16:30:00,20:00:00,2021-01-22 14:03:49,1.6,300,43
2591,3U1073,CZ3359,16:30:00,20:00:00,2021-01-23 14:32:32,1.6,300,42
2650,3U1073,CZ3359,16:30:00,20:00:00,2021-01-24 14:01:53,4.9,950,41
2652,3U1073,CZ3359,16:30:00,20:00:00,2021-01-25 14:14:42,4.9,950,40
2709,3U1073,CZ3359,16:30:00,20:00:00,2021-01-26 14:49:19,1.6,300,39
2790,3U1073,CZ3359,16:30:00,20:00:00,2021-01-27 14:47:19,1.6,300,38
2836,3U1073,CZ3359,16:30:00,20:00:00,2021-01-28 14:32:28,1.6,300,37
2906,3U1073,CZ3359,16:30:00,20:00:00,2021-01-29 14:20:12,1.7,320,36
2955,3U1073,CZ3359,16:30:00,20:00:00,2021-01-30 14:43:25,4.9,950,35
3002,3U1073,CZ3359,16:30:00,20:00:00,2021-01-31 14:27:09,1.7,320,34
3070,3U1073,CZ3359,16:30:00,20:00:00,2021-02-01 14:18:55,1.7,320,33
3117,3U1073,CZ3359,16:30:00,20:00:00,2021-02-02 14:08:52,4.9,950,32
3145,3U1073,CZ3359,16:30:00,20:00:00,2021-02-04 14:01:39,1.7,320,30
3235,3U1073,CZ3359,16:30:00,20:00:00,2021-02-05 14:29:19,1.7,320,29
3271,3U1073,CZ3359,16:30:00,20:00:00,2021-02-06 14:23:14,1.7,320,28
3346,3U1073,CZ3359,16:30:00,20:00:00,2021-02-07 14:27:03,1.7,320,27
3443,3U1073,CZ3359,16:30:00,20:00:00,2021-02-08 14:18:29,1.7,320,26
3463,3U1073,CZ3359,16:30:00,20:00:00,2021-02-09 13:56:38,4.9,950,25
3512,3U1073,CZ3359,16:30:00,20:00:00,2021-02-10 14:40:26,2.5,480,24
3579,3U1073,CZ3359,16:30:00,20:00:00,2021-02-11 14:30:40,2.5,480,23
3647,3U1073,CZ3359,16:30:00,20:00:00,2021-02-12 13:50:00,2.5,480,22
3717,3U1073,CZ3359,16:30:00,20:00:00,2021-02-13 13:52:16,2.5,480,21
3778,3U1073,CZ3359,16:30:00,20:00:00,2021-02-14 14:18:16,2.5,480,20
3855,3U1073,CZ3359,16:30:00,20:00:00,2021-02-15 14:06:34,4.9,950,19
3893,3U1073,CZ3359,16:30:00,20:00:00,2021-02-16 14:28:24,2.5,480,18
3937,3U1073,CZ3359,16:30:00,20:00:00,2021-02-17 14:26:03,2.5,480,17
4002,3U1073,CZ3359,16:30:00,20:00:00,2021-02-18 13:48:15,2.5,480,16
4098,3U1073,CZ3359,16:30:00,20:00:00,2021-02-19 10:41:07,1.7,320,15
4135,3U1073,CZ3359,16:30:00,20:00:00,2021-02-22 17:59:42,1.3,260,12
4205,3U1073,CZ3359,16:30:00,20:00:00,2021-02-23 13:59:40,4.9,950,11
4261,3U1073,CZ3359,16:30:00,20:00:00,2021-02-24 14:20:57,1.3,260,10
4302,3U1073,CZ3359,16:30:00,20:00:00,2021-02-25 13:42:14,4.9,950,9
4322,3U1073,CZ3359,16:30:00,20:00:00,2021-03-01 18:09:27,2.7,530,5
4402,3U1073,CZ3359,16:30:00,20:00:00,2021-03-02 13:55:01,2.7,530,4
4464,3U1073,CZ3359,16:30:00,20:00:00,2021-03-03 13:57:25,2.7,530,3
4524,3U1073,CZ3359,16:30:00,20:00:00,2021-03-04 14:11:26,3.6,690,2
4571,3U1073,CZ3359,16:30:00,20:00:00,2021-03-05 13:43:38,4.9,950,1
4608,3U1073,CZ3359,16:30:00,20:00:00,2021-03-06 14:06:24,4.9,950,0
2446,3U5106,MU5297,17:55:00,21:40:00,2021-01-21 14:53:15,2.6,600,44
2553,3U5106,MU5297,17:55:00,21:40:00,2021-01-22 14:03:49,2.6,600,43
2570,3U5106,MU5297,17:55:00,21:40:00,2021-01-23 14:32:32,2.6,600,42
2730,3U5106,MU5297,17:55:00,21:40:00,2021-01-26 14:49:19,2.6,600,39
2769,3U5106,MU5297,17:55:00,21:40:00,2021-01-27 14:47:19,1.7,400,38
2815,3U5106,MU5297,17:55:00,21:40:00,2021-01-28 14:32:28,1.7,400,37
2885,3U5106,MU5297,17:55:00,21:40:00,2021-01-29 14:20:12,1.7,400,36
2981,3U5106,MU5297,17:55:00,21:40:00,2021-01-31 14:27:09,1.7,400,34
3049,3U5106,MU5297,17:55:00,21:40:00,2021-02-01 14:18:55,1.7,400,33
3161,3U5106,MU5297,17:55:00,21:40:00,2021-02-04 14:01:39,1.7,400,30
3258,3U5106,MU5297,17:55:00,21:40:00,2021-02-05 14:29:19,1.7,400,29
3325,3U5106,MU5297,17:55:00,21:40:00,2021-02-07 14:27:03,1.7,400,27
3422,3U5106,MU5297,17:55:00,21:40:00,2021-02-08 14:18:29,0.7,171,26
3491,3U5106,MU5297,17:55:00,21:40:00,2021-02-10 14:40:26,0.8,178,24
3557,3U5106,MU5297,17:55:00,21:40:00,2021-02-11 14:30:40,0.7,170,23
3626,3U5106,MU5297,17:55:00,21:40:00,2021-02-12 13:50:00,0.7,174,22
3739,3U5106,MU5297,17:55:00,21:40:00,2021-02-13 13:52:16,0.7,170,21
3757,3U5106,MU5297,17:55:00,21:40:00,2021-02-14 14:18:16,0.7,170,20
3871,3U5106,MU5297,17:55:00,21:40:00,2021-02-16 14:28:24,0.7,170,18
3958,3U5106,MU5297,17:55:00,21:40:00,2021-02-17 14:26:03,0.7,170,17
4049,3U5106,MU5297,17:55:00,21:40:00,2021-02-18 13:48:15,0.7,170,16
4119,3U5106,MU5297,17:55:00,21:40:00,2021-02-19 10:41:07,0.7,170,15
4161,3U5106,MU5297,17:55:00,21:40:00,2021-02-22 17:59:42,0.7,170,12
2482,3U5109,MU5403,09:10:00,12:35:00,2021-01-21 14:53:15,2.6,600,44
2530,3U5109,MU5403,09:10:00,12:35:00,2021-01-22 14:03:49,2.6,600,43
2613,3U5109,MU5403,09:10:00,12:35:00,2021-01-23 14:32:32,2.6,600,42
2686,3U5109,MU5403,09:10:00,12:35:00,2021-01-26 14:49:19,2.6,600,39
2754,3U5109,MU5403,09:10:00,12:35:00,2021-01-27 14:47:19,1.7,400,38
2859,3U5109,MU5403,09:10:00,12:35:00,2021-01-28 14:32:28,1.7,400,37
2929,3U5109,MU5403,09:10:00,12:35:00,2021-01-29 14:20:12,1.7,400,36
3027,3U5109,MU5403,09:10:00,12:35:00,2021-01-31 14:27:09,1.7,400,34
3092,3U5109,MU5403,09:10:00,12:35:00,2021-02-01 14:18:55,1.7,400,33
3139,3U5109,MU5403,09:10:00,12:35:00,2021-02-04 14:01:39,1.7,400,30
3212,3U5109,MU5403,09:10:00,12:35:00,2021-02-05 14:29:19,1.7,400,29
3369,3U5109,MU5403,09:10:00,12:35:00,2021-02-07 14:27:03,1.7,400,27
3399,3U5109,MU5403,09:10:00,12:35:00,2021-02-08 14:18:29,0.7,171,26
3535,3U5109,MU5403,09:10:00,12:35:00,2021-02-10 14:40:26,0.8,178,24
3601,3U5109,MU5403,09:10:00,12:35:00,2021-02-11 14:30:40,0.7,170,23
3670,3U5109,MU5403,09:10:00,12:35:00,2021-02-12 13:50:00,0.8,180,22
3695,3U5109,MU5403,09:10:00,12:35:00,2021-02-13 13:52:16,0.7,170,21
3806,3U5109,MU5403,09:10:00,12:35:00,2021-02-14 14:18:16,0.7,170,20
3918,3U5109,MU5403,09:10:00,12:35:00,2021-02-16 14:28:24,0.7,170,18
3982,3U5109,MU5403,09:10:00,12:35:00,2021-02-17 14:26:03,0.7,170,17
4025,3U5109,MU5403,09:10:00,12:35:00,2021-02-18 13:48:15,0.7,170,16
4075,3U5109,MU5403,09:10:00,12:35:00,2021-02-19 10:41:07,0.7,170,15
4185,3U5109,MU5403,09:10:00,12:35:00,2021-02-22 17:59:42,0.7,170,12
4237,3U5109,MU5403,09:10:00,12:35:00,2021-02-24 14:20:57,0.7,170,10
4339,3U5109,MU5403,09:10:00,12:35:00,2021-03-01 18:09:27,3.7,860,5
4426,3U5109,MU5403,09:10:00,12:35:00,2021-03-02 13:55:01,3.7,860,4
4487,3U5109,MU5403,09:10:00,12:35:00,2021-03-03 13:57:25,2.3,530,3
4501,3U5109,MU5403,09:10:00,12:35:00,2021-03-04 14:11:26,3.0,690,2
2473,3U5117,MU5411,12:30:00,15:55:00,2021-01-21 14:53:15,2.6,600,44
2517,3U5117,MU5411,12:30:00,15:55:00,2021-01-22 14:03:49,2.6,600,43
2601,3U5117,MU5411,12:30:00,15:55:00,2021-01-23 14:32:32,2.6,600,42
2699,3U5117,MU5411,12:30:00,15:55:00,2021-01-26 14:49:19,2.6,600,39
2800,3U5117,MU5411,12:30:00,15:55:00,2021-01-27 14:47:19,1.7,400,38
2846,3U5117,MU5411,12:30:00,15:55:00,2021-01-28 14:32:28,1.7,400,37
2916,3U5117,MU5411,12:30:00,15:55:00,2021-01-29 14:20:12,1.7,400,36
3013,3U5117,MU5411,12:30:00,15:55:00,2021-01-31 14:27:09,1.7,400,34
3079,3U5117,MU5411,12:30:00,15:55:00,2021-02-01 14:18:55,1.7,400,33
3194,3U5117,MU5411,12:30:00,15:55:00,2021-02-04 14:01:39,1.7,400,30
3225,3U5117,MU5411,12:30:00,15:55:00,2021-02-05 14:29:19,1.7,400,29
3356,3U5117,MU5411,12:30:00,15:55:00,2021-02-07 14:27:03,1.7,400,27
3386,3U5117,MU5411,12:30:00,15:55:00,2021-02-08 14:18:29,0.7,174,26
3522,3U5117,MU5411,12:30:00,15:55:00,2021-02-10 14:40:26,0.7,171,24
3588,3U5117,MU5411,12:30:00,15:55:00,2021-02-11 14:30:40,0.7,170,23
3657,3U5117,MU5411,12:30:00,15:55:00,2021-02-12 13:50:00,0.8,178,22
3708,3U5117,MU5411,12:30:00,15:55:00,2021-02-13 13:52:16,0.7,170,21
3788,3U5117,MU5411,12:30:00,15:55:00,2021-02-14 14:18:16,0.7,170,20
3883,3U5117,MU5411,12:30:00,15:55:00,2021-02-16 14:28:24,0.7,170,18
3927,3U5117,MU5411,12:30:00,15:55:00,2021-02-17 14:26:03,0.7,170,17
4012,3U5117,MU5411,12:30:00,15:55:00,2021-02-18 13:48:15,0.7,170,16
4088,3U5117,MU5411,12:30:00,15:55:00,2021-02-19 10:41:07,0.7,170,15
4146,3U5117,MU5411,12:30:00,15:55:00,2021-02-22 17:59:42,0.7,170,12
4250,3U5117,MU5411,12:30:00,15:55:00,2021-02-24 14:20:57,1.3,300,10
4354,3U5117,MU5411,12:30:00,15:55:00,2021-03-01 18:09:27,2.3,530,5
4413,3U5117,MU5411,12:30:00,15:55:00,2021-03-02 13:55:01,2.3,530,4
4475,3U5117,MU5411,12:30:00,15:55:00,2021-03-03 13:57:25,3.7,860,3
4513,3U5117,MU5411,12:30:00,15:55:00,2021-03-04 14:11:26,3.0,690,2
2476,3U5143,MU5477,21:50:00,01:10:00,2021-01-21 14:53:15,2.3,540,44
2520,3U5143,MU5477,21:50:00,01:10:00,2021-01-22 14:03:49,2.3,540,43
2604,3U5143,MU5477,21:50:00,01:10:00,2021-01-23 14:32:32,2.3,540,42
2696,3U5143,MU5477,21:50:00,01:10:00,2021-01-26 14:49:19,2.3,540,39
2803,3U5143,MU5477,21:50:00,01:10:00,2021-01-27 14:47:19,1.7,400,38
2849,3U5143,MU5477,21:50:00,01:10:00,2021-01-28 14:32:28,1.7,400,37
2919,3U5143,MU5477,21:50:00,01:10:00,2021-01-29 14:20:12,1.7,400,36
3016,3U5143,MU5477,21:50:00,01:10:00,2021-01-31 14:27:09,1.3,300,34
3082,3U5143,MU5477,21:50:00,01:10:00,2021-02-01 14:18:55,1.3,300,33
3197,3U5143,MU5477,21:50:00,01:10:00,2021-02-04 14:01:39,1.3,300,30
3222,3U5143,MU5477,21:50:00,01:10:00,2021-02-05 14:29:19,1.3,300,29
3359,3U5143,MU5477,21:50:00,01:10:00,2021-02-07 14:27:03,1.3,300,27
3389,3U5143,MU5477,21:50:00,01:10:00,2021-02-08 14:18:29,0.7,172,26
3525,3U5143,MU5477,21:50:00,01:10:00,2021-02-10 14:40:26,0.8,179,24
3591,3U5143,MU5477,21:50:00,01:10:00,2021-02-11 14:30:40,0.7,170,23
3660,3U5143,MU5477,21:50:00,01:10:00,2021-02-12 13:50:00,0.7,171,22
3705,3U5143,MU5477,21:50:00,01:10:00,2021-02-13 13:52:16,0.7,170,21
3816,3U5143,MU5477,21:50:00,01:10:00,2021-02-14 14:18:16,0.7,170,20
3904,3U5143,MU5477,21:50:00,01:10:00,2021-02-16 14:28:24,0.7,170,18
3992,3U5143,MU5477,21:50:00,01:10:00,2021-02-17 14:26:03,0.7,170,17
4015,3U5143,MU5477,21:50:00,01:10:00,2021-02-18 13:48:15,0.7,170,16
4085,3U5143,MU5477,21:50:00,01:10:00,2021-02-19 10:41:07,0.7,170,15
4175,3U5143,MU5477,21:50:00,01:10:00,2021-02-22 17:59:42,0.7,170,12
4247,3U5143,MU5477,21:50:00,01:10:00,2021-02-24 14:20:57,0.7,170,10
4353,3U5143,MU5477,21:50:00,01:10:00,2021-03-01 18:09:27,1.9,450,5
4414,3U5143,MU5477,21:50:00,01:10:00,2021-03-02 13:55:01,1.9,450,4
4476,3U5143,MU5477,21:50:00,01:10:00,2021-03-03 13:57:25,1.9,450,3
4512,3U5143,MU5477,21:50:00,01:10:00,2021-03-04 14:11:26,2.6,610,2
2439,3U5145,MU5487,19:30:00,23:00:00,2021-01-21 14:53:15,2.6,600,44
2545,3U5145,MU5487,19:30:00,23:00:00,2021-01-22 14:03:49,2.6,600,43
2562,3U5145,MU5487,19:30:00,23:00:00,2021-01-23 14:32:32,2.6,600,42
2738,3U5145,MU5487,19:30:00,23:00:00,2021-01-26 14:49:19,2.6,600,39
2762,3U5145,MU5487,19:30:00,23:00:00,2021-01-27 14:47:19,1.7,400,38
2807,3U5145,MU5487,19:30:00,23:00:00,2021-01-28 14:32:28,1.7,400,37
2876,3U5145,MU5487,19:30:00,23:00:00,2021-01-29 14:20:12,1.7,400,36
2975,3U5145,MU5487,19:30:00,23:00:00,2021-01-31 14:27:09,1.5,350,34
3040,3U5145,MU5487,19:30:00,23:00:00,2021-02-01 14:18:55,1.5,350,33
3170,3U5145,MU5487,19:30:00,23:00:00,2021-02-04 14:01:39,1.5,350,30
3249,3U5145,MU5487,19:30:00,23:00:00,2021-02-05 14:29:19,1.5,350,29
3316,3U5145,MU5487,19:30:00,23:00:00,2021-02-07 14:27:03,1.5,350,27
3413,3U5145,MU5487,19:30:00,23:00:00,2021-02-08 14:18:29,0.7,174,26
3482,3U5145,MU5487,19:30:00,23:00:00,2021-02-10 14:40:26,0.8,179,24
3548,3U5145,MU5487,19:30:00,23:00:00,2021-02-11 14:30:40,0.7,170,23
3617,3U5145,MU5487,19:30:00,23:00:00,2021-02-12 13:50:00,0.7,171,22
3748,3U5145,MU5487,19:30:00,23:00:00,2021-02-13 13:52:16,0.7,170,21
3791,3U5145,MU5487,19:30:00,23:00:00,2021-02-14 14:18:16,0.7,170,20
3880,3U5145,MU5487,19:30:00,23:00:00,2021-02-16 14:28:24,0.7,170,18
3967,3U5145,MU5487,19:30:00,23:00:00,2021-02-17 14:26:03,0.7,170,17
4040,3U5145,MU5487,19:30:00,23:00:00,2021-02-18 13:48:15,0.7,170,16
4127,3U5145,MU5487,19:30:00,23:00:00,2021-02-19 10:41:07,0.7,170,15
4152,3U5145,MU5487,19:30:00,23:00:00,2021-02-22 17:59:42,0.7,170,12
4286,3U5145,MU5487,19:30:00,23:00:00,2021-02-24 14:20:57,0.7,170,10
4360,3U5145,MU5487,19:30:00,23:00:00,2021-03-01 18:09:27,2.1,490,5
4378,3U5145,MU5487,19:30:00,23:00:00,2021-03-02 13:55:01,2.1,490,4
4440,3U5145,MU5487,19:30:00,23:00:00,2021-03-03 13:57:25,2.1,490,3
4547,3U5145,MU5487,19:30:00,23:00:00,2021-03-04 14:11:26,2.8,650,2
2463,3U5158,MU5642,19:20:00,22:55:00,2021-01-21 14:53:15,2.6,600,44
2506,3U5158,MU5642,19:20:00,22:55:00,2021-01-22 14:03:49,2.6,600,43
2590,3U5158,MU5642,19:20:00,22:55:00,2021-01-23 14:32:32,2.6,600,42
2710,3U5158,MU5642,19:20:00,22:55:00,2021-01-26 14:49:19,2.6,600,39
2789,3U5158,MU5642,19:20:00,22:55:00,2021-01-27 14:47:19,1.7,400,38
2835,3U5158,MU5642,19:20:00,22:55:00,2021-01-28 14:32:28,1.7,400,37
2905,3U5158,MU5642,19:20:00,22:55:00,2021-01-29 14:20:12,1.7,400,36
3001,3U5158,MU5642,19:20:00,22:55:00,2021-01-31 14:27:09,1.3,300,34
3069,3U5158,MU5642,19:20:00,22:55:00,2021-02-01 14:18:55,1.3,300,33
3174,3U5158,MU5642,19:20:00,22:55:00,2021-02-04 14:01:39,1.3,300,30
3236,3U5158,MU5642,19:20:00,22:55:00,2021-02-05 14:29:19,1.3,300,29
3345,3U5158,MU5642,19:20:00,22:55:00,2021-02-07 14:27:03,1.3,300,27
3442,3U5158,MU5642,19:20:00,22:55:00,2021-02-08 14:18:29,0.8,178,26
3511,3U5158,MU5642,19:20:00,22:55:00,2021-02-10 14:40:26,0.7,174,24
3577,3U5158,MU5642,19:20:00,22:55:00,2021-02-11 14:30:40,0.7,170,23
3646,3U5158,MU5642,19:20:00,22:55:00,2021-02-12 13:50:00,0.8,178,22
3719,3U5158,MU5642,19:20:00,22:55:00,2021-02-13 13:52:16,0.7,170,21
3777,3U5158,MU5642,19:20:00,22:55:00,2021-02-14 14:18:16,0.7,170,20
3894,3U5158,MU5642,19:20:00,22:55:00,2021-02-16 14:28:24,0.7,170,18
3938,3U5158,MU5642,19:20:00,22:55:00,2021-02-17 14:26:03,0.7,170,17
4001,3U5158,MU5642,19:20:00,22:55:00,2021-02-18 13:48:15,0.7,170,16
4099,3U5158,MU5642,19:20:00,22:55:00,2021-02-19 10:41:07,0.7,170,15
4134,3U5158,MU5642,19:20:00,22:55:00,2021-02-22 17:59:42,0.7,170,12
4262,3U5158,MU5642,19:20:00,22:55:00,2021-02-24 14:20:57,0.7,170,10
4323,3U5158,MU5642,19:20:00,22:55:00,2021-03-01 18:09:27,2.1,490,5
4401,3U5158,MU5642,19:20:00,22:55:00,2021-03-02 13:55:01,2.1,490,4
4463,3U5158,MU5642,19:20:00,22:55:00,2021-03-03 13:57:25,2.1,490,3
4525,3U5158,MU5642,19:20:00,22:55:00,2021-03-04 14:11:26,2.6,610,2
2435,3U8962,,11:45:00,15:20:00,2021-01-20 14:53:46,1.7,400,45
2485,3U8962,,11:45:00,15:20:00,2021-01-21 14:53:15,1.7,400,44
2534,3U8962,,11:45:00,15:20:00,2021-01-22 14:03:49,1.7,400,43
2623,3U8962,,11:45:00,15:20:00,2021-01-23 14:32:32,1.7,400,42
2639,3U8962,,11:45:00,15:20:00,2021-01-24 14:01:53,1.7,400,41
2664,3U8962,,11:45:00,15:20:00,2021-01-25 14:14:42,1.7,400,40
2682,3U8962,,11:45:00,15:20:00,2021-01-26 14:49:19,1.7,400,39
2750,3U8962,,11:45:00,15:20:00,2021-01-27 14:47:19,1.7,400,38
2863,3U8962,,11:45:00,15:20:00,2021-01-28 14:32:28,1.7,400,37
2933,3U8962,,11:45:00,15:20:00,2021-01-29 14:20:12,2.3,539,36
2966,3U8962,,11:45:00,15:20:00,2021-01-30 14:43:25,2.4,560,35
3031,3U8962,,11:45:00,15:20:00,2021-01-31 14:27:09,2.2,519,34
3096,3U8962,,11:45:00,15:20:00,2021-02-01 14:18:55,2.2,519,33
3106,3U8962,,11:45:00,15:20:00,2021-02-02 14:08:52,2.4,560,32
3143,3U8962,,11:45:00,15:20:00,2021-02-04 14:01:39,1.5,350,30
3207,3U8962,,11:45:00,15:20:00,2021-02-05 14:29:19,1.5,350,29
3302,3U8962,,11:45:00,15:20:00,2021-02-06 14:23:14,1.5,350,28
3373,3U8962,,11:45:00,15:20:00,2021-02-07 14:27:03,1.5,350,27
3403,3U8962,,11:45:00,15:20:00,2021-02-08 14:18:29,1.5,350,26
3474,3U8962,,11:45:00,15:20:00,2021-02-09 13:56:38,1.5,350,25
3539,3U8962,,11:45:00,15:20:00,2021-02-10 14:40:26,1.5,350,24
3605,3U8962,,11:45:00,15:20:00,2021-02-11 14:30:40,1.5,350,23
3674,3U8962,,11:45:00,15:20:00,2021-02-12 13:50:00,1.5,350,22
3691,3U8962,,11:45:00,15:20:00,2021-02-13 13:52:16,1.5,350,21
3802,3U8962,,11:45:00,15:20:00,2021-02-14 14:18:16,1.5,350,20
3827,3U8962,,11:45:00,15:20:00,2021-02-15 14:06:34,1.5,350,19
3914,3U8962,,11:45:00,15:20:00,2021-02-16 14:28:24,1.5,350,18
3978,3U8962,,11:45:00,15:20:00,2021-02-17 14:26:03,1.5,350,17
4029,3U8962,,11:45:00,15:20:00,2021-02-18 13:48:15,1.5,350,16
4071,3U8962,,11:45:00,15:20:00,2021-02-19 10:41:07,1.5,350,15
4189,3U8962,,11:45:00,15:20:00,2021-02-22 17:59:42,1.5,350,12
4201,3U8962,,11:45:00,15:20:00,2021-02-23 13:59:40,0.8,180,11
4233,3U8962,,11:45:00,15:20:00,2021-02-24 14:20:57,1.1,250,10
4314,3U8962,,11:45:00,15:20:00,2021-02-25 13:42:14,1.1,250,9
4343,3U8962,,11:45:00,15:20:00,2021-03-01 18:09:27,2.3,530,5
4430,3U8962,,11:45:00,15:20:00,2021-03-02 13:55:01,2.3,530,4
4490,3U8962,,11:45:00,15:20:00,2021-03-03 13:57:25,2.3,530,3
4557,3U8962,,11:45:00,15:20:00,2021-03-04 14:11:26,2.4,560,2
4583,3U8962,,11:45:00,15:20:00,2021-03-05 13:43:38,3.0,690,1
4604,3U8962,,11:45:00,15:20:00,2021-03-06 14:06:24,3.0,690,0
2421,3U8964,,16:35:00,20:20:00,2021-01-20 14:53:46,1.3,300,45
2455,3U8964,,16:35:00,20:20:00,2021-01-21 14:53:15,1.3,300,44
2495,3U8964,,16:35:00,20:20:00,2021-01-22 14:03:49,1.3,300,43
2579,3U8964,,16:35:00,20:20:00,2021-01-23 14:32:32,1.3,300,42
2628,3U8964,,16:35:00,20:20:00,2021-01-24 14:01:53,1.3,300,41
2655,3U8964,,16:35:00,20:20:00,2021-01-25 14:14:42,1.3,300,40
2721,3U8964,,16:35:00,20:20:00,2021-01-26 14:49:19,1.3,300,39
2778,3U8964,,16:35:00,20:20:00,2021-01-27 14:47:19,1.3,300,38
2824,3U8964,,16:35:00,20:20:00,2021-01-28 14:32:28,1.3,300,37
2894,3U8964,,16:35:00,20:20:00,2021-01-29 14:20:12,1.3,300,36
2953,3U8964,,16:35:00,20:20:00,2021-01-30 14:43:25,1.3,300,35
2990,3U8964,,16:35:00,20:20:00,2021-01-31 14:27:09,1.3,300,34
3058,3U8964,,16:35:00,20:20:00,2021-02-01 14:18:55,1.3,300,33
3120,3U8964,,16:35:00,20:20:00,2021-02-02 14:08:52,1.3,300,32
3152,3U8964,,16:35:00,20:20:00,2021-02-04 14:01:39,1.3,300,30
3199,3U8964,,16:35:00,20:20:00,2021-02-05 14:29:19,1.3,300,29
3298,3U8964,,16:35:00,20:20:00,2021-02-06 14:23:14,1.3,300,28
3334,3U8964,,16:35:00,20:20:00,2021-02-07 14:27:03,1.3,300,27
3431,3U8964,,16:35:00,20:20:00,2021-02-08 14:18:29,1.3,300,26
3460,3U8964,,16:35:00,20:20:00,2021-02-09 13:56:38,1.3,300,25
3500,3U8964,,16:35:00,20:20:00,2021-02-10 14:40:26,1.3,300,24
3566,3U8964,,16:35:00,20:20:00,2021-02-11 14:30:40,1.3,300,23
3635,3U8964,,16:35:00,20:20:00,2021-02-12 13:50:00,1.3,300,22
3730,3U8964,,16:35:00,20:20:00,2021-02-13 13:52:16,1.3,300,21
3766,3U8964,,16:35:00,20:20:00,2021-02-14 14:18:16,1.3,300,20
3829,3U8964,,16:35:00,20:20:00,2021-02-15 14:06:34,1.3,300,19
3858,3U8964,,16:35:00,20:20:00,2021-02-16 14:28:24,1.3,300,18
3949,3U8964,,16:35:00,20:20:00,2021-02-17 14:26:03,1.3,300,17
4058,3U8964,,16:35:00,20:20:00,2021-02-18 13:48:15,1.3,300,16
4110,3U8964,,16:35:00,20:20:00,2021-02-19 10:41:07,1.3,300,15
4168,3U8964,,16:35:00,20:20:00,2021-02-22 17:59:42,0.7,170,12
4208,3U8964,,16:35:00,20:20:00,2021-02-23 13:59:40,0.7,170,11
4272,3U8964,,16:35:00,20:20:00,2021-02-24 14:20:57,1.3,300,10
4299,3U8964,,16:35:00,20:20:00,2021-02-25 13:42:14,1.3,300,9
4374,3U8964,,16:35:00,20:20:00,2021-03-01 18:09:27,2.3,530,5
4392,3U8964,,16:35:00,20:20:00,2021-03-02 13:55:01,2.3,530,4
4454,3U8964,,16:35:00,20:20:00,2021-03-03 13:57:25,2.3,530,3
4533,3U8964,,16:35:00,20:20:00,2021-03-04 14:11:26,2.4,560,2
4569,3U8964,,16:35:00,20:20:00,2021-03-05 13:43:38,2.4,560,1
4603,3U8964,,16:35:00,20:20:00,2021-03-06 14:06:24,2.4,560,0
2432,3U8966,,19:55:00,23:30:00,2021-01-20 14:53:46,1.3,300,45
2480,3U8966,,19:55:00,23:30:00,2021-01-21 14:53:15,1.3,300,44
2527,3U8966,,19:55:00,23:30:00,2021-01-22 14:03:49,1.3,300,43
2610,3U8966,,19:55:00,23:30:00,2021-01-23 14:32:32,1.3,300,42
2642,3U8966,,19:55:00,23:30:00,2021-01-24 14:01:53,1.3,300,41
2667,3U8966,,19:55:00,23:30:00,2021-01-25 14:14:42,1.3,300,40
2689,3U8966,,19:55:00,23:30:00,2021-01-26 14:49:19,1.3,300,39
2757,3U8966,,19:55:00,23:30:00,2021-01-27 14:47:19,1.3,300,38
2856,3U8966,,19:55:00,23:30:00,2021-01-28 14:32:28,1.3,300,37
2926,3U8966,,19:55:00,23:30:00,2021-01-29 14:20:12,1.3,300,36
2963,3U8966,,19:55:00,23:30:00,2021-01-30 14:43:25,1.3,300,35
3024,3U8966,,19:55:00,23:30:00,2021-01-31 14:27:09,1.3,300,34
3089,3U8966,,19:55:00,23:30:00,2021-02-01 14:18:55,1.3,300,33
3109,3U8966,,19:55:00,23:30:00,2021-02-02 14:08:52,1.3,300,32
3136,3U8966,,19:55:00,23:30:00,2021-02-04 14:01:39,1.2,270,30
3215,3U8966,,19:55:00,23:30:00,2021-02-05 14:29:19,1.2,270,29
3292,3U8966,,19:55:00,23:30:00,2021-02-06 14:23:14,1.2,270,28
3366,3U8966,,19:55:00,23:30:00,2021-02-07 14:27:03,1.2,270,27
3396,3U8966,,19:55:00,23:30:00,2021-02-08 14:18:29,1.2,270,26
3471,3U8966,,19:55:00,23:30:00,2021-02-09 13:56:38,1.2,270,25
3532,3U8966,,19:55:00,23:30:00,2021-02-10 14:40:26,1.2,270,24
3598,3U8966,,19:55:00,23:30:00,2021-02-11 14:30:40,1.2,270,23
3667,3U8966,,19:55:00,23:30:00,2021-02-12 13:50:00,1.2,270,22
3698,3U8966,,19:55:00,23:30:00,2021-02-13 13:52:16,1.2,270,21
3809,3U8966,,19:55:00,23:30:00,2021-02-14 14:18:16,1.2,270,20
3836,3U8966,,19:55:00,23:30:00,2021-02-15 14:06:34,1.2,270,19
3921,3U8966,,19:55:00,23:30:00,2021-02-16 14:28:24,1.2,270,18
3985,3U8966,,19:55:00,23:30:00,2021-02-17 14:26:03,1.2,270,17
4022,3U8966,,19:55:00,23:30:00,2021-02-18 13:48:15,1.2,270,16
4078,3U8966,,19:55:00,23:30:00,2021-02-19 10:41:07,0.9,200,15
4182,3U8966,,19:55:00,23:30:00,2021-02-22 17:59:42,0.7,160,12
4198,3U8966,,19:55:00,23:30:00,2021-02-23 13:59:40,0.7,160,11
4240,3U8966,,19:55:00,23:30:00,2021-02-24 14:20:57,0.7,160,10
4311,3U8966,,19:55:00,23:30:00,2021-02-25 13:42:14,0.9,200,9
4336,3U8966,,19:55:00,23:30:00,2021-03-01 18:09:27,2.1,490,5
4423,3U8966,,19:55:00,23:30:00,2021-03-02 13:55:01,2.1,490,4
4484,3U8966,,19:55:00,23:30:00,2021-03-03 13:57:25,2.1,490,3
4504,3U8966,,19:55:00,23:30:00,2021-03-04 14:11:26,2.2,520,2
4580,3U8966,,19:55:00,23:30:00,2021-03-05 13:43:38,2.2,520,1
4598,3U8966,,19:55:00,23:30:00,2021-03-06 14:06:24,2.2,520,0
2422,3U8968,,09:55:00,13:30:00,2021-01-20 14:53:46,1.7,400,45
2459,3U8968,,09:55:00,13:30:00,2021-01-21 14:53:15,1.7,400,44
2500,3U8968,,09:55:00,13:30:00,2021-01-22 14:03:49,1.7,400,43
2584,3U8968,,09:55:00,13:30:00,2021-01-23 14:32:32,1.7,400,42
2627,3U8968,,09:55:00,13:30:00,2021-01-24 14:01:53,1.7,400,41
2654,3U8968,,09:55:00,13:30:00,2021-01-25 14:14:42,1.7,400,40
2716,3U8968,,09:55:00,13:30:00,2021-01-26 14:49:19,1.7,400,39
2783,3U8968,,09:55:00,13:30:00,2021-01-27 14:47:19,1.7,400,38
2829,3U8968,,09:55:00,13:30:00,2021-01-28 14:32:28,1.7,400,37
2899,3U8968,,09:55:00,13:30:00,2021-01-29 14:20:12,2.3,539,36
2954,3U8968,,09:55:00,13:30:00,2021-01-30 14:43:25,2.4,560,35
2995,3U8968,,09:55:00,13:30:00,2021-01-31 14:27:09,2.2,519,34
3063,3U8968,,09:55:00,13:30:00,2021-02-01 14:18:55,2.2,519,33
3119,3U8968,,09:55:00,13:30:00,2021-02-02 14:08:52,2.4,560,32
3180,3U8968,,09:55:00,13:30:00,2021-02-04 14:01:39,1.3,300,30
3242,3U8968,,09:55:00,13:30:00,2021-02-05 14:29:19,1.3,300,29
3305,3U8968,,09:55:00,13:30:00,2021-02-06 14:23:14,1.3,300,28
3339,3U8968,,09:55:00,13:30:00,2021-02-07 14:27:03,1.3,300,27
3436,3U8968,,09:55:00,13:30:00,2021-02-08 14:18:29,1.3,300,26
3461,3U8968,,09:55:00,13:30:00,2021-02-09 13:56:38,1.3,300,25
3505,3U8968,,09:55:00,13:30:00,2021-02-10 14:40:26,1.3,300,24
3571,3U8968,,09:55:00,13:30:00,2021-02-11 14:30:40,1.3,300,23
3640,3U8968,,09:55:00,13:30:00,2021-02-12 13:50:00,1.3,300,22
3725,3U8968,,09:55:00,13:30:00,2021-02-13 13:52:16,1.3,300,21
3771,3U8968,,09:55:00,13:30:00,2021-02-14 14:18:16,1.3,300,20
3825,3U8968,,09:55:00,13:30:00,2021-02-15 14:06:34,1.3,300,19
3900,3U8968,,09:55:00,13:30:00,2021-02-16 14:28:24,1.3,300,18
3944,3U8968,,09:55:00,13:30:00,2021-02-17 14:26:03,1.3,300,17
3995,3U8968,,09:55:00,13:30:00,2021-02-18 13:48:15,1.3,300,16
4105,3U8968,,09:55:00,13:30:00,2021-02-19 10:41:07,1.1,250,15
4173,3U8968,,09:55:00,13:30:00,2021-02-22 17:59:42,0.8,180,12
4207,3U8968,,09:55:00,13:30:00,2021-02-23 13:59:40,0.8,180,11
4267,3U8968,,09:55:00,13:30:00,2021-02-24 14:20:57,1.1,250,10
4300,3U8968,,09:55:00,13:30:00,2021-02-25 13:42:14,1.1,250,9
4328,3U8968,,09:55:00,13:30:00,2021-03-01 18:09:27,2.3,530,5
4396,3U8968,,09:55:00,13:30:00,2021-03-02 13:55:01,2.3,530,4
4458,3U8968,,09:55:00,13:30:00,2021-03-03 13:57:25,2.3,530,3
4529,3U8968,,09:55:00,13:30:00,2021-03-04 14:11:26,2.4,560,2
4570,3U8968,,09:55:00,13:30:00,2021-03-05 13:43:38,2.4,560,1
4605,3U8968,,09:55:00,13:30:00,2021-03-06 14:06:24,2.4,560,0
2423,3U8970,,22:10:00,01:45:00,2021-01-20 14:53:46,1.3,300,45
2462,3U8970,,22:10:00,01:40:00,2021-01-21 14:53:15,1.3,300,44
2505,3U8970,,22:10:00,01:40:00,2021-01-22 14:03:49,1.3,300,43
2589,3U8970,,22:10:00,01:40:00,2021-01-23 14:32:32,1.3,300,42
2626,3U8970,,22:10:00,01:40:00,2021-01-24 14:01:53,1.3,300,41
2653,3U8970,,22:10:00,01:40:00,2021-01-25 14:14:42,1.3,300,40
2711,3U8970,,22:10:00,01:40:00,2021-01-26 14:49:19,1.3,300,39
2788,3U8970,,22:10:00,01:40:00,2021-01-27 14:47:19,1.3,300,38
2834,3U8970,,22:10:00,01:40:00,2021-01-28 14:32:28,1.3,300,37
2904,3U8970,,22:10:00,01:40:00,2021-01-29 14:20:12,1.3,300,36
2941,3U8970,,22:10:00,01:40:00,2021-01-30 14:43:25,1.3,300,35
3000,3U8970,,22:10:00,01:40:00,2021-01-31 14:27:09,1.3,300,34
3068,3U8970,,22:10:00,01:40:00,2021-02-01 14:18:55,1.3,300,33
3118,3U8970,,22:10:00,01:40:00,2021-02-02 14:08:52,1.3,300,32
3175,3U8970,,22:10:00,01:40:00,2021-02-04 14:01:39,1.1,260,30
3237,3U8970,,22:10:00,01:40:00,2021-02-05 14:29:19,1.1,260,29
3270,3U8970,,22:10:00,01:40:00,2021-02-06 14:23:14,1.1,260,28
3344,3U8970,,22:10:00,01:40:00,2021-02-07 14:27:03,1.1,260,27
3441,3U8970,,22:10:00,01:40:00,2021-02-08 14:18:29,1.1,260,26
3462,3U8970,,22:10:00,01:40:00,2021-02-09 13:56:38,1.1,260,25
3510,3U8970,,22:10:00,01:40:00,2021-02-10 14:40:26,1.1,260,24
3576,3U8970,,22:10:00,01:40:00,2021-02-11 14:30:40,1.1,260,23
3645,3U8970,,22:10:00,01:40:00,2021-02-12 13:50:00,1.1,260,22
3720,3U8970,,22:10:00,01:40:00,2021-02-13 13:52:16,1.1,260,21
3776,3U8970,,22:10:00,01:40:00,2021-02-14 14:18:16,1.1,260,20
3856,3U8970,,22:10:00,01:40:00,2021-02-15 14:06:34,1.1,260,19
3895,3U8970,,22:10:00,01:40:00,2021-02-16 14:28:24,1.1,260,18
3939,3U8970,,22:10:00,01:40:00,2021-02-17 14:26:03,1.1,260,17
4000,3U8970,,22:10:00,01:40:00,2021-02-18 13:48:15,1.1,260,16
4100,3U8970,,22:10:00,01:40:00,2021-02-19 10:41:07,0.8,180,15
4133,3U8970,,22:10:00,01:40:00,2021-02-22 17:59:42,0.6,150,12
4206,3U8970,,22:10:00,01:40:00,2021-02-23 13:59:40,0.6,150,11
4263,3U8970,,22:10:00,01:40:00,2021-02-24 14:20:57,0.7,153,10
4301,3U8970,,22:10:00,01:40:00,2021-02-25 13:42:14,0.6,150,9
2442,9C6457,,15:30:00,19:15:00,2021-01-21 14:53:15,2.1,490,44
2549,9C6457,,15:30:00,19:15:00,2021-01-22 14:03:49,2.1,490,43
2566,9C6457,,15:30:00,19:15:00,2021-01-23 14:32:32,2.1,490,42
2634,9C6457,,15:30:00,19:15:00,2021-01-24 14:01:53,2.1,490,41
2734,9C6457,,15:30:00,19:15:00,2021-01-26 14:49:19,1.1,250,39
2811,9C6457,,15:30:00,19:15:00,2021-01-28 14:32:28,1.1,250,37
2880,9C6457,,15:30:00,19:15:00,2021-01-29 14:20:12,1.1,250,36
2945,9C6457,,15:30:00,19:15:00,2021-01-30 14:43:25,1.1,250,35
2971,9C6457,,15:30:00,19:15:00,2021-01-31 14:27:09,1.1,255,34
3044,9C6457,,15:30:00,19:15:00,2021-02-01 14:18:55,1.1,252,33
3127,9C6457,,15:30:00,19:15:00,2021-02-02 14:08:52,1.1,250,32
3166,9C6457,,15:30:00,19:15:00,2021-02-04 14:01:39,1.1,253,30
3253,9C6457,,15:30:00,19:15:00,2021-02-05 14:29:19,1.1,259,29
3281,9C6457,,15:30:00,19:15:00,2021-02-06 14:23:14,1.1,254,28
3320,9C6457,,15:30:00,19:15:00,2021-02-07 14:27:03,1.1,257,27
3417,9C6457,,15:30:00,19:15:00,2021-02-08 14:18:29,1.1,250,26
3452,9C6457,,15:30:00,19:15:00,2021-02-09 13:56:38,1.1,250,25
3486,9C6457,,15:30:00,19:15:00,2021-02-10 14:40:26,1.1,250,24
3552,9C6457,,15:30:00,19:15:00,2021-02-11 14:30:40,1.1,250,23
3621,9C6457,,15:30:00,19:15:00,2021-02-12 13:50:00,1.1,250,22
3744,9C6457,,15:30:00,19:15:00,2021-02-13 13:52:16,1.1,250,21
3752,9C6457,,15:30:00,19:15:00,2021-02-14 14:18:16,1.1,250,20
3847,9C6457,,15:30:00,19:15:00,2021-02-15 14:06:34,1.1,250,19
3876,9C6457,,15:30:00,19:15:00,2021-02-16 14:28:24,1.1,250,18
3963,9C6457,,15:30:00,19:15:00,2021-02-17 14:26:03,1.1,250,17
4044,9C6457,,15:30:00,19:15:00,2021-02-18 13:48:15,1.1,250,16
4124,9C6457,,15:30:00,19:15:00,2021-02-19 10:41:07,1.1,250,15
4156,9C6457,,15:30:00,19:15:00,2021-02-22 17:59:42,0.5,119,12
4215,9C6457,,15:30:00,19:15:00,2021-02-23 13:59:40,0.9,199,11
4282,9C6457,,15:30:00,19:15:00,2021-02-24 14:20:57,0.9,199,10
4292,9C6457,,15:30:00,19:15:00,2021-02-25 13:42:14,0.9,199,9
4364,9C6457,,15:30:00,19:15:00,2021-03-01 18:09:27,1.3,308,5
4382,9C6457,,15:30:00,19:15:00,2021-03-02 13:55:01,1.6,370,4
4444,9C6457,,15:30:00,19:15:00,2021-03-03 13:57:25,1.3,299,3
4543,9C6457,,15:30:00,19:15:00,2021-03-04 14:11:26,2.0,470,2
4563,9C6457,,15:30:00,19:15:00,2021-03-05 13:43:38,1.6,370,1
4592,9C6457,,15:30:00,19:15:00,2021-03-06 14:06:24,2.6,600,0
2561,9C6513,,06:20:00,09:55:00,2021-01-23 14:32:32,1.6,370,42
2636,9C6513,,06:20:00,09:55:00,2021-01-24 14:01:53,1.6,370,41
2739,9C6513,,06:20:00,09:55:00,2021-01-26 14:49:19,1.1,250,39
2806,9C6513,,06:20:00,09:55:00,2021-01-28 14:32:28,1.1,250,37
2875,9C6513,,06:20:00,09:55:00,2021-01-29 14:20:12,1.1,250,36
2943,9C6513,,06:20:00,09:55:00,2021-01-30 14:43:25,1.1,250,35
2976,9C6513,,06:20:00,09:55:00,2021-01-31 14:27:09,1.1,251,34
3039,9C6513,,06:20:00,09:55:00,2021-02-01 14:18:55,1.1,258,33
3129,9C6513,,06:20:00,09:55:00,2021-02-02 14:08:52,1.1,250,32
3171,9C6513,,06:20:00,09:55:00,2021-02-04 14:01:39,1.1,259,30
3248,9C6513,,06:20:00,09:55:00,2021-02-05 14:29:19,1.1,255,29
3275,9C6513,,06:20:00,09:55:00,2021-02-06 14:23:14,1.1,251,28
3315,9C6513,,06:20:00,09:55:00,2021-02-07 14:27:03,1.1,251,27
3412,9C6513,,06:20:00,09:55:00,2021-02-08 14:18:29,1.1,250,26
3450,9C6513,,06:20:00,09:55:00,2021-02-09 13:56:38,1.1,250,25
3481,9C6513,,06:20:00,09:55:00,2021-02-10 14:40:26,1.1,250,24
3547,9C6513,,06:20:00,09:55:00,2021-02-11 14:30:40,1.1,250,23
3616,9C6513,,06:20:00,09:55:00,2021-02-12 13:50:00,1.1,250,22
3682,9C6513,,06:20:00,09:55:00,2021-02-13 13:52:16,0.7,159,21
3790,9C6513,,06:20:00,09:55:00,2021-02-14 14:18:16,0.7,163,20
3852,9C6513,,06:20:00,09:55:00,2021-02-15 14:06:34,0.7,159,19
3881,9C6513,,06:20:00,09:55:00,2021-02-16 14:28:24,0.7,160,18
3968,9C6513,,06:20:00,09:55:00,2021-02-17 14:26:03,0.7,159,17
4039,9C6513,,06:20:00,09:55:00,2021-02-18 13:48:15,0.7,159,16
4128,9C6513,,06:20:00,09:55:00,2021-02-19 10:41:07,0.7,159,15
4151,9C6513,,06:20:00,09:55:00,2021-02-22 17:59:42,0.5,107,12
4217,9C6513,,06:20:00,09:55:00,2021-02-23 13:59:40,0.9,199,11
4287,9C6513,,06:20:00,09:55:00,2021-02-24 14:20:57,0.9,199,10
4290,9C6513,,06:20:00,09:55:00,2021-02-25 13:42:14,0.9,199,9
4359,9C6513,,06:20:00,09:55:00,2021-03-01 18:09:27,1.3,304,5
4376,9C6513,,06:20:00,09:55:00,2021-03-02 13:55:01,1.3,296,4
4439,9C6513,,06:20:00,09:55:00,2021-03-03 13:57:25,0.9,218,3
4548,9C6513,,06:20:00,09:55:00,2021-03-04 14:11:26,2.0,470,2
4561,9C6513,,06:20:00,09:55:00,2021-03-05 13:43:38,1.5,349,1
4586,9C6513,,06:20:00,09:55:00,2021-03-06 14:06:24,1.6,370,0
2413,CA1947,,07:35:00,11:05:00,2021-01-20 14:53:46,1.5,320,45
2441,CA1947,,07:35:00,11:05:00,2021-01-21 14:53:15,1.5,319,44
2548,CA1947,,07:35:00,11:05:00,2021-01-22 14:03:49,1.5,319,43
2565,CA1947,,07:35:00,11:05:00,2021-01-23 14:32:32,1.5,319,42
2635,CA1947,,07:35:00,11:05:00,2021-01-24 14:01:53,1.5,320,41
2661,CA1947,,07:35:00,11:05:00,2021-01-25 14:14:42,1.5,320,40
2735,CA1947,,07:35:00,11:05:00,2021-01-26 14:49:19,1.5,319,39
2765,CA1947,,07:35:00,11:05:00,2021-01-27 14:47:19,1.5,319,38
2810,CA1947,,07:35:00,11:05:00,2021-01-28 14:32:28,1.5,319,37
2879,CA1947,,07:35:00,11:05:00,2021-01-29 14:20:12,1.5,320,36
2944,CA1947,,07:35:00,11:05:00,2021-01-30 14:43:25,1.5,320,35
2970,CA1947,,07:35:00,11:05:00,2021-01-31 14:27:09,1.5,320,34
3043,CA1947,,07:35:00,11:05:00,2021-02-01 14:18:55,1.5,320,33
3128,CA1947,,07:35:00,11:05:00,2021-02-02 14:08:52,1.5,320,32
3167,CA1947,,07:35:00,11:05:00,2021-02-04 14:01:39,1.5,320,30
3252,CA1947,,07:35:00,11:05:00,2021-02-05 14:29:19,1.5,320,29
3280,CA1947,,07:35:00,11:05:00,2021-02-06 14:23:14,1.5,320,28
3319,CA1947,,07:35:00,11:05:00,2021-02-07 14:27:03,1.5,320,27
3416,CA1947,,07:35:00,11:05:00,2021-02-08 14:18:29,1.5,320,26
3451,CA1947,,07:35:00,11:05:00,2021-02-09 13:56:38,1.5,320,25
3485,CA1947,,07:35:00,11:05:00,2021-02-10 14:40:26,1.5,320,24
3551,CA1947,,07:35:00,11:05:00,2021-02-11 14:30:40,1.5,320,23
3620,CA1947,,07:35:00,11:05:00,2021-02-12 13:50:00,1.5,320,22
3745,CA1947,,07:35:00,11:05:00,2021-02-13 13:52:16,1.5,320,21
3751,CA1947,,07:35:00,11:05:00,2021-02-14 14:18:16,1.5,320,20
3848,CA1947,,07:35:00,11:05:00,2021-02-15 14:06:34,1.5,320,19
3877,CA1947,,07:35:00,11:05:00,2021-02-16 14:28:24,1.5,320,18
3964,CA1947,,07:35:00,11:05:00,2021-02-17 14:26:03,1.5,320,17
4043,CA1947,,07:35:00,11:05:00,2021-02-18 13:48:15,1.5,320,16
4125,CA1947,,07:35:00,11:05:00,2021-02-19 10:41:07,1.5,320,15
4155,CA1947,,07:35:00,11:05:00,2021-02-22 17:59:42,1.5,315,12
4216,CA1947,,07:35:00,11:05:00,2021-02-23 13:59:40,1.5,320,11
4283,CA1947,,07:35:00,11:05:00,2021-02-24 14:20:57,1.5,315,10
4291,CA1947,,07:35:00,11:05:00,2021-02-25 13:42:14,1.5,320,9
4363,CA1947,,07:35:00,11:05:00,2021-03-01 18:09:27,2.2,460,5
4381,CA1947,,07:35:00,11:05:00,2021-03-02 13:55:01,2.2,460,4
4443,CA1947,,07:35:00,11:05:00,2021-03-03 13:57:25,2.2,460,3
4544,CA1947,,07:35:00,11:05:00,2021-03-04 14:11:26,2.5,520,2
4562,CA1947,,07:35:00,11:05:00,2021-03-05 13:43:38,2.5,520,1
4591,CA1947,,07:35:00,11:05:00,2021-03-06 14:06:24,2.5,520,0
2428,CA1949,,16:05:00,19:30:00,2021-01-20 14:53:46,1.5,320,45
2470,CA1949,,16:05:00,19:30:00,2021-01-21 14:53:15,1.5,319,44
2513,CA1949,,16:05:00,19:30:00,2021-01-22 14:03:49,1.5,319,43
2597,CA1949,,16:05:00,19:30:00,2021-01-23 14:32:32,1.5,319,42
2646,CA1949,,16:05:00,19:30:00,2021-01-24 14:01:53,1.5,320,41
2671,CA1949,,16:05:00,19:30:00,2021-01-25 14:14:42,1.5,320,40
2703,CA1949,,16:05:00,19:30:00,2021-01-26 14:49:19,1.5,319,39
2796,CA1949,,16:05:00,19:30:00,2021-01-27 14:47:19,1.5,319,38
2842,CA1949,,16:05:00,19:30:00,2021-01-28 14:32:28,1.5,319,37
2912,CA1949,,16:05:00,19:30:00,2021-01-29 14:20:12,1.5,320,36
2959,CA1949,,16:05:00,19:30:00,2021-01-30 14:43:25,1.5,320,35
3009,CA1949,,16:05:00,19:30:00,2021-01-31 14:27:09,1.5,320,34
3075,CA1949,,16:05:00,19:30:00,2021-02-01 14:18:55,1.5,320,33
3113,CA1949,,16:05:00,19:30:00,2021-02-02 14:08:52,1.5,320,32
3190,CA1949,,16:05:00,19:30:00,2021-02-04 14:01:39,1.5,320,30
3229,CA1949,,16:05:00,19:30:00,2021-02-05 14:29:19,1.5,320,29
3278,CA1949,,16:05:00,19:30:00,2021-02-06 14:23:14,1.5,320,28
3352,CA1949,,16:05:00,19:30:00,2021-02-07 14:27:03,1.5,320,27
3449,CA1949,,16:05:00,19:30:00,2021-02-08 14:18:29,1.5,320,26
3467,CA1949,,16:05:00,19:30:00,2021-02-09 13:56:38,1.5,320,25
3518,CA1949,,16:05:00,19:30:00,2021-02-10 14:40:26,1.5,320,24
3584,CA1949,,16:05:00,19:30:00,2021-02-11 14:30:40,1.5,320,23
3653,CA1949,,16:05:00,19:30:00,2021-02-12 13:50:00,1.5,320,22
3712,CA1949,,16:05:00,19:30:00,2021-02-13 13:52:16,1.5,320,21
3784,CA1949,,16:05:00,19:30:00,2021-02-14 14:18:16,1.5,320,20
3849,CA1949,,16:05:00,19:30:00,2021-02-15 14:06:34,1.5,320,19
3887,CA1949,,16:05:00,19:30:00,2021-02-16 14:28:24,1.5,320,18
3931,CA1949,,16:05:00,19:30:00,2021-02-17 14:26:03,1.5,320,17
4008,CA1949,,16:05:00,19:30:00,2021-02-18 13:48:15,1.5,320,16
4092,CA1949,,16:05:00,19:30:00,2021-02-19 10:41:07,1.5,320,15
4141,CA1949,,16:05:00,19:30:00,2021-02-22 17:59:42,1.5,315,12
4222,CA1949,,16:05:00,19:30:00,2021-02-23 13:59:40,1.5,320,11
4255,CA1949,,16:05:00,19:30:00,2021-02-24 14:20:57,1.5,315,10
4306,CA1949,,16:05:00,19:30:00,2021-02-25 13:42:14,1.5,320,9
4316,CA1949,,16:05:00,19:30:00,2021-03-01 18:09:27,2.4,500,5
4408,CA1949,,16:05:00,19:30:00,2021-03-02 13:55:01,2.4,500,4
4470,CA1949,,16:05:00,19:30:00,2021-03-03 13:57:25,2.4,500,3
4518,CA1949,,16:05:00,19:30:00,2021-03-04 14:11:26,3.3,690,2
4575,CA1949,,16:05:00,19:30:00,2021-03-05 13:43:38,3.3,690,1
4589,CA1949,,16:05:00,19:30:00,2021-03-06 14:06:24,3.3,690,0
2412,CA4294,,17:40:00,21:30:00,2021-01-20 14:53:46,1.5,320,45
2438,CA4294,,17:40:00,21:30:00,2021-01-21 14:53:15,1.5,319,44
2544,CA4294,,17:40:00,21:30:00,2021-01-22 14:03:49,1.5,319,43
2560,CA4294,,17:40:00,21:30:00,2021-01-23 14:32:32,1.5,319,42
2637,CA4294,,17:40:00,21:30:00,2021-01-24 14:01:53,1.5,320,41
2662,CA4294,,17:40:00,21:30:00,2021-01-25 14:14:42,1.5,320,40
2740,CA4294,,17:40:00,21:30:00,2021-01-26 14:49:19,1.5,319,39
2761,CA4294,,17:40:00,21:30:00,2021-01-27 14:47:19,1.5,319,38
2872,CA4294,,17:40:00,21:30:00,2021-01-28 14:32:28,1.5,319,37
2874,CA4294,,17:40:00,21:30:00,2021-01-29 14:20:12,1.5,320,36
2942,CA4294,,17:40:00,21:30:00,2021-01-30 14:43:25,1.5,320,35
2977,CA4294,,17:40:00,21:30:00,2021-01-31 14:27:09,1.5,320,34
3038,CA4294,,17:40:00,21:30:00,2021-02-01 14:18:55,1.5,320,33
3130,CA4294,,17:40:00,21:30:00,2021-02-02 14:08:52,1.5,320,32
3172,CA4294,,17:40:00,21:30:00,2021-02-04 14:01:39,1.5,320,30
3247,CA4294,,17:40:00,21:30:00,2021-02-05 14:29:19,1.5,320,29
3269,CA4294,,17:40:00,21:30:00,2021-02-06 14:23:14,1.5,320,28
3314,CA4294,,17:40:00,21:30:00,2021-02-07 14:27:03,1.5,320,27
3411,CA4294,,17:40:00,21:30:00,2021-02-08 14:18:29,1.5,320,26
3477,CA4294,,17:40:00,21:30:00,2021-02-09 13:56:38,1.5,320,25
3480,CA4294,,17:40:00,21:30:00,2021-02-10 14:40:26,1.5,320,24
3546,CA4294,,17:40:00,21:30:00,2021-02-11 14:30:40,1.5,320,23
3615,CA4294,,17:40:00,21:30:00,2021-02-12 13:50:00,1.5,320,22
3749,CA4294,,17:40:00,21:30:00,2021-02-13 13:52:16,1.5,320,21
3793,CA4294,,17:40:00,21:30:00,2021-02-14 14:18:16,1.5,320,20
3857,CA4294,,17:40:00,21:30:00,2021-02-15 14:06:34,1.5,320,19
3882,CA4294,,17:40:00,21:30:00,2021-02-16 14:28:24,1.5,320,18
3969,CA4294,,17:40:00,21:30:00,2021-02-17 14:26:03,1.5,320,17
4038,CA4294,,17:40:00,21:30:00,2021-02-18 13:48:15,1.5,320,16
4129,CA4294,,17:40:00,21:30:00,2021-02-19 10:41:07,1.5,320,15
4150,CA4294,,17:40:00,21:30:00,2021-02-22 17:59:42,1.5,315,12
4219,CA4294,,17:40:00,21:30:00,2021-02-23 13:59:40,1.5,320,11
4288,CA4294,,17:40:00,21:30:00,2021-02-24 14:20:57,1.5,320,10
4289,CA4294,,17:40:00,21:30:00,2021-02-25 13:42:14,1.5,320,9
4358,CA4294,,17:40:00,21:30:00,2021-03-01 18:09:27,2.4,500,5
4419,CA4294,,17:40:00,21:30:00,2021-03-02 13:55:01,2.4,500,4
4438,CA4294,,17:40:00,21:30:00,2021-03-03 13:57:25,2.4,500,3
4549,CA4294,,17:40:00,21:30:00,2021-03-04 14:11:26,2.6,560,2
4560,CA4294,,17:40:00,21:30:00,2021-03-05 13:43:38,3.3,690,1
4609,CA4294,,17:40:00,21:30:00,2021-03-06 14:06:24,3.3,690,0
2436,CA4480,,14:10:00,19:30:00,2021-01-20 14:53:46,1.5,320,45
2489,CA4480,,14:10:00,19:30:00,2021-01-21 14:53:15,1.5,320,44
2540,CA4480,,14:10:00,19:30:00,2021-01-22 14:03:49,1.5,320,43
2618,CA4480,,14:10:00,19:30:00,2021-01-23 14:32:32,2.8,600,42
2638,CA4480,,14:10:00,19:30:00,2021-01-24 14:01:53,2.8,600,41
2663,CA4480,,14:10:00,19:30:00,2021-01-25 14:14:42,2.8,600,40
2674,CA4480,,14:10:00,19:30:00,2021-01-26 14:49:19,2.8,600,39
2745,CA4480,,14:10:00,19:30:00,2021-01-27 14:47:19,2.8,600,38
2868,CA4480,,14:10:00,19:30:00,2021-01-28 14:32:28,2.8,600,37
2938,CA4480,,14:10:00,19:30:00,2021-01-29 14:20:12,2.8,600,36
2968,CA4480,,14:10:00,19:30:00,2021-01-30 14:43:25,2.8,600,35
3036,CA4480,,14:10:00,19:30:00,2021-01-31 14:27:09,2.8,600,34
3101,CA4480,,14:10:00,19:30:00,2021-02-01 14:18:55,2.8,600,33
3105,CA4480,,14:10:00,19:30:00,2021-02-02 14:08:52,2.8,600,32
3148,CA4480,,14:10:00,19:30:00,2021-02-04 14:01:39,2.8,600,30
3202,CA4480,,14:10:00,19:30:00,2021-02-05 14:29:19,2.8,600,29
3309,CA4480,,14:10:00,19:30:00,2021-02-06 14:23:14,2.8,600,28
3378,CA4480,,14:10:00,19:30:00,2021-02-07 14:27:03,2.8,600,27
3408,CA4480,,14:10:00,19:30:00,2021-02-08 14:18:29,2.8,600,26
3476,CA4480,,14:10:00,19:30:00,2021-02-09 13:56:38,2.8,600,25
3544,CA4480,,14:10:00,19:30:00,2021-02-10 14:40:26,2.7,580,24
3610,CA4480,,14:10:00,19:30:00,2021-02-11 14:30:40,2.8,600,23
3679,CA4480,,14:10:00,19:30:00,2021-02-12 13:50:00,2.7,580,22
3686,CA4480,,14:10:00,19:30:00,2021-02-13 13:52:16,2.8,600,21
3797,CA4480,,14:10:00,19:30:00,2021-02-14 14:18:16,2.8,600,20
3821,CA4480,,14:10:00,19:30:00,2021-02-15 14:06:34,2.7,580,19
3909,CA4480,,14:10:00,19:30:00,2021-02-16 14:28:24,2.7,580,18
3973,CA4480,,14:10:00,19:30:00,2021-02-17 14:26:03,2.7,580,17
4034,CA4480,,14:10:00,19:30:00,2021-02-18 13:48:15,2.8,600,16
4066,CA4480,,14:10:00,19:30:00,2021-02-19 10:41:07,2.8,585,15
4194,CA4480,,14:10:00,19:30:00,2021-02-22 17:59:42,1.8,380,12
4202,CA4480,,14:10:00,19:30:00,2021-02-23 13:59:40,1.8,380,11
4228,CA4480,,14:10:00,19:30:00,2021-02-24 14:20:57,2.8,600,10
4298,CA4480,,14:10:00,19:30:00,2021-02-25 13:42:14,2.8,600,9
4347,CA4480,,14:10:00,19:30:00,2021-03-01 18:09:27,3.3,700,5
4434,CA4480,,14:10:00,19:30:00,2021-03-02 13:55:01,3.3,710,4
4494,CA4480,,14:10:00,19:30:00,2021-03-03 13:57:25,3.1,660,3
4553,CA4480,,14:10:00,19:30:00,2021-03-04 14:11:26,3.1,660,2
4581,CA4480,,14:10:00,19:30:00,2021-03-05 13:43:38,3.3,690,1
4607,CA4480,,14:10:00,19:30:00,2021-03-06 14:06:24,3.3,690,0
2426,CA4514,,22:00:00,01:35:00,2021-01-20 14:53:46,1.5,320,45
2468,CA4514,,22:00:00,01:35:00,2021-01-21 14:53:15,1.5,319,44
2511,CA4514,,22:00:00,01:35:00,2021-01-22 14:03:49,1.5,319,43
2595,CA4514,,22:00:00,01:35:00,2021-01-23 14:32:32,1.5,319,42
2648,CA4514,,22:00:00,01:35:00,2021-01-24 14:01:53,1.5,320,41
2651,CA4514,,22:00:00,01:35:00,2021-01-25 14:14:42,1.5,320,40
2705,CA4514,,22:00:00,01:35:00,2021-01-26 14:49:19,1.5,319,39
2794,CA4514,,22:00:00,01:35:00,2021-01-27 14:47:19,1.5,319,38
2840,CA4514,,22:00:00,01:35:00,2021-01-28 14:32:28,1.5,319,37
2910,CA4514,,22:00:00,01:35:00,2021-01-29 14:20:12,1.5,320,36
2957,CA4514,,22:00:00,01:35:00,2021-01-30 14:43:25,1.5,320,35
3007,CA4514,,22:00:00,01:35:00,2021-01-31 14:27:09,1.5,320,34
3073,CA4514,,22:00:00,01:35:00,2021-02-01 14:18:55,1.5,320,33
3115,CA4514,,22:00:00,01:35:00,2021-02-02 14:08:52,1.5,320,32
3188,CA4514,,22:00:00,01:35:00,2021-02-04 14:01:39,1.5,320,30
3231,CA4514,,22:00:00,01:35:00,2021-02-05 14:29:19,1.5,320,29
3276,CA4514,,22:00:00,01:35:00,2021-02-06 14:23:14,1.5,320,28
3350,CA4514,,22:00:00,01:35:00,2021-02-07 14:27:03,1.5,320,27
3447,CA4514,,22:00:00,01:35:00,2021-02-08 14:18:29,1.5,320,26
3465,CA4514,,22:00:00,01:35:00,2021-02-09 13:56:38,1.5,320,25
3516,CA4514,,22:00:00,01:35:00,2021-02-10 14:40:26,1.5,320,24
3582,CA4514,,22:00:00,01:35:00,2021-02-11 14:30:40,1.5,320,23
3651,CA4514,,22:00:00,01:35:00,2021-02-12 13:50:00,1.5,320,22
3714,CA4514,,22:00:00,01:35:00,2021-02-13 13:52:16,1.5,320,21
3782,CA4514,,22:00:00,01:35:00,2021-02-14 14:18:16,1.5,320,20
3851,CA4514,,22:00:00,01:35:00,2021-02-15 14:06:34,1.5,320,19
3889,CA4514,,22:00:00,01:35:00,2021-02-16 14:28:24,1.5,320,18
3933,CA4514,,22:00:00,01:35:00,2021-02-17 14:26:03,1.5,320,17
4006,CA4514,,22:00:00,01:35:00,2021-02-18 13:48:15,1.5,320,16
4094,CA4514,,22:00:00,01:35:00,2021-02-19 10:41:07,1.5,320,15
4139,CA4514,,22:00:00,01:35:00,2021-02-22 17:59:42,1.5,315,12
4203,CA4514,,22:00:00,01:35:00,2021-02-23 13:59:40,1.5,320,11
4257,CA4514,,22:00:00,01:35:00,2021-02-24 14:20:57,1.5,315,10
4304,CA4514,,22:00:00,01:35:00,2021-02-25 13:42:14,1.5,320,9
4318,CA4514,,22:00:00,01:35:00,2021-03-01 18:09:27,2.0,420,5
4406,CA4514,,22:00:00,01:35:00,2021-03-02 13:55:01,2.0,420,4
4468,CA4514,,22:00:00,01:35:00,2021-03-03 13:57:25,2.1,450,3
4520,CA4514,,22:00:00,01:35:00,2021-03-04 14:11:26,2.3,480,2
4573,CA4514,,22:00:00,01:35:00,2021-03-05 13:43:38,2.3,480,1
4587,CA4514,,22:00:00,01:35:00,2021-03-06 14:06:24,2.3,480,0
2418,CA4536,,21:30:00,01:15:00,2021-01-20 14:53:46,1.5,320,45
2453,CA4536,,21:30:00,01:15:00,2021-01-21 14:53:15,1.5,320,44
2493,CA4536,,21:30:00,01:15:00,2021-01-22 14:03:49,1.5,319,43
2577,CA4536,,21:30:00,01:15:00,2021-01-23 14:32:32,1.5,319,42
2630,CA4536,,21:30:00,01:15:00,2021-01-24 14:01:53,1.5,320,41
2657,CA4536,,21:30:00,01:15:00,2021-01-25 14:14:42,1.5,320,40
2723,CA4536,,21:30:00,01:15:00,2021-01-26 14:49:19,1.5,319,39
2776,CA4536,,21:30:00,01:15:00,2021-01-27 14:47:19,1.5,319,38
2822,CA4536,,21:30:00,01:15:00,2021-01-28 14:32:28,1.5,319,37
2892,CA4536,,21:30:00,00:55:00,2021-01-29 14:20:12,1.5,320,36
2951,CA4536,,21:30:00,00:55:00,2021-01-30 14:43:25,1.5,320,35
2988,CA4536,,21:30:00,00:55:00,2021-01-31 14:27:09,1.5,320,34
3056,CA4536,,21:30:00,00:55:00,2021-02-01 14:18:55,1.5,320,33
3122,CA4536,,21:30:00,00:55:00,2021-02-02 14:08:52,1.5,320,32
3154,CA4536,,21:30:00,00:55:00,2021-02-04 14:01:39,1.5,320,30
3265,CA4536,,21:30:00,00:55:00,2021-02-05 14:29:19,1.5,320,29
3296,CA4536,,21:30:00,00:55:00,2021-02-06 14:23:14,1.5,320,28
3332,CA4536,,21:30:00,00:55:00,2021-02-07 14:27:03,1.5,320,27
3429,CA4536,,21:30:00,00:55:00,2021-02-08 14:18:29,1.5,320,26
3458,CA4536,,21:30:00,00:55:00,2021-02-09 13:56:38,1.5,320,25
3498,CA4536,,21:30:00,00:55:00,2021-02-10 14:40:26,1.5,320,24
3564,CA4536,,21:30:00,00:55:00,2021-02-11 14:30:40,1.5,320,23
3633,CA4536,,21:30:00,00:55:00,2021-02-12 13:50:00,1.5,320,22
3732,CA4536,,21:30:00,00:55:00,2021-02-13 13:52:16,1.5,320,21
3764,CA4536,,21:30:00,00:55:00,2021-02-14 14:18:16,1.5,320,20
3832,CA4536,,21:30:00,00:55:00,2021-02-15 14:06:34,1.5,320,19
3864,CA4536,,21:30:00,00:55:00,2021-02-16 14:28:24,1.5,320,18
3951,CA4536,,21:30:00,00:55:00,2021-02-17 14:26:03,1.5,320,17
4056,CA4536,,21:30:00,00:55:00,2021-02-18 13:48:15,1.5,320,16
4112,CA4536,,21:30:00,00:55:00,2021-02-19 10:41:07,1.5,320,15
4166,CA4536,,21:30:00,00:55:00,2021-02-22 17:59:42,1.5,315,12
4210,CA4536,,21:30:00,00:55:00,2021-02-23 13:59:40,1.5,320,11
4274,CA4536,,21:30:00,00:55:00,2021-02-24 14:20:57,1.5,315,10
4296,CA4536,,21:30:00,00:55:00,2021-02-25 13:42:14,1.5,320,9
4372,CA4536,,21:30:00,00:55:00,2021-03-01 18:09:27,2.0,420,5
4390,CA4536,,21:30:00,00:55:00,2021-03-02 13:55:01,2.0,420,4
4452,CA4536,,21:30:00,00:55:00,2021-03-03 13:57:25,2.0,420,3
4535,CA4536,,21:30:00,00:55:00,2021-03-04 14:11:26,2.1,450,2
4567,CA4536,,21:30:00,00:55:00,2021-03-05 13:43:38,2.3,480,1
4600,CA4536,,21:30:00,00:55:00,2021-03-06 14:06:24,2.3,480,0
2430,CA4592,,09:20:00,12:45:00,2021-01-20 14:53:46,1.5,320,45
2477,CA4592,,09:20:00,12:45:00,2021-01-21 14:53:15,1.5,320,44
2523,CA4592,,09:20:00,12:45:00,2021-01-22 14:03:49,1.5,320,43
2606,CA4592,,09:20:00,12:45:00,2021-01-23 14:32:32,2.8,600,42
2644,CA4592,,09:20:00,12:45:00,2021-01-24 14:01:53,2.8,600,41
2669,CA4592,,09:20:00,12:45:00,2021-01-25 14:14:42,2.8,600,40
2693,CA4592,,09:20:00,12:45:00,2021-01-26 14:49:19,2.8,600,39
2741,CA4592,,09:20:00,12:45:00,2021-01-27 14:47:19,2.8,600,38
2852,CA4592,,09:20:00,12:45:00,2021-01-28 14:32:28,2.8,600,37
2922,CA4592,,09:20:00,12:45:00,2021-01-29 14:20:12,2.8,600,36
2961,CA4592,,09:20:00,12:45:00,2021-01-30 14:43:25,2.8,600,35
3019,CA4592,,09:20:00,12:45:00,2021-01-31 14:27:09,2.8,600,34
3085,CA4592,,09:20:00,12:45:00,2021-02-01 14:18:55,2.8,600,33
3111,CA4592,,09:20:00,12:45:00,2021-02-02 14:08:52,2.8,600,32
3132,CA4592,,09:20:00,12:45:00,2021-02-04 14:01:39,2.8,600,30
3219,CA4592,,09:20:00,12:45:00,2021-02-05 14:29:19,2.8,600,29
3290,CA4592,,09:20:00,12:45:00,2021-02-06 14:23:14,2.4,500,28
3362,CA4592,,09:20:00,12:45:00,2021-02-07 14:27:03,2.4,500,27
3392,CA4592,,09:20:00,12:45:00,2021-02-08 14:18:29,2.4,500,26
3469,CA4592,,09:20:00,12:45:00,2021-02-09 13:56:38,2.4,500,25
3528,CA4592,,09:20:00,12:45:00,2021-02-10 14:40:26,2.3,480,24
3594,CA4592,,09:20:00,12:45:00,2021-02-11 14:30:40,2.4,500,23
3663,CA4592,,09:20:00,12:45:00,2021-02-12 13:50:00,2.3,480,22
3702,CA4592,,09:20:00,12:45:00,2021-02-13 13:52:16,2.4,500,21
3813,CA4592,,09:20:00,12:45:00,2021-02-14 14:18:16,2.4,500,20
3840,CA4592,,09:20:00,12:45:00,2021-02-15 14:06:34,2.3,480,19
3925,CA4592,,09:20:00,12:45:00,2021-02-16 14:28:24,2.3,480,18
3989,CA4592,,09:20:00,12:45:00,2021-02-17 14:26:03,2.3,480,17
4018,CA4592,,09:20:00,12:45:00,2021-02-18 13:48:15,2.4,500,16
4082,CA4592,,09:20:00,12:45:00,2021-02-19 10:41:07,1.5,320,15
4178,CA4592,,09:20:00,12:45:00,2021-02-22 17:59:42,1.5,315,12
4218,CA4592,,09:20:00,12:45:00,2021-02-23 13:59:40,1.5,320,11
4244,CA4592,,09:20:00,12:45:00,2021-02-24 14:20:57,1.5,315,10
4309,CA4592,,09:20:00,12:45:00,2021-02-25 13:42:14,1.5,320,9
4324,CA4592,,09:20:00,12:45:00,2021-03-01 18:09:27,2.4,500,5
4418,CA4592,,09:20:00,12:45:00,2021-03-02 13:55:01,2.4,500,4
4480,CA4592,,09:20:00,12:45:00,2021-03-03 13:57:25,2.5,530,3
4508,CA4592,,09:20:00,12:45:00,2021-03-04 14:11:26,2.6,560,2
4578,CA4592,,09:20:00,12:45:00,2021-03-05 13:43:38,2.6,560,1
4596,CA4592,,09:20:00,12:45:00,2021-03-06 14:06:24,2.6,560,0
2883,CZ2357,,12:40:00,16:05:00,2021-01-29 14:20:12,1.7,320,36
2947,CZ2357,,12:40:00,16:05:00,2021-01-30 14:43:25,1.7,320,35
2979,CZ2357,,12:40:00,16:05:00,2021-01-31 14:27:09,1.7,320,34
3047,CZ2357,,12:40:00,16:05:00,2021-02-01 14:18:55,1.7,320,33
3125,CZ2357,,12:40:00,16:05:00,2021-02-02 14:08:52,1.7,320,32
3163,CZ2357,,12:40:00,16:05:00,2021-02-04 14:01:39,1.6,300,30
3256,CZ2357,,12:40:00,16:05:00,2021-02-05 14:29:19,1.7,320,29
3283,CZ2357,,12:40:00,16:05:00,2021-02-06 14:23:14,1.6,300,28
3323,CZ2357,,12:40:00,16:05:00,2021-02-07 14:27:03,1.7,320,27
3420,CZ2357,,12:40:00,16:05:00,2021-02-08 14:18:29,1.7,320,26
3454,CZ2357,,12:40:00,16:05:00,2021-02-09 13:56:38,1.7,320,25
3489,CZ2357,,12:40:00,16:05:00,2021-02-10 14:40:26,1.6,300,24
3555,CZ2357,,12:40:00,16:05:00,2021-02-11 14:30:40,1.7,320,23
3624,CZ2357,,12:40:00,16:05:00,2021-02-12 13:50:00,1.6,300,22
3741,CZ2357,,12:40:00,16:05:00,2021-02-13 13:52:16,2.1,400,21
3755,CZ2357,,12:40:00,16:05:00,2021-02-14 14:18:16,2.1,400,20
3844,CZ2357,,12:40:00,16:05:00,2021-02-15 14:06:34,1.9,370,19
3873,CZ2357,,12:40:00,16:05:00,2021-02-16 14:28:24,1.9,370,18
3960,CZ2357,,12:40:00,16:05:00,2021-02-17 14:26:03,1.9,370,17
4047,CZ2357,,12:40:00,16:05:00,2021-02-18 13:48:15,2.1,400,16
4121,CZ2357,,12:40:00,16:05:00,2021-02-19 10:41:07,1.6,300,15
4159,CZ2357,,12:40:00,16:05:00,2021-02-22 17:59:42,0.9,170,12
4213,CZ2357,,12:40:00,16:05:00,2021-02-23 13:59:40,1.3,260,11
4280,CZ2357,,12:40:00,16:05:00,2021-02-24 14:20:57,0.9,170,10
4293,CZ2357,,12:40:00,16:05:00,2021-02-25 13:42:14,1.3,260,9
4366,CZ2357,,12:40:00,16:05:00,2021-03-01 18:09:27,2.5,485,5
4384,CZ2357,,12:40:00,16:05:00,2021-03-02 13:55:01,2.6,495,4
4446,CZ2357,,12:40:00,16:05:00,2021-03-03 13:57:25,2.5,485,3
4541,CZ2357,,12:40:00,16:05:00,2021-03-04 14:11:26,3.3,630,2
4564,CZ2357,,12:40:00,16:05:00,2021-03-05 13:43:38,2.9,560,1
4593,CZ2357,,12:40:00,16:05:00,2021-03-06 14:06:24,3.6,690,0
4142,CZ2359,,20:15:00,23:45:00,2021-02-22 17:59:42,1.6,300,12
4221,CZ2359,,20:15:00,23:45:00,2021-02-23 13:59:40,1.7,320,11
4254,CZ2359,,20:15:00,23:45:00,2021-02-24 14:20:57,0.9,170,10
4307,CZ2359,,20:15:00,23:45:00,2021-02-25 13:42:14,1.3,260,9
4315,CZ2359,,20:15:00,23:45:00,2021-03-01 18:09:27,1.9,365,5
4409,CZ2359,,20:15:00,23:45:00,2021-03-02 13:55:01,2.4,455,4
4471,CZ2359,,20:15:00,23:45:00,2021-03-03 13:57:25,2.4,455,3
4517,CZ2359,,20:15:00,23:45:00,2021-03-04 14:11:26,3.1,590,2
4576,CZ2359,,20:15:00,23:45:00,2021-03-05 13:43:38,2.7,520,1
4590,CZ2359,,20:15:00,23:45:00,2021-03-06 14:06:24,2.7,520,0
2425,CZ3349,,08:10:00,11:30:00,2021-01-20 14:53:46,1.6,300,45
2466,CZ3349,,08:10:00,11:30:00,2021-01-21 14:53:15,1.6,300,44
2509,CZ3349,,08:10:00,11:30:00,2021-01-22 14:03:49,1.7,320,43
2593,CZ3349,,08:10:00,11:30:00,2021-01-23 14:32:32,1.7,320,42
2649,CZ3349,,08:10:00,11:30:00,2021-01-24 14:01:53,1.7,320,41
2673,CZ3349,,08:10:00,11:30:00,2021-01-25 14:14:42,1.7,320,40
2707,CZ3349,,08:10:00,11:30:00,2021-01-26 14:49:19,1.7,320,39
2792,CZ3349,,08:10:00,11:30:00,2021-01-27 14:47:19,1.7,320,38
2838,CZ3349,,08:10:00,11:30:00,2021-01-28 14:32:28,1.7,320,37
2908,CZ3349,,08:10:00,11:30:00,2021-01-29 14:20:12,1.7,320,36
2956,CZ3349,,08:10:00,11:30:00,2021-01-30 14:43:25,1.7,320,35
3004,CZ3349,,08:10:00,11:30:00,2021-01-31 14:27:09,1.7,320,34
3037,CZ3349,,08:10:00,11:30:00,2021-02-01 14:18:55,1.7,320,33
3116,CZ3349,,08:10:00,11:30:00,2021-02-02 14:08:52,1.7,320,32
3186,CZ3349,,08:10:00,11:30:00,2021-02-04 14:01:39,1.6,300,30
3233,CZ3349,,08:10:00,11:30:00,2021-02-05 14:29:19,1.7,320,29
3273,CZ3349,,08:10:00,11:30:00,2021-02-06 14:23:14,1.6,300,28
3348,CZ3349,,08:10:00,11:30:00,2021-02-07 14:27:03,1.7,320,27
3445,CZ3349,,08:10:00,11:30:00,2021-02-08 14:18:29,1.7,320,26
3464,CZ3349,,08:10:00,11:30:00,2021-02-09 13:56:38,1.7,320,25
3514,CZ3349,,08:10:00,11:30:00,2021-02-10 14:40:26,1.6,300,24
3580,CZ3349,,08:10:00,11:30:00,2021-02-11 14:30:40,1.7,320,23
3649,CZ3349,,08:10:00,11:30:00,2021-02-12 13:50:00,1.6,300,22
3716,CZ3349,,08:10:00,11:30:00,2021-02-13 13:52:16,2.1,400,21
3780,CZ3349,,08:10:00,11:30:00,2021-02-14 14:18:16,2.1,400,20
3853,CZ3349,,08:10:00,11:30:00,2021-02-15 14:06:34,1.9,370,19
3891,CZ3349,,08:10:00,11:30:00,2021-02-16 14:28:24,1.9,370,18
3935,CZ3349,,08:10:00,11:30:00,2021-02-17 14:26:03,1.9,370,17
4004,CZ3349,,08:10:00,11:30:00,2021-02-18 13:48:15,2.1,400,16
4096,CZ3349,,08:10:00,11:30:00,2021-02-19 10:41:07,1.6,300,15
4137,CZ3349,,08:10:00,11:30:00,2021-02-22 17:59:42,0.9,170,12
4204,CZ3349,,08:10:00,11:30:00,2021-02-23 13:59:40,0.9,180,11
4259,CZ3349,,08:10:00,11:30:00,2021-02-24 14:20:57,0.9,170,10
4303,CZ3349,,08:10:00,11:30:00,2021-02-25 13:42:14,0.9,180,9
4320,CZ3349,,08:10:00,11:30:00,2021-03-01 18:09:27,2.5,485,5
4404,CZ3349,,08:10:00,11:30:00,2021-03-02 13:55:01,2.6,495,4
4466,CZ3349,,08:10:00,11:30:00,2021-03-03 13:57:25,2.5,485,3
4522,CZ3349,,08:10:00,11:30:00,2021-03-04 14:11:26,3.3,630,2
4572,CZ3349,,08:10:00,11:30:00,2021-03-05 13:43:38,2.9,560,1
4585,CZ3349,,08:10:00,11:30:00,2021-03-06 14:06:24,2.9,560,0
2433,CZ3359,,16:30:00,20:00:00,2021-01-20 14:53:46,1.6,300,45
2481,CZ3359,,16:30:00,20:00:00,2021-01-21 14:53:15,1.5,280,44
2528,CZ3359,,16:30:00,20:00:00,2021-01-22 14:03:49,1.6,300,43
2611,CZ3359,,16:30:00,20:00:00,2021-01-23 14:32:32,1.6,300,42
2641,CZ3359,,16:30:00,20:00:00,2021-01-24 14:01:53,1.6,300,41
2666,CZ3359,,16:30:00,20:00:00,2021-01-25 14:14:42,1.6,300,40
2688,CZ3359,,16:30:00,20:00:00,2021-01-26 14:49:19,1.6,300,39
2756,CZ3359,,16:30:00,20:00:00,2021-01-27 14:47:19,1.6,300,38
2857,CZ3359,,16:30:00,20:00:00,2021-01-28 14:32:28,1.6,300,37
2927,CZ3359,,16:30:00,20:00:00,2021-01-29 14:20:12,1.7,320,36
2964,CZ3359,,16:30:00,20:00:00,2021-01-30 14:43:25,1.7,320,35
3025,CZ3359,,16:30:00,20:00:00,2021-01-31 14:27:09,1.7,320,34
3090,CZ3359,,16:30:00,20:00:00,2021-02-01 14:18:55,1.7,320,33
3108,CZ3359,,16:30:00,20:00:00,2021-02-02 14:08:52,1.7,320,32
3137,CZ3359,,16:30:00,20:00:00,2021-02-04 14:01:39,1.6,300,30
3214,CZ3359,,16:30:00,20:00:00,2021-02-05 14:29:19,1.7,320,29
3293,CZ3359,,16:30:00,20:00:00,2021-02-06 14:23:14,1.6,300,28
3367,CZ3359,,16:30:00,20:00:00,2021-02-07 14:27:03,1.7,320,27
3397,CZ3359,,16:30:00,20:00:00,2021-02-08 14:18:29,1.7,320,26
3472,CZ3359,,16:30:00,20:00:00,2021-02-09 13:56:38,2.5,480,25
3533,CZ3359,,16:30:00,20:00:00,2021-02-10 14:40:26,2.3,450,24
3599,CZ3359,,16:30:00,20:00:00,2021-02-11 14:30:40,2.5,480,23
3668,CZ3359,,16:30:00,20:00:00,2021-02-12 13:50:00,2.3,450,22
3697,CZ3359,,16:30:00,20:00:00,2021-02-13 13:52:16,2.5,480,21
3808,CZ3359,,16:30:00,20:00:00,2021-02-14 14:18:16,2.5,480,20
3835,CZ3359,,16:30:00,20:00:00,2021-02-15 14:06:34,2.3,450,19
3920,CZ3359,,16:30:00,20:00:00,2021-02-16 14:28:24,2.3,450,18
3984,CZ3359,,16:30:00,20:00:00,2021-02-17 14:26:03,2.3,450,17
4023,CZ3359,,16:30:00,20:00:00,2021-02-18 13:48:15,2.5,480,16
4077,CZ3359,,16:30:00,20:00:00,2021-02-19 10:41:07,1.6,300,15
4183,CZ3359,,16:30:00,20:00:00,2021-02-22 17:59:42,1.2,240,12
4199,CZ3359,,16:30:00,20:00:00,2021-02-23 13:59:40,1.3,260,11
4239,CZ3359,,16:30:00,20:00:00,2021-02-24 14:20:57,1.2,240,10
4312,CZ3359,,16:30:00,20:00:00,2021-02-25 13:42:14,1.3,260,9
4337,CZ3359,,16:30:00,20:00:00,2021-03-01 18:09:27,2.5,485,5
4424,CZ3359,,16:30:00,20:00:00,2021-03-02 13:55:01,2.6,495,4
4485,CZ3359,,16:30:00,20:00:00,2021-03-03 13:57:25,2.5,485,3
4503,CZ3359,,16:30:00,20:00:00,2021-03-04 14:11:26,3.3,630,2
4559,CZ3359,,16:30:00,20:00:00,2021-03-05 13:43:38,2.9,560,1
4599,CZ3359,,16:30:00,20:00:00,2021-03-06 14:06:24,2.9,560,0
2475,CZ9554,3U8962,11:45:00,15:20:00,2021-01-21 14:53:15,3.0,700,44
2519,CZ9554,3U8962,11:45:00,15:20:00,2021-01-22 14:03:49,3.0,700,43
2603,CZ9554,3U8962,11:45:00,15:20:00,2021-01-23 14:32:32,3.0,700,42
2697,CZ9554,3U8962,11:45:00,15:20:00,2021-01-26 14:49:19,3.0,700,39
2802,CZ9554,3U8962,11:45:00,15:20:00,2021-01-27 14:47:19,1.7,400,38
2848,CZ9554,3U8962,11:45:00,15:20:00,2021-01-28 14:32:28,1.7,400,37
2918,CZ9554,3U8962,11:45:00,15:20:00,2021-01-29 14:20:12,2.5,580,36
3015,CZ9554,3U8962,11:45:00,15:20:00,2021-01-31 14:27:09,2.4,560,34
3081,CZ9554,3U8962,11:45:00,15:20:00,2021-02-01 14:18:55,2.4,560,33
3196,CZ9554,3U8962,11:45:00,15:20:00,2021-02-04 14:01:39,1.5,350,30
3223,CZ9554,3U8962,11:45:00,15:20:00,2021-02-05 14:29:19,1.5,350,29
3286,CZ9554,3U8962,11:45:00,15:20:00,2021-02-06 14:23:14,1.5,350,28
3358,CZ9554,3U8962,11:45:00,15:20:00,2021-02-07 14:27:03,1.5,350,27
3388,CZ9554,3U8962,11:45:00,15:20:00,2021-02-08 14:18:29,1.5,350,26
3524,CZ9554,3U8962,11:45:00,15:20:00,2021-02-10 14:40:26,1.5,350,24
3590,CZ9554,3U8962,11:45:00,15:20:00,2021-02-11 14:30:40,1.5,350,23
3659,CZ9554,3U8962,11:45:00,15:20:00,2021-02-12 13:50:00,1.5,350,22
3706,CZ9554,3U8962,11:45:00,15:20:00,2021-02-13 13:52:16,1.5,350,21
3817,CZ9554,3U8962,11:45:00,15:20:00,2021-02-14 14:18:16,1.5,350,20
3903,CZ9554,3U8962,11:45:00,15:20:00,2021-02-16 14:28:24,1.5,350,18
3993,CZ9554,3U8962,11:45:00,15:20:00,2021-02-17 14:26:03,1.5,350,17
4014,CZ9554,3U8962,11:45:00,15:20:00,2021-02-18 13:48:15,1.5,350,16
4086,CZ9554,3U8962,11:45:00,15:20:00,2021-02-19 10:41:07,1.5,350,15
4149,CZ9554,3U8962,11:45:00,15:20:00,2021-02-22 17:59:42,1.5,350,12
4248,CZ9554,3U8962,11:45:00,15:20:00,2021-02-24 14:20:57,1.1,250,10
4351,CZ9554,3U8962,11:45:00,15:20:00,2021-03-01 18:09:27,2.3,530,5
4416,CZ9554,3U8962,11:45:00,15:20:00,2021-03-02 13:55:01,2.3,530,4
4478,CZ9554,3U8962,11:45:00,15:20:00,2021-03-03 13:57:25,2.3,530,3
4510,CZ9554,3U8962,11:45:00,15:20:00,2021-03-04 14:11:26,2.4,560,2
2440,CZ9556,3U8964,16:35:00,20:20:00,2021-01-21 14:53:15,3.0,700,44
2547,CZ9556,3U8964,16:35:00,20:20:00,2021-01-22 14:03:49,3.0,700,43
2564,CZ9556,3U8964,16:35:00,20:20:00,2021-01-23 14:32:32,3.0,700,42
2736,CZ9556,3U8964,16:35:00,20:20:00,2021-01-26 14:49:19,3.0,700,39
2764,CZ9556,3U8964,16:35:00,20:20:00,2021-01-27 14:47:19,1.3,300,38
2809,CZ9556,3U8964,16:35:00,20:20:00,2021-01-28 14:32:28,1.3,300,37
2878,CZ9556,3U8964,16:35:00,20:20:00,2021-01-29 14:20:12,1.3,300,36
2973,CZ9556,3U8964,16:35:00,20:20:00,2021-01-31 14:27:09,1.3,300,34
3042,CZ9556,3U8964,16:35:00,20:20:00,2021-02-01 14:18:55,1.3,300,33
3168,CZ9556,3U8964,16:35:00,20:20:00,2021-02-04 14:01:39,1.3,300,30
3251,CZ9556,3U8964,16:35:00,20:20:00,2021-02-05 14:29:19,1.3,300,29
3267,CZ9556,3U8964,16:35:00,20:20:00,2021-02-06 14:23:14,1.3,300,28
3318,CZ9556,3U8964,16:35:00,20:20:00,2021-02-07 14:27:03,1.3,300,27
3415,CZ9556,3U8964,16:35:00,20:20:00,2021-02-08 14:18:29,1.3,300,26
3484,CZ9556,3U8964,16:35:00,20:20:00,2021-02-10 14:40:26,1.3,300,24
3550,CZ9556,3U8964,16:35:00,20:20:00,2021-02-11 14:30:40,1.3,300,23
3619,CZ9556,3U8964,16:35:00,20:20:00,2021-02-12 13:50:00,1.3,300,22
3746,CZ9556,3U8964,16:35:00,20:20:00,2021-02-13 13:52:16,1.3,300,21
3750,CZ9556,3U8964,16:35:00,20:20:00,2021-02-14 14:18:16,1.3,300,20
3878,CZ9556,3U8964,16:35:00,20:20:00,2021-02-16 14:28:24,1.3,300,18
3926,CZ9556,3U8964,16:35:00,20:20:00,2021-02-17 14:26:03,1.3,300,17
4042,CZ9556,3U8964,16:35:00,20:20:00,2021-02-18 13:48:15,1.3,300,16
4062,CZ9556,3U8964,16:35:00,20:20:00,2021-02-19 10:41:07,1.3,300,15
4154,CZ9556,3U8964,16:35:00,20:20:00,2021-02-22 17:59:42,1.3,300,12
4284,CZ9556,3U8964,16:35:00,20:20:00,2021-02-24 14:20:57,1.3,300,10
4362,CZ9556,3U8964,16:35:00,20:20:00,2021-03-01 18:09:27,2.3,530,5
4380,CZ9556,3U8964,16:35:00,20:20:00,2021-03-02 13:55:01,2.3,530,4
4442,CZ9556,3U8964,16:35:00,20:20:00,2021-03-03 13:57:25,2.3,530,3
4545,CZ9556,3U8964,16:35:00,20:20:00,2021-03-04 14:11:26,2.4,560,2
2491,CZ9558,3U8966,19:55:00,23:30:00,2021-01-21 14:53:15,3.0,700,44
2542,CZ9558,3U8966,19:55:00,23:30:00,2021-01-22 14:03:49,3.0,700,43
2616,CZ9558,3U8966,19:55:00,23:30:00,2021-01-23 14:32:32,3.0,700,42
2676,CZ9558,3U8966,19:55:00,23:30:00,2021-01-26 14:49:19,3.0,700,39
2743,CZ9558,3U8966,19:55:00,23:30:00,2021-01-27 14:47:19,1.3,300,38
2870,CZ9558,3U8966,19:55:00,23:30:00,2021-01-28 14:32:28,1.3,300,37
2940,CZ9558,3U8966,19:55:00,23:30:00,2021-01-29 14:20:12,1.3,300,36
3023,CZ9558,3U8966,19:55:00,23:30:00,2021-01-31 14:27:09,1.3,300,34
3103,CZ9558,3U8966,19:55:00,23:30:00,2021-02-01 14:18:55,1.3,300,33
3150,CZ9558,3U8966,19:55:00,23:30:00,2021-02-04 14:01:39,1.2,270,30
3200,CZ9558,3U8966,19:55:00,23:30:00,2021-02-05 14:29:19,1.2,270,29
3311,CZ9558,3U8966,19:55:00,23:30:00,2021-02-06 14:23:14,1.2,270,28
3380,CZ9558,3U8966,19:55:00,23:30:00,2021-02-07 14:27:03,1.2,270,27
3410,CZ9558,3U8966,19:55:00,23:30:00,2021-02-08 14:18:29,1.2,270,26
3478,CZ9558,3U8966,19:55:00,23:30:00,2021-02-10 14:40:26,1.2,270,24
3612,CZ9558,3U8966,19:55:00,23:30:00,2021-02-11 14:30:40,1.2,270,23
3681,CZ9558,3U8966,19:55:00,23:30:00,2021-02-12 13:50:00,1.2,270,22
3684,CZ9558,3U8966,19:55:00,23:30:00,2021-02-13 13:52:16,1.2,270,21
3795,CZ9558,3U8966,19:55:00,23:30:00,2021-02-14 14:18:16,1.2,270,20
3907,CZ9558,3U8966,19:55:00,23:30:00,2021-02-16 14:28:24,1.2,270,18
3971,CZ9558,3U8966,19:55:00,23:30:00,2021-02-17 14:26:03,1.2,270,17
4036,CZ9558,3U8966,19:55:00,23:30:00,2021-02-18 13:48:15,1.2,270,16
4064,CZ9558,3U8966,19:55:00,23:30:00,2021-02-19 10:41:07,0.9,200,15
4196,CZ9558,3U8966,19:55:00,23:30:00,2021-02-22 17:59:42,0.9,200,12
4226,CZ9558,3U8966,19:55:00,23:30:00,2021-02-24 14:20:57,0.7,160,10
4349,CZ9558,3U8966,19:55:00,23:30:00,2021-03-01 18:09:27,2.1,490,5
4436,CZ9558,3U8966,19:55:00,23:30:00,2021-03-02 13:55:01,2.1,490,4
4496,CZ9558,3U8966,19:55:00,23:30:00,2021-03-03 13:57:25,2.1,490,3
4551,CZ9558,3U8966,19:55:00,23:30:00,2021-03-04 14:11:26,2.2,520,2
2444,CZ9560,3U8968,09:55:00,13:30:00,2021-01-21 14:53:15,3.0,700,44
2551,CZ9560,3U8968,09:55:00,13:30:00,2021-01-22 14:03:49,3.0,700,43
2568,CZ9560,3U8968,09:55:00,13:30:00,2021-01-23 14:32:32,3.0,700,42
2732,CZ9560,3U8968,09:55:00,13:30:00,2021-01-26 14:49:19,3.0,700,39
2767,CZ9560,3U8968,09:55:00,13:30:00,2021-01-27 14:47:19,1.7,400,38
2813,CZ9560,3U8968,09:55:00,13:30:00,2021-01-28 14:32:28,1.7,400,37
2882,CZ9560,3U8968,09:55:00,13:30:00,2021-01-29 14:20:12,2.5,580,36
2978,CZ9560,3U8968,09:55:00,13:30:00,2021-01-31 14:27:09,2.4,560,34
3046,CZ9560,3U8968,09:55:00,13:30:00,2021-02-01 14:18:55,2.4,560,33
3164,CZ9560,3U8968,09:55:00,13:30:00,2021-02-04 14:01:39,1.3,300,30
3255,CZ9560,3U8968,09:55:00,13:30:00,2021-02-05 14:29:19,1.3,300,29
3282,CZ9560,3U8968,09:55:00,13:30:00,2021-02-06 14:23:14,1.3,300,28
3322,CZ9560,3U8968,09:55:00,13:30:00,2021-02-07 14:27:03,1.3,300,27
3419,CZ9560,3U8968,09:55:00,13:30:00,2021-02-08 14:18:29,1.3,300,26
3488,CZ9560,3U8968,09:55:00,13:30:00,2021-02-10 14:40:26,1.3,300,24
3554,CZ9560,3U8968,09:55:00,13:30:00,2021-02-11 14:30:40,1.3,300,23
3623,CZ9560,3U8968,09:55:00,13:30:00,2021-02-12 13:50:00,1.3,300,22
3742,CZ9560,3U8968,09:55:00,13:30:00,2021-02-13 13:52:16,1.3,300,21
3754,CZ9560,3U8968,09:55:00,13:30:00,2021-02-14 14:18:16,1.3,300,20
3874,CZ9560,3U8968,09:55:00,13:30:00,2021-02-16 14:28:24,1.3,300,18
3961,CZ9560,3U8968,09:55:00,13:30:00,2021-02-17 14:26:03,1.3,300,17
4046,CZ9560,3U8968,09:55:00,13:30:00,2021-02-18 13:48:15,1.3,300,16
4122,CZ9560,3U8968,09:55:00,13:30:00,2021-02-19 10:41:07,1.1,250,15
4158,CZ9560,3U8968,09:55:00,13:30:00,2021-02-22 17:59:42,0.8,180,12
4281,CZ9560,3U8968,09:55:00,13:30:00,2021-02-24 14:20:57,1.1,250,10
4365,CZ9560,3U8968,09:55:00,13:30:00,2021-03-01 18:09:27,2.3,530,5
4383,CZ9560,3U8968,09:55:00,13:30:00,2021-03-02 13:55:01,2.3,530,4
4445,CZ9560,3U8968,09:55:00,13:30:00,2021-03-03 13:57:25,2.3,530,3
4542,CZ9560,3U8968,09:55:00,13:30:00,2021-03-04 14:11:26,2.4,560,2
2474,CZ9562,3U8970,22:10:00,01:40:00,2021-01-21 14:53:15,3.0,700,44
2518,CZ9562,3U8970,22:10:00,01:40:00,2021-01-22 14:03:49,3.0,700,43
2602,CZ9562,3U8970,22:10:00,01:40:00,2021-01-23 14:32:32,3.0,700,42
2698,CZ9562,3U8970,22:10:00,01:40:00,2021-01-26 14:49:19,3.0,700,39
2801,CZ9562,3U8970,22:10:00,01:40:00,2021-01-27 14:47:19,1.3,300,38
2847,CZ9562,3U8970,22:10:00,01:40:00,2021-01-28 14:32:28,1.3,300,37
2917,CZ9562,3U8970,22:10:00,01:40:00,2021-01-29 14:20:12,1.3,300,36
3014,CZ9562,3U8970,22:10:00,01:40:00,2021-01-31 14:27:09,1.3,300,34
3080,CZ9562,3U8970,22:10:00,01:40:00,2021-02-01 14:18:55,1.3,300,33
3195,CZ9562,3U8970,22:10:00,01:40:00,2021-02-04 14:01:39,1.1,260,30
3224,CZ9562,3U8970,22:10:00,01:40:00,2021-02-05 14:29:19,1.1,260,29
3284,CZ9562,3U8970,22:10:00,01:40:00,2021-02-06 14:23:14,1.1,260,28
3357,CZ9562,3U8970,22:10:00,01:40:00,2021-02-07 14:27:03,1.1,260,27
3387,CZ9562,3U8970,22:10:00,01:40:00,2021-02-08 14:18:29,1.1,260,26
3523,CZ9562,3U8970,22:10:00,01:40:00,2021-02-10 14:40:26,1.1,260,24
3589,CZ9562,3U8970,22:10:00,01:40:00,2021-02-11 14:30:40,1.1,260,23
3658,CZ9562,3U8970,22:10:00,01:40:00,2021-02-12 13:50:00,1.1,260,22
3707,CZ9562,3U8970,22:10:00,01:40:00,2021-02-13 13:52:16,1.1,260,21
3789,CZ9562,3U8970,22:10:00,01:40:00,2021-02-14 14:18:16,1.1,260,20
3862,CZ9562,3U8970,22:10:00,01:40:00,2021-02-16 14:28:24,1.1,260,18
3965,CZ9562,3U8970,22:10:00,01:40:00,2021-02-17 14:26:03,1.1,260,17
4013,CZ9562,3U8970,22:10:00,01:40:00,2021-02-18 13:48:15,1.1,260,16
4087,CZ9562,3U8970,22:10:00,01:40:00,2021-02-19 10:41:07,0.8,180,15
4147,CZ9562,3U8970,22:10:00,01:40:00,2021-02-22 17:59:42,0.8,180,12
4249,CZ9562,3U8970,22:10:00,01:40:00,2021-02-24 14:20:57,0.7,157,10
2490,EU6668,,20:30:00,00:05:00,2021-01-21 14:53:15,1.3,300,44
2541,EU6668,,20:30:00,00:05:00,2021-01-22 14:03:49,1.3,300,43
2617,EU6668,,20:30:00,00:05:00,2021-01-23 14:32:32,1.3,300,42
2677,EU6668,,20:30:00,00:05:00,2021-01-26 14:49:19,1.3,300,39
2744,EU6668,,20:30:00,00:05:00,2021-01-27 14:47:19,1.1,250,38
2869,EU6668,,20:30:00,00:05:00,2021-01-28 14:32:28,1.1,250,37
2939,EU6668,,20:30:00,00:05:00,2021-01-29 14:20:12,1.1,250,36
2969,EU6668,,20:30:00,00:05:00,2021-01-31 14:27:09,1.1,258,34
3102,EU6668,,20:30:00,00:05:00,2021-02-01 14:18:55,1.1,253,33
3149,EU6668,,20:30:00,00:05:00,2021-02-04 14:01:39,3.2,740,30
3201,EU6668,,20:30:00,00:05:00,2021-02-05 14:29:19,3.2,740,29
3310,EU6668,,20:30:00,00:05:00,2021-02-06 14:23:14,3.2,740,28
3379,EU6668,,20:30:00,00:05:00,2021-02-07 14:27:03,3.2,740,27
3409,EU6668,,20:30:00,00:05:00,2021-02-08 14:18:29,3.2,740,26
3545,EU6668,,20:30:00,00:05:00,2021-02-10 14:40:26,3.2,740,24
3611,EU6668,,20:30:00,00:05:00,2021-02-11 14:30:40,3.2,740,23
3680,EU6668,,20:30:00,00:05:00,2021-02-12 13:50:00,3.2,740,22
3685,EU6668,,20:30:00,00:05:00,2021-02-13 13:52:16,3.2,740,21
3796,EU6668,,20:30:00,00:05:00,2021-02-14 14:18:16,3.2,740,20
3820,EU6668,,20:30:00,00:05:00,2021-02-15 14:06:34,0.9,200,19
3908,EU6668,,20:30:00,00:05:00,2021-02-16 14:28:24,0.9,200,18
3972,EU6668,,20:30:00,00:05:00,2021-02-17 14:26:03,0.6,136,17
4035,EU6668,,20:30:00,00:05:00,2021-02-18 13:48:15,0.6,131,16
4065,EU6668,,20:30:00,00:05:00,2021-02-19 10:41:07,0.6,131,15
4195,EU6668,,20:30:00,00:05:00,2021-02-22 17:59:42,0.5,124,12
4227,EU6668,,20:30:00,00:05:00,2021-02-24 14:20:57,2.8,643,10
4348,EU6668,,20:30:00,00:05:00,2021-03-01 18:09:27,1.5,345,5
4435,EU6668,,20:30:00,00:05:00,2021-03-02 13:55:01,1.9,445,4
4495,EU6668,,20:30:00,00:05:00,2021-03-03 13:57:25,1.9,445,3
4552,EU6668,,20:30:00,00:05:00,2021-03-04 14:11:26,1.9,446,2
2429,FM9543,,08:10:00,11:40:00,2021-01-20 14:53:46,1.3,300,45
2472,FM9543,,08:10:00,11:40:00,2021-01-21 14:53:15,1.3,300,44
2516,FM9543,,08:10:00,11:40:00,2021-01-22 14:03:49,1.3,300,43
2600,FM9543,,08:10:00,11:40:00,2021-01-23 14:32:32,1.3,300,42
2645,FM9543,,08:10:00,11:40:00,2021-01-24 14:01:53,1.3,300,41
2670,FM9543,,08:10:00,11:40:00,2021-01-25 14:14:42,1.3,300,40
2700,FM9543,,08:10:00,11:40:00,2021-01-26 14:49:19,1.3,300,39
2799,FM9543,,08:10:00,11:40:00,2021-01-27 14:47:19,1.3,300,38
2845,FM9543,,08:10:00,11:40:00,2021-01-28 14:32:28,1.3,300,37
2915,FM9543,,08:10:00,11:40:00,2021-01-29 14:20:12,1.3,300,36
2960,FM9543,,08:10:00,11:40:00,2021-01-30 14:43:25,1.3,300,35
3012,FM9543,,08:10:00,11:40:00,2021-01-31 14:27:09,1.3,300,34
3078,FM9543,,08:10:00,11:40:00,2021-02-01 14:18:55,1.3,300,33
3112,FM9543,,08:10:00,11:40:00,2021-02-02 14:08:52,1.3,300,32
3193,FM9543,,08:10:00,11:40:00,2021-02-04 14:01:39,1.5,350,30
3226,FM9543,,08:10:00,11:40:00,2021-02-05 14:29:19,1.3,300,29
3355,FM9543,,08:10:00,11:40:00,2021-02-07 14:27:03,1.5,350,27
3385,FM9543,,08:10:00,11:40:00,2021-02-08 14:18:29,0.7,173,26
3468,FM9543,,08:10:00,11:40:00,2021-02-09 13:56:38,2.1,500,25
3521,FM9543,,08:10:00,11:40:00,2021-02-10 14:40:26,0.8,179,24
3587,FM9543,,08:10:00,11:40:00,2021-02-11 14:30:40,0.7,170,23
3656,FM9543,,08:10:00,11:40:00,2021-02-12 13:50:00,0.8,180,22
3709,FM9543,,08:10:00,11:40:00,2021-02-13 13:52:16,0.7,170,21
3787,FM9543,,08:10:00,11:40:00,2021-02-14 14:18:16,0.7,170,20
3843,FM9543,,08:10:00,11:40:00,2021-02-15 14:06:34,0.7,170,19
3884,FM9543,,08:10:00,11:40:00,2021-02-16 14:28:24,0.7,170,18
3928,FM9543,,08:10:00,11:40:00,2021-02-17 14:26:03,0.7,170,17
4011,FM9543,,08:10:00,11:40:00,2021-02-18 13:48:15,0.7,170,16
4089,FM9543,,08:10:00,11:40:00,2021-02-19 10:41:07,0.7,170,15
4145,FM9543,,08:10:00,11:40:00,2021-02-22 17:59:42,0.7,170,12
4220,FM9543,,08:10:00,11:40:00,2021-02-23 13:59:40,0.7,170,11
4251,FM9543,,08:10:00,11:40:00,2021-02-24 14:20:57,0.7,170,10
4308,FM9543,,08:10:00,11:40:00,2021-02-25 13:42:14,0.7,170,9
4355,FM9543,,08:10:00,11:40:00,2021-03-01 18:09:27,1.9,450,5
4412,FM9543,,08:10:00,11:40:00,2021-03-02 13:55:01,2.3,530,4
4474,FM9543,,08:10:00,11:40:00,2021-03-03 13:57:25,2.3,530,3
4514,FM9543,,08:10:00,11:40:00,2021-03-04 14:11:26,2.9,670,2
4577,FM9543,,08:10:00,11:40:00,2021-03-05 13:43:38,3.0,690,1
2417,HO1013,,06:20:00,09:45:00,2021-01-20 14:53:46,2.8,595,45
2452,HO1013,,06:20:00,09:45:00,2021-01-21 14:53:15,6.0,1270,44
2539,HO1013,,06:20:00,09:45:00,2021-01-22 14:03:49,1.3,280,43
2576,HO1013,,06:20:00,09:45:00,2021-01-23 14:32:32,1.3,280,42
2724,HO1013,,06:20:00,09:45:00,2021-01-26 14:49:19,1.3,280,39
2775,HO1013,,06:20:00,09:45:00,2021-01-27 14:47:19,1.3,280,38
2821,HO1013,,06:20:00,09:45:00,2021-01-28 14:32:28,1.3,280,37
2891,HO1013,,06:20:00,09:45:00,2021-01-29 14:20:12,1.3,280,36
2950,HO1013,,06:20:00,09:45:00,2021-01-30 14:43:25,2.8,595,35
2987,HO1013,,06:20:00,09:45:00,2021-01-31 14:27:09,1.3,280,34
3055,HO1013,,06:20:00,09:45:00,2021-02-01 14:18:55,1.3,280,33
3155,HO1013,,06:20:00,09:45:00,2021-02-04 14:01:39,1.3,280,30
3264,HO1013,,06:20:00,09:45:00,2021-02-05 14:29:19,1.3,280,29
3295,HO1013,,06:20:00,09:45:00,2021-02-06 14:23:14,1.3,280,28
3331,HO1013,,06:20:00,09:45:00,2021-02-07 14:27:03,1.3,280,27
3428,HO1013,,06:20:00,09:45:00,2021-02-08 14:18:29,1.3,280,26
3457,HO1013,,06:20:00,09:45:00,2021-02-09 13:56:38,5.8,1239,25
3497,HO1013,,06:20:00,09:45:00,2021-02-10 14:40:26,1.3,280,24
3563,HO1013,,06:20:00,09:45:00,2021-02-11 14:30:40,1.3,280,23
3632,HO1013,,06:20:00,09:45:00,2021-02-12 13:50:00,1.3,280,22
3733,HO1013,,06:20:00,09:45:00,2021-02-13 13:52:16,1.3,280,21
3763,HO1013,,06:20:00,09:45:00,2021-02-14 14:18:16,1.3,280,20
3833,HO1013,,06:20:00,09:45:00,2021-02-15 14:06:34,1.3,280,19
3865,HO1013,,06:20:00,09:45:00,2021-02-16 14:28:24,1.3,280,18
3952,HO1013,,06:20:00,09:45:00,2021-02-17 14:26:03,1.3,280,17
4055,HO1013,,06:20:00,09:45:00,2021-02-18 13:48:15,1.3,280,16
4113,HO1013,,06:20:00,09:45:00,2021-02-19 10:41:07,1.3,280,15
4165,HO1013,,06:20:00,09:45:00,2021-02-22 17:59:42,0.6,130,12
4275,HO1013,,06:20:00,09:45:00,2021-02-24 14:20:57,1.3,280,10
4371,HO1013,,06:20:00,09:45:00,2021-03-01 18:09:27,1.7,350,5
4389,HO1013,,06:20:00,09:45:00,2021-03-02 13:55:01,1.7,350,4
4451,HO1013,,06:20:00,09:45:00,2021-03-03 13:57:25,1.7,350,3
4536,HO1013,,06:20:00,09:45:00,2021-03-04 14:11:26,2.4,510,2
2420,HO1059,,15:25:00,18:55:00,2021-01-20 14:53:46,2.8,595,45
2487,HO1059,,15:25:00,18:55:00,2021-01-21 14:53:15,7.0,1480,44
2537,HO1059,,15:25:00,18:55:00,2021-01-22 14:03:49,1.3,280,43
2620,HO1059,,15:25:00,18:55:00,2021-01-23 14:32:32,1.3,280,42
2679,HO1059,,15:25:00,18:55:00,2021-01-26 14:49:19,1.3,280,39
2747,HO1059,,15:25:00,18:55:00,2021-01-27 14:47:19,1.3,280,38
2866,HO1059,,15:25:00,18:55:00,2021-01-28 14:32:28,1.3,280,37
2936,HO1059,,15:25:00,18:55:00,2021-01-29 14:20:12,1.3,280,36
2967,HO1059,,15:25:00,18:55:00,2021-01-30 14:43:25,2.8,595,35
3034,HO1059,,15:25:00,18:55:00,2021-01-31 14:27:09,1.3,280,34
3099,HO1059,,15:25:00,18:55:00,2021-02-01 14:18:55,1.3,280,33
3146,HO1059,,15:25:00,18:55:00,2021-02-04 14:01:39,1.3,280,30
3204,HO1059,,15:25:00,18:55:00,2021-02-05 14:29:19,1.3,280,29
3307,HO1059,,15:25:00,18:55:00,2021-02-06 14:23:14,1.3,280,28
3376,HO1059,,15:25:00,18:55:00,2021-02-07 14:27:03,1.3,280,27
3406,HO1059,,15:25:00,18:55:00,2021-02-08 14:18:29,1.3,280,26
3475,HO1059,,15:25:00,18:55:00,2021-02-09 13:56:38,6.8,1449,25
3542,HO1059,,15:25:00,18:55:00,2021-02-10 14:40:26,1.3,280,24
3608,HO1059,,15:25:00,18:55:00,2021-02-11 14:30:40,1.3,280,23
3677,HO1059,,15:25:00,18:55:00,2021-02-12 13:50:00,1.3,280,22
3688,HO1059,,15:25:00,18:55:00,2021-02-13 13:52:16,1.3,280,21
3799,HO1059,,15:25:00,18:55:00,2021-02-14 14:18:16,1.3,280,20
3823,HO1059,,15:25:00,18:55:00,2021-02-15 14:06:34,1.3,280,19
3911,HO1059,,15:25:00,18:55:00,2021-02-16 14:28:24,1.3,280,18
3975,HO1059,,15:25:00,18:55:00,2021-02-17 14:26:03,1.3,280,17
4032,HO1059,,15:25:00,18:55:00,2021-02-18 13:48:15,1.3,280,16
4068,HO1059,,15:25:00,18:55:00,2021-02-19 10:41:07,1.3,280,15
4192,HO1059,,15:25:00,18:55:00,2021-02-22 17:59:42,1.3,280,12
4230,HO1059,,15:25:00,18:55:00,2021-02-24 14:20:57,1.3,280,10
4346,HO1059,,15:25:00,18:55:00,2021-03-01 18:09:27,2.0,430,5
4433,HO1059,,15:25:00,18:55:00,2021-03-02 13:55:01,2.0,430,4
4493,HO1059,,15:25:00,18:55:00,2021-03-03 13:57:25,2.2,460,3
4554,HO1059,,15:25:00,18:50:00,2021-03-04 14:11:26,4.8,1010,2
4582,HO1059,,15:25:00,18:50:00,2021-03-05 13:43:38,4.8,1010,1
4606,HO1059,,15:25:00,18:50:00,2021-03-06 14:06:24,4.8,1010,0
2502,HO5511,CA1949,16:05:00,19:30:00,2021-01-22 14:03:49,1.5,320,43
2586,HO5511,CA1949,16:05:00,19:30:00,2021-01-23 14:32:32,1.5,320,42
2714,HO5511,CA1949,16:05:00,19:30:00,2021-01-26 14:49:19,1.5,320,39
2785,HO5511,CA1949,16:05:00,19:30:00,2021-01-27 14:47:19,1.5,320,38
2831,HO5511,CA1949,16:05:00,19:30:00,2021-01-28 14:32:28,1.5,320,37
2901,HO5511,CA1949,16:05:00,19:30:00,2021-01-29 14:20:12,1.5,320,36
2997,HO5511,CA1949,16:05:00,19:30:00,2021-01-31 14:27:09,1.5,320,34
3065,HO5511,CA1949,16:05:00,19:30:00,2021-02-01 14:18:55,1.5,320,33
3178,HO5511,CA1949,16:05:00,19:30:00,2021-02-04 14:01:39,1.5,320,30
3240,HO5511,CA1949,16:05:00,19:30:00,2021-02-05 14:29:19,1.5,320,29
3308,HO5511,CA1949,16:05:00,19:30:00,2021-02-06 14:23:14,1.5,320,28
3341,HO5511,CA1949,16:05:00,19:30:00,2021-02-07 14:27:03,1.5,320,27
3438,HO5511,CA1949,16:05:00,19:30:00,2021-02-08 14:18:29,1.5,320,26
3507,HO5511,CA1949,16:05:00,19:30:00,2021-02-10 14:40:26,1.5,320,24
3573,HO5511,CA1949,16:05:00,19:30:00,2021-02-11 14:30:40,1.5,320,23
3642,HO5511,CA1949,16:05:00,19:30:00,2021-02-12 13:50:00,1.5,320,22
3723,HO5511,CA1949,16:05:00,19:30:00,2021-02-13 13:52:16,1.5,320,21
3773,HO5511,CA1949,16:05:00,19:30:00,2021-02-14 14:18:16,1.5,320,20
3898,HO5511,CA1949,16:05:00,19:30:00,2021-02-16 14:28:24,1.5,320,18
3942,HO5511,CA1949,16:05:00,19:30:00,2021-02-17 14:26:03,1.5,320,17
3997,HO5511,CA1949,16:05:00,19:30:00,2021-02-18 13:48:15,1.5,320,16
4103,HO5511,CA1949,16:05:00,19:30:00,2021-02-19 10:41:07,1.5,320,15
4130,HO5511,CA1949,16:05:00,19:30:00,2021-02-22 17:59:42,1.5,320,12
4265,HO5511,CA1949,16:05:00,19:30:00,2021-02-24 14:20:57,1.5,320,10
4330,HO5511,CA1949,16:05:00,19:30:00,2021-03-01 18:09:27,2.5,530,5
4398,HO5511,CA1949,16:05:00,19:30:00,2021-03-02 13:55:01,2.5,530,4
4460,HO5511,CA1949,16:05:00,19:30:00,2021-03-03 13:57:25,2.5,530,3
4498,HO5511,CA1949,16:05:00,19:30:00,2021-03-04 14:11:26,3.3,690,2
2448,HO5748,MU5297,17:55:00,21:40:00,2021-01-21 14:53:15,4.6,1070,44
2555,HO5748,MU5297,17:55:00,21:40:00,2021-01-22 14:03:49,4.6,1070,43
2572,HO5748,MU5297,17:55:00,21:40:00,2021-01-23 14:32:32,4.6,1070,42
2728,HO5748,MU5297,17:55:00,21:40:00,2021-01-26 14:49:19,4.6,1070,39
2771,HO5748,MU5297,17:55:00,21:40:00,2021-01-27 14:47:19,4.6,1070,38
2817,HO5748,MU5297,17:55:00,21:40:00,2021-01-28 14:32:28,4.6,1070,37
2887,HO5748,MU5297,17:55:00,21:40:00,2021-01-29 14:20:12,4.6,1070,36
2983,HO5748,MU5297,17:55:00,21:40:00,2021-01-31 14:27:09,4.6,1070,34
3051,HO5748,MU5297,17:55:00,21:40:00,2021-02-01 14:18:55,4.6,1070,33
3159,HO5748,MU5297,17:55:00,21:40:00,2021-02-04 14:01:39,4.6,1070,30
3260,HO5748,MU5297,17:55:00,21:40:00,2021-02-05 14:29:19,4.6,1070,29
3289,HO5748,MU5297,17:55:00,21:40:00,2021-02-06 14:23:14,4.6,1070,28
3327,HO5748,MU5297,17:55:00,21:40:00,2021-02-07 14:27:03,4.6,1070,27
3424,HO5748,MU5297,17:55:00,21:40:00,2021-02-08 14:18:29,4.6,1070,26
3493,HO5748,MU5297,17:55:00,21:40:00,2021-02-10 14:40:26,4.6,1070,24
3559,HO5748,MU5297,17:55:00,21:40:00,2021-02-11 14:30:40,4.6,1070,23
3628,HO5748,MU5297,17:55:00,21:40:00,2021-02-12 13:50:00,4.6,1070,22
3737,HO5748,MU5297,17:55:00,21:40:00,2021-02-13 13:52:16,4.6,1070,21
3759,HO5748,MU5297,17:55:00,21:40:00,2021-02-14 14:18:16,4.6,1070,20
3841,HO5748,MU5297,17:55:00,21:40:00,2021-02-15 14:06:34,4.6,1070,19
3869,HO5748,MU5297,17:55:00,21:40:00,2021-02-16 14:28:24,4.6,1070,18
3956,HO5748,MU5297,17:55:00,21:40:00,2021-02-17 14:26:03,4.6,1070,17
4051,HO5748,MU5297,17:55:00,21:40:00,2021-02-18 13:48:15,4.6,1070,16
4117,HO5748,MU5297,17:55:00,21:40:00,2021-02-19 10:41:07,4.6,1070,15
2451,HO5751,MU5411,12:30:00,15:55:00,2021-01-21 14:53:15,4.6,1070,44
2558,HO5751,MU5411,12:30:00,15:55:00,2021-01-22 14:03:49,4.6,1070,43
2575,HO5751,MU5411,12:30:00,15:55:00,2021-01-23 14:32:32,4.6,1070,42
2725,HO5751,MU5411,12:30:00,15:55:00,2021-01-26 14:49:19,4.6,1070,39
2774,HO5751,MU5411,12:30:00,15:55:00,2021-01-27 14:47:19,4.6,1070,38
2820,HO5751,MU5411,12:30:00,15:55:00,2021-01-28 14:32:28,4.6,1070,37
2890,HO5751,MU5411,12:30:00,15:55:00,2021-01-29 14:20:12,4.6,1070,36
2986,HO5751,MU5411,12:30:00,15:55:00,2021-01-31 14:27:09,4.6,1070,34
3054,HO5751,MU5411,12:30:00,15:55:00,2021-02-01 14:18:55,4.6,1070,33
3156,HO5751,MU5411,12:30:00,15:55:00,2021-02-04 14:01:39,4.6,1070,30
3263,HO5751,MU5411,12:30:00,15:55:00,2021-02-05 14:29:19,4.6,1070,29
3294,HO5751,MU5411,12:30:00,15:55:00,2021-02-06 14:23:14,4.6,1070,28
3330,HO5751,MU5411,12:30:00,15:55:00,2021-02-07 14:27:03,4.6,1070,27
3427,HO5751,MU5411,12:30:00,15:55:00,2021-02-08 14:18:29,4.6,1070,26
3496,HO5751,MU5411,12:30:00,15:55:00,2021-02-10 14:40:26,4.6,1070,24
3562,HO5751,MU5411,12:30:00,15:55:00,2021-02-11 14:30:40,4.6,1070,23
3631,HO5751,MU5411,12:30:00,15:55:00,2021-02-12 13:50:00,4.6,1070,22
3734,HO5751,MU5411,12:30:00,15:55:00,2021-02-13 13:52:16,4.6,1070,21
3762,HO5751,MU5411,12:30:00,15:55:00,2021-02-14 14:18:16,4.6,1070,20
3834,HO5751,MU5411,12:30:00,15:55:00,2021-02-15 14:06:34,4.6,1070,19
3866,HO5751,MU5411,12:30:00,15:55:00,2021-02-16 14:28:24,4.6,1070,18
3953,HO5751,MU5411,12:30:00,15:55:00,2021-02-17 14:26:03,4.6,1070,17
4054,HO5751,MU5411,12:30:00,15:55:00,2021-02-18 13:48:15,4.6,1070,16
4114,HO5751,MU5411,12:30:00,15:55:00,2021-02-19 10:41:07,4.6,1070,15
2465,MF1147,CZ3349,08:10:00,11:30:00,2021-01-21 14:53:15,5.4,1040,44
2508,MF1147,CZ3349,08:10:00,11:30:00,2021-01-22 14:03:49,5.4,1040,43
2592,MF1147,CZ3349,08:10:00,11:30:00,2021-01-23 14:32:32,5.4,1040,42
2708,MF1147,CZ3349,08:10:00,11:30:00,2021-01-26 14:49:19,5.4,1040,39
2791,MF1147,CZ3349,08:10:00,11:30:00,2021-01-27 14:47:19,5.4,1040,38
2837,MF1147,CZ3349,08:10:00,11:30:00,2021-01-28 14:32:28,5.4,1040,37
2907,MF1147,CZ3349,08:10:00,11:30:00,2021-01-29 14:20:12,5.4,1040,36
3003,MF1147,CZ3349,08:10:00,11:30:00,2021-01-31 14:27:09,5.4,1040,34
3071,MF1147,CZ3349,08:10:00,11:30:00,2021-02-01 14:18:55,5.4,1040,33
3185,MF1147,CZ3349,08:10:00,11:30:00,2021-02-04 14:01:39,5.4,1040,30
3234,MF1147,CZ3349,08:10:00,11:30:00,2021-02-05 14:29:19,5.4,1040,29
3272,MF1147,CZ3349,08:10:00,11:30:00,2021-02-06 14:23:14,5.4,1040,28
3347,MF1147,CZ3349,08:10:00,11:30:00,2021-02-07 14:27:03,5.4,1040,27
3444,MF1147,CZ3349,08:10:00,11:30:00,2021-02-08 14:18:29,5.4,1040,26
3513,MF1147,CZ3349,08:10:00,11:30:00,2021-02-10 14:40:26,5.4,1040,24
3578,MF1147,CZ3349,08:10:00,11:30:00,2021-02-11 14:30:40,5.4,1040,23
3648,MF1147,CZ3349,08:10:00,11:30:00,2021-02-12 13:50:00,5.4,1040,22
3718,MF1147,CZ3349,08:10:00,11:30:00,2021-02-13 13:52:16,5.4,1040,21
3779,MF1147,CZ3349,08:10:00,11:30:00,2021-02-14 14:18:16,5.4,1040,20
3854,MF1147,CZ3349,08:10:00,11:30:00,2021-02-15 14:06:34,5.4,1040,19
3892,MF1147,CZ3349,08:10:00,11:30:00,2021-02-16 14:28:24,5.4,1040,18
3936,MF1147,CZ3349,08:10:00,11:30:00,2021-02-17 14:26:03,5.4,1040,17
4003,MF1147,CZ3349,08:10:00,11:30:00,2021-02-18 13:48:15,5.4,1040,16
4097,MF1147,CZ3349,08:10:00,11:30:00,2021-02-19 10:41:07,5.4,1040,15
4136,MF1147,CZ3349,08:10:00,11:30:00,2021-02-22 17:59:42,5.4,1040,12
4260,MF1147,CZ3349,08:10:00,11:30:00,2021-02-24 14:20:57,5.4,1040,10
4321,MF1147,CZ3349,08:10:00,11:30:00,2021-03-01 18:09:27,5.4,1040,5
4403,MF1147,CZ3349,08:10:00,11:30:00,2021-03-02 13:55:01,5.4,1040,4
4465,MF1147,CZ3349,08:10:00,11:30:00,2021-03-03 13:57:25,5.4,1040,3
4523,MF1147,CZ3349,08:10:00,11:30:00,2021-03-04 14:11:26,5.4,1040,2
2437,MF5113,3U8962,11:45:00,15:20:00,2021-01-21 14:53:15,3.0,700,44
2514,MF5113,3U8962,11:45:00,15:20:00,2021-01-22 14:03:49,3.0,700,43
2598,MF5113,3U8962,11:45:00,15:20:00,2021-01-23 14:32:32,3.0,700,42
2702,MF5113,3U8962,11:45:00,15:20:00,2021-01-26 14:49:19,3.0,700,39
2797,MF5113,3U8962,11:45:00,15:20:00,2021-01-27 14:47:19,3.0,700,38
2843,MF5113,3U8962,11:45:00,15:20:00,2021-01-28 14:32:28,3.0,700,37
2913,MF5113,3U8962,11:45:00,15:20:00,2021-01-29 14:20:12,3.0,700,36
3010,MF5113,3U8962,11:45:00,15:20:00,2021-01-31 14:27:09,3.0,700,34
3076,MF5113,3U8962,11:45:00,15:20:00,2021-02-01 14:18:55,3.0,700,33
3191,MF5113,3U8962,11:45:00,15:20:00,2021-02-04 14:01:39,3.0,700,30
3228,MF5113,3U8962,11:45:00,15:20:00,2021-02-05 14:29:19,3.0,700,29
3279,MF5113,3U8962,11:45:00,15:20:00,2021-02-06 14:23:14,3.0,700,28
3353,MF5113,3U8962,11:45:00,15:20:00,2021-02-07 14:27:03,3.0,700,27
3383,MF5113,3U8962,11:45:00,15:20:00,2021-02-08 14:18:29,3.0,700,26
3519,MF5113,3U8962,11:45:00,15:20:00,2021-02-10 14:40:26,3.0,700,24
3585,MF5113,3U8962,11:45:00,15:20:00,2021-02-11 14:30:40,3.0,700,23
3654,MF5113,3U8962,11:45:00,15:20:00,2021-02-12 13:50:00,3.0,700,22
3711,MF5113,3U8962,11:45:00,15:20:00,2021-02-13 13:52:16,3.0,700,21
3785,MF5113,3U8962,11:45:00,15:20:00,2021-02-14 14:18:16,3.0,700,20
3886,MF5113,3U8962,11:45:00,15:20:00,2021-02-16 14:28:24,3.0,700,18
3930,MF5113,3U8962,11:45:00,15:20:00,2021-02-17 14:26:03,3.0,700,17
4009,MF5113,3U8962,11:45:00,15:20:00,2021-02-18 13:48:15,3.0,700,16
4091,MF5113,3U8962,11:45:00,15:20:00,2021-02-19 10:41:07,3.0,700,15
4143,MF5113,3U8962,11:45:00,15:20:00,2021-02-22 17:59:42,3.0,700,12
4253,MF5113,3U8962,11:45:00,15:20:00,2021-02-24 14:20:57,3.0,700,10
4357,MF5113,3U8962,11:45:00,15:20:00,2021-03-01 18:09:27,3.0,700,5
4410,MF5113,3U8962,11:45:00,15:20:00,2021-03-02 13:55:01,3.0,700,4
4472,MF5113,3U8962,11:45:00,15:20:00,2021-03-03 13:57:25,3.0,700,3
4516,MF5113,3U8962,11:45:00,15:20:00,2021-03-04 14:11:26,3.0,700,2
2467,MF5115,3U8964,16:35:00,20:20:00,2021-01-21 14:53:15,3.0,700,44
2510,MF5115,3U8964,16:35:00,20:20:00,2021-01-22 14:03:49,3.0,700,43
2594,MF5115,3U8964,16:35:00,20:20:00,2021-01-23 14:32:32,3.0,700,42
2706,MF5115,3U8964,16:35:00,20:20:00,2021-01-26 14:49:19,3.0,700,39
2793,MF5115,3U8964,16:35:00,20:20:00,2021-01-27 14:47:19,3.0,700,38
2839,MF5115,3U8964,16:35:00,20:20:00,2021-01-28 14:32:28,3.0,700,37
2909,MF5115,3U8964,16:35:00,20:20:00,2021-01-29 14:20:12,3.0,700,36
3005,MF5115,3U8964,16:35:00,20:20:00,2021-01-31 14:27:09,3.0,700,34
3072,MF5115,3U8964,16:35:00,20:20:00,2021-02-01 14:18:55,3.0,700,33
3187,MF5115,3U8964,16:35:00,20:20:00,2021-02-04 14:01:39,3.0,700,30
3232,MF5115,3U8964,16:35:00,20:20:00,2021-02-05 14:29:19,3.0,700,29
3274,MF5115,3U8964,16:35:00,20:20:00,2021-02-06 14:23:14,3.0,700,28
3349,MF5115,3U8964,16:35:00,20:20:00,2021-02-07 14:27:03,3.0,700,27
3446,MF5115,3U8964,16:35:00,20:20:00,2021-02-08 14:18:29,3.0,700,26
3515,MF5115,3U8964,16:35:00,20:20:00,2021-02-10 14:40:26,3.0,700,24
3581,MF5115,3U8964,16:35:00,20:20:00,2021-02-11 14:30:40,3.0,700,23
3650,MF5115,3U8964,16:35:00,20:20:00,2021-02-12 13:50:00,3.0,700,22
3715,MF5115,3U8964,16:35:00,20:20:00,2021-02-13 13:52:16,3.0,700,21
3781,MF5115,3U8964,16:35:00,20:20:00,2021-02-14 14:18:16,3.0,700,20
3890,MF5115,3U8964,16:35:00,20:20:00,2021-02-16 14:28:24,3.0,700,18
3934,MF5115,3U8964,16:35:00,20:20:00,2021-02-17 14:26:03,3.0,700,17
4005,MF5115,3U8964,16:35:00,20:20:00,2021-02-18 13:48:15,3.0,700,16
4095,MF5115,3U8964,16:35:00,20:20:00,2021-02-19 10:41:07,3.0,700,15
4138,MF5115,3U8964,16:35:00,20:20:00,2021-02-22 17:59:42,3.0,700,12
4258,MF5115,3U8964,16:35:00,20:20:00,2021-02-24 14:20:57,3.0,700,10
4319,MF5115,3U8964,16:35:00,20:20:00,2021-03-01 18:09:27,3.0,700,5
4405,MF5115,3U8964,16:35:00,20:20:00,2021-03-02 13:55:01,3.0,700,4
4467,MF5115,3U8964,16:35:00,20:20:00,2021-03-03 13:57:25,3.0,700,3
4521,MF5115,3U8964,16:35:00,20:20:00,2021-03-04 14:11:26,3.0,700,2
2460,MF5117,3U8966,19:55:00,23:30:00,2021-01-21 14:53:15,3.0,700,44
2501,MF5117,3U8966,19:55:00,23:30:00,2021-01-22 14:03:49,3.0,700,43
2585,MF5117,3U8966,19:55:00,23:30:00,2021-01-23 14:32:32,3.0,700,42
2715,MF5117,3U8966,19:55:00,23:30:00,2021-01-26 14:49:19,3.0,700,39
2784,MF5117,3U8966,19:55:00,23:30:00,2021-01-27 14:47:19,3.0,700,38
2830,MF5117,3U8966,19:55:00,23:30:00,2021-01-28 14:32:28,3.0,700,37
2900,MF5117,3U8966,19:55:00,23:30:00,2021-01-29 14:20:12,3.0,700,36
2996,MF5117,3U8966,19:55:00,23:30:00,2021-01-31 14:27:09,3.0,700,34
3064,MF5117,3U8966,19:55:00,23:30:00,2021-02-01 14:18:55,3.0,700,33
3179,MF5117,3U8966,19:55:00,23:30:00,2021-02-04 14:01:39,3.0,700,30
3241,MF5117,3U8966,19:55:00,23:30:00,2021-02-05 14:29:19,3.0,700,29
3306,MF5117,3U8966,19:55:00,23:30:00,2021-02-06 14:23:14,3.0,700,28
3340,MF5117,3U8966,19:55:00,23:30:00,2021-02-07 14:27:03,3.0,700,27
3437,MF5117,3U8966,19:55:00,23:30:00,2021-02-08 14:18:29,3.0,700,26
3506,MF5117,3U8966,19:55:00,23:30:00,2021-02-10 14:40:26,3.0,700,24
3572,MF5117,3U8966,19:55:00,23:30:00,2021-02-11 14:30:40,3.0,700,23
3641,MF5117,3U8966,19:55:00,23:30:00,2021-02-12 13:50:00,3.0,700,22
3724,MF5117,3U8966,19:55:00,23:30:00,2021-02-13 13:52:16,3.0,700,21
3772,MF5117,3U8966,19:55:00,23:30:00,2021-02-14 14:18:16,3.0,700,20
3899,MF5117,3U8966,19:55:00,23:30:00,2021-02-16 14:28:24,3.0,700,18
3943,MF5117,3U8966,19:55:00,23:30:00,2021-02-17 14:26:03,3.0,700,17
3996,MF5117,3U8966,19:55:00,23:30:00,2021-02-18 13:48:15,3.0,700,16
4104,MF5117,3U8966,19:55:00,23:30:00,2021-02-19 10:41:07,3.0,700,15
4174,MF5117,3U8966,19:55:00,23:30:00,2021-02-22 17:59:42,3.0,700,12
4266,MF5117,3U8966,19:55:00,23:30:00,2021-02-24 14:20:57,3.0,700,10
4329,MF5117,3U8966,19:55:00,23:30:00,2021-03-01 18:09:27,3.0,700,5
4397,MF5117,3U8966,19:55:00,23:30:00,2021-03-02 13:55:01,3.0,700,4
4459,MF5117,3U8966,19:55:00,23:30:00,2021-03-03 13:57:25,3.0,700,3
4528,MF5117,3U8966,19:55:00,23:30:00,2021-03-04 14:11:26,3.0,700,2
2447,MF5119,3U8968,09:55:00,13:30:00,2021-01-21 14:53:15,3.0,700,44
2554,MF5119,3U8968,09:55:00,13:30:00,2021-01-22 14:03:49,3.0,700,43
2571,MF5119,3U8968,09:55:00,13:30:00,2021-01-23 14:32:32,3.0,700,42
2729,MF5119,3U8968,09:55:00,13:30:00,2021-01-26 14:49:19,3.0,700,39
2770,MF5119,3U8968,09:55:00,13:30:00,2021-01-27 14:47:19,3.0,700,38
2816,MF5119,3U8968,09:55:00,13:30:00,2021-01-28 14:32:28,3.0,700,37
2886,MF5119,3U8968,09:55:00,13:30:00,2021-01-29 14:20:12,3.0,700,36
2982,MF5119,3U8968,09:55:00,13:30:00,2021-01-31 14:27:09,3.0,700,34
3050,MF5119,3U8968,09:55:00,13:30:00,2021-02-01 14:18:55,3.0,700,33
3160,MF5119,3U8968,09:55:00,13:30:00,2021-02-04 14:01:39,3.0,700,30
3259,MF5119,3U8968,09:55:00,13:30:00,2021-02-05 14:29:19,3.0,700,29
3287,MF5119,3U8968,09:55:00,13:30:00,2021-02-06 14:23:14,3.0,700,28
3326,MF5119,3U8968,09:55:00,13:30:00,2021-02-07 14:27:03,3.0,700,27
3423,MF5119,3U8968,09:55:00,13:30:00,2021-02-08 14:18:29,3.0,700,26
3492,MF5119,3U8968,09:55:00,13:30:00,2021-02-10 14:40:26,3.0,700,24
3558,MF5119,3U8968,09:55:00,13:30:00,2021-02-11 14:30:40,3.0,700,23
3627,MF5119,3U8968,09:55:00,13:30:00,2021-02-12 13:50:00,3.0,700,22
3738,MF5119,3U8968,09:55:00,13:30:00,2021-02-13 13:52:16,3.0,700,21
3758,MF5119,3U8968,09:55:00,13:30:00,2021-02-14 14:18:16,3.0,700,20
3870,MF5119,3U8968,09:55:00,13:30:00,2021-02-16 14:28:24,3.0,700,18
3957,MF5119,3U8968,09:55:00,13:30:00,2021-02-17 14:26:03,3.0,700,17
4050,MF5119,3U8968,09:55:00,13:30:00,2021-02-18 13:48:15,3.0,700,16
4118,MF5119,3U8968,09:55:00,13:30:00,2021-02-19 10:41:07,3.0,700,15
4162,MF5119,3U8968,09:55:00,13:30:00,2021-02-22 17:59:42,3.0,700,12
4278,MF5119,3U8968,09:55:00,13:30:00,2021-02-24 14:20:57,3.0,700,10
4368,MF5119,3U8968,09:55:00,13:30:00,2021-03-01 18:09:27,3.0,700,5
4386,MF5119,3U8968,09:55:00,13:30:00,2021-03-02 13:55:01,3.0,700,4
4448,MF5119,3U8968,09:55:00,13:30:00,2021-03-03 13:57:25,3.0,700,3
4539,MF5119,3U8968,09:55:00,13:30:00,2021-03-04 14:11:26,3.0,700,2
2456,MF5121,3U8970,22:10:00,01:40:00,2021-01-21 14:53:15,3.0,700,44
2496,MF5121,3U8970,22:10:00,01:40:00,2021-01-22 14:03:49,3.0,700,43
2580,MF5121,3U8970,22:10:00,01:40:00,2021-01-23 14:32:32,3.0,700,42
2720,MF5121,3U8970,22:10:00,01:40:00,2021-01-26 14:49:19,3.0,700,39
2779,MF5121,3U8970,22:10:00,01:40:00,2021-01-27 14:47:19,3.0,700,38
2825,MF5121,3U8970,22:10:00,01:40:00,2021-01-28 14:32:28,3.0,700,37
2895,MF5121,3U8970,22:10:00,01:40:00,2021-01-29 14:20:12,3.0,700,36
2991,MF5121,3U8970,22:10:00,01:40:00,2021-01-31 14:27:09,3.0,700,34
3059,MF5121,3U8970,22:10:00,01:40:00,2021-02-01 14:18:55,3.0,700,33
3184,MF5121,3U8970,22:10:00,01:40:00,2021-02-04 14:01:39,3.0,700,30
3246,MF5121,3U8970,22:10:00,01:40:00,2021-02-05 14:29:19,3.0,700,29
3299,MF5121,3U8970,22:10:00,01:40:00,2021-02-06 14:23:14,3.0,700,28
3335,MF5121,3U8970,22:10:00,01:40:00,2021-02-07 14:27:03,3.0,700,27
3432,MF5121,3U8970,22:10:00,01:40:00,2021-02-08 14:18:29,3.0,700,26
3501,MF5121,3U8970,22:10:00,01:40:00,2021-02-10 14:40:26,3.0,700,24
3567,MF5121,3U8970,22:10:00,01:40:00,2021-02-11 14:30:40,3.0,700,23
3636,MF5121,3U8970,22:10:00,01:40:00,2021-02-12 13:50:00,3.0,700,22
3729,MF5121,3U8970,22:10:00,01:40:00,2021-02-13 13:52:16,3.0,700,21
3767,MF5121,3U8970,22:10:00,01:40:00,2021-02-14 14:18:16,3.0,700,20
3859,MF5121,3U8970,22:10:00,01:40:00,2021-02-16 14:28:24,3.0,700,18
3948,MF5121,3U8970,22:10:00,01:40:00,2021-02-17 14:26:03,3.0,700,17
4059,MF5121,3U8970,22:10:00,01:40:00,2021-02-18 13:48:15,3.0,700,16
4109,MF5121,3U8970,22:10:00,01:40:00,2021-02-19 10:41:07,3.0,700,15
4169,MF5121,3U8970,22:10:00,01:40:00,2021-02-22 17:59:42,3.0,700,12
4271,MF5121,3U8970,22:10:00,01:40:00,2021-02-24 14:20:57,3.0,700,10
2458,MU3669,HO1013,06:20:00,09:45:00,2021-01-21 14:53:15,10.0,2330,44
2499,MU3669,HO1013,06:20:00,09:45:00,2021-01-22 14:03:49,10.0,2330,43
2583,MU3669,HO1013,06:20:00,09:45:00,2021-01-23 14:32:32,10.0,2330,42
2717,MU3669,HO1013,06:20:00,09:45:00,2021-01-26 14:49:19,10.0,2330,39
2782,MU3669,HO1013,06:20:00,09:45:00,2021-01-27 14:47:19,10.0,2330,38
2828,MU3669,HO1013,06:20:00,09:45:00,2021-01-28 14:32:28,10.0,2330,37
2898,MU3669,HO1013,06:20:00,09:45:00,2021-01-29 14:20:12,10.0,2330,36
2994,MU3669,HO1013,06:20:00,09:45:00,2021-01-31 14:27:09,10.0,2330,34
3062,MU3669,HO1013,06:20:00,09:45:00,2021-02-01 14:18:55,10.0,2330,33
3181,MU3669,HO1013,06:20:00,09:45:00,2021-02-04 14:01:39,10.0,2330,30
3243,MU3669,HO1013,06:20:00,09:45:00,2021-02-05 14:29:19,10.0,2330,29
3338,MU3669,HO1013,06:20:00,09:45:00,2021-02-07 14:27:03,10.0,2330,27
3435,MU3669,HO1013,06:20:00,09:45:00,2021-02-08 14:18:29,10.0,2330,26
3504,MU3669,HO1013,06:20:00,09:45:00,2021-02-10 14:40:26,10.0,2330,24
3570,MU3669,HO1013,06:20:00,09:45:00,2021-02-11 14:30:40,10.0,2330,23
3639,MU3669,HO1013,06:20:00,09:45:00,2021-02-12 13:50:00,10.0,2330,22
3726,MU3669,HO1013,06:20:00,09:45:00,2021-02-13 13:52:16,10.0,2330,21
3770,MU3669,HO1013,06:20:00,09:45:00,2021-02-14 14:18:16,10.0,2330,20
3826,MU3669,HO1013,06:20:00,09:45:00,2021-02-15 14:06:34,10.0,2330,19
3901,MU3669,HO1013,06:20:00,09:45:00,2021-02-16 14:28:24,10.0,2330,18
3945,MU3669,HO1013,06:20:00,09:45:00,2021-02-17 14:26:03,10.0,2330,17
3994,MU3669,HO1013,06:20:00,09:45:00,2021-02-18 13:48:15,10.0,2330,16
4106,MU3669,HO1013,06:20:00,09:45:00,2021-02-19 10:41:07,10.0,2330,15
4172,MU3669,HO1013,06:20:00,09:45:00,2021-02-22 17:59:42,10.0,2330,12
4268,MU3669,HO1013,06:20:00,09:45:00,2021-02-24 14:20:57,10.0,2330,10
4327,MU3669,HO1013,06:20:00,09:45:00,2021-03-01 18:09:27,10.0,2330,5
4395,MU3669,HO1013,06:20:00,09:45:00,2021-03-02 13:55:01,10.0,2330,4
4457,MU3669,HO1013,06:20:00,09:45:00,2021-03-03 13:57:25,10.0,2330,3
4530,MU3669,HO1013,06:20:00,09:45:00,2021-03-04 14:11:26,10.0,2330,2
2484,MU3673,HO1059,15:25:00,18:55:00,2021-01-21 14:53:15,10.0,2330,44
2532,MU3673,HO1059,15:25:00,18:55:00,2021-01-22 14:03:49,10.0,2330,43
2625,MU3673,HO1059,15:25:00,18:55:00,2021-01-23 14:32:32,10.0,2330,42
2684,MU3673,HO1059,15:25:00,18:55:00,2021-01-26 14:49:19,10.0,2330,39
2752,MU3673,HO1059,15:25:00,18:55:00,2021-01-27 14:47:19,10.0,2330,38
2861,MU3673,HO1059,15:25:00,18:55:00,2021-01-28 14:32:28,10.0,2330,37
2931,MU3673,HO1059,15:25:00,18:55:00,2021-01-29 14:20:12,10.0,2330,36
3029,MU3673,HO1059,15:25:00,18:55:00,2021-01-31 14:27:09,10.0,2330,34
3094,MU3673,HO1059,15:25:00,18:55:00,2021-02-01 14:18:55,10.0,2330,33
3141,MU3673,HO1059,15:25:00,18:55:00,2021-02-04 14:01:39,10.0,2330,30
3209,MU3673,HO1059,15:25:00,18:55:00,2021-02-05 14:29:19,10.0,2330,29
3371,MU3673,HO1059,15:25:00,18:55:00,2021-02-07 14:27:03,10.0,2330,27
3401,MU3673,HO1059,15:25:00,18:55:00,2021-02-08 14:18:29,10.0,2330,26
3537,MU3673,HO1059,15:25:00,18:55:00,2021-02-10 14:40:26,10.0,2330,24
3603,MU3673,HO1059,15:25:00,18:55:00,2021-02-11 14:30:40,10.0,2330,23
3672,MU3673,HO1059,15:25:00,18:55:00,2021-02-12 13:50:00,10.0,2330,22
3693,MU3673,HO1059,15:25:00,18:55:00,2021-02-13 13:52:16,10.0,2330,21
3804,MU3673,HO1059,15:25:00,18:55:00,2021-02-14 14:18:16,10.0,2330,20
3828,MU3673,HO1059,15:25:00,18:55:00,2021-02-15 14:06:34,10.0,2330,19
3916,MU3673,HO1059,15:25:00,18:55:00,2021-02-16 14:28:24,10.0,2330,18
3980,MU3673,HO1059,15:25:00,18:55:00,2021-02-17 14:26:03,10.0,2330,17
4027,MU3673,HO1059,15:25:00,18:55:00,2021-02-18 13:48:15,10.0,2330,16
4073,MU3673,HO1059,15:25:00,18:55:00,2021-02-19 10:41:07,10.0,2330,15
4187,MU3673,HO1059,15:25:00,18:55:00,2021-02-22 17:59:42,10.0,2330,12
4235,MU3673,HO1059,15:25:00,18:55:00,2021-02-24 14:20:57,10.0,2330,10
4341,MU3673,HO1059,15:25:00,18:55:00,2021-03-01 18:09:27,10.0,2330,5
4428,MU3673,HO1059,15:25:00,18:55:00,2021-03-02 13:55:01,10.0,2330,4
4489,MU3673,HO1059,15:25:00,18:55:00,2021-03-03 13:57:25,10.0,2330,3
4499,MU3673,HO1059,15:25:00,18:50:00,2021-03-04 14:11:26,10.0,2330,2
2479,MU4078,3U8962,11:45:00,15:20:00,2021-01-21 14:53:15,4.4,1030,44
2525,MU4078,3U8962,11:45:00,15:20:00,2021-01-22 14:03:49,4.4,1030,43
2608,MU4078,3U8962,11:45:00,15:20:00,2021-01-23 14:32:32,4.4,1030,42
2691,MU4078,3U8962,11:45:00,15:20:00,2021-01-26 14:49:19,4.4,1030,39
2759,MU4078,3U8962,11:45:00,15:20:00,2021-01-27 14:47:19,4.4,1030,38
2854,MU4078,3U8962,11:45:00,15:20:00,2021-01-28 14:32:28,4.4,1030,37
2924,MU4078,3U8962,11:45:00,15:20:00,2021-01-29 14:20:12,4.4,1030,36
3021,MU4078,3U8962,11:45:00,15:20:00,2021-01-31 14:27:09,4.4,1030,34
3087,MU4078,3U8962,11:45:00,15:20:00,2021-02-01 14:18:55,4.4,1030,33
3134,MU4078,3U8962,11:45:00,15:20:00,2021-02-04 14:01:39,4.4,1030,30
3217,MU4078,3U8962,11:45:00,15:20:00,2021-02-05 14:29:19,4.4,1030,29
3364,MU4078,3U8962,11:45:00,15:20:00,2021-02-07 14:27:03,4.4,1030,27
3394,MU4078,3U8962,11:45:00,15:20:00,2021-02-08 14:18:29,4.4,1030,26
3530,MU4078,3U8962,11:45:00,15:20:00,2021-02-10 14:40:26,4.4,1030,24
3596,MU4078,3U8962,11:45:00,15:20:00,2021-02-11 14:30:40,4.4,1030,23
3665,MU4078,3U8962,11:45:00,15:20:00,2021-02-12 13:50:00,4.4,1030,22
3700,MU4078,3U8962,11:45:00,15:20:00,2021-02-13 13:52:16,4.4,1030,21
3811,MU4078,3U8962,11:45:00,15:20:00,2021-02-14 14:18:16,4.4,1030,20
3837,MU4078,3U8962,11:45:00,15:20:00,2021-02-15 14:06:34,4.4,1030,19
3923,MU4078,3U8962,11:45:00,15:20:00,2021-02-16 14:28:24,4.4,1030,18
3987,MU4078,3U8962,11:45:00,15:20:00,2021-02-17 14:26:03,4.4,1030,17
4020,MU4078,3U8962,11:45:00,15:20:00,2021-02-18 13:48:15,4.4,1030,16
4080,MU4078,3U8962,11:45:00,15:20:00,2021-02-19 10:41:07,4.4,1030,15
4180,MU4078,3U8962,11:45:00,15:20:00,2021-02-22 17:59:42,4.4,1030,12
4242,MU4078,3U8962,11:45:00,15:20:00,2021-02-24 14:20:57,4.4,1030,10
4334,MU4078,3U8962,11:45:00,15:20:00,2021-03-01 18:09:27,4.4,1030,5
4421,MU4078,3U8962,11:45:00,15:20:00,2021-03-02 13:55:01,4.4,1030,4
4482,MU4078,3U8962,11:45:00,15:20:00,2021-03-03 13:57:25,4.4,1030,3
4506,MU4078,3U8962,11:45:00,15:20:00,2021-03-04 14:11:26,4.4,1030,2
2486,MU4080,3U8964,16:35:00,20:20:00,2021-01-21 14:53:15,4.4,1030,44
2536,MU4080,3U8964,16:35:00,20:20:00,2021-01-22 14:03:49,4.4,1030,43
2621,MU4080,3U8964,16:35:00,20:20:00,2021-01-23 14:32:32,4.4,1030,42
2680,MU4080,3U8964,16:35:00,20:20:00,2021-01-26 14:49:19,4.4,1030,39
2748,MU4080,3U8964,16:35:00,20:20:00,2021-01-27 14:47:19,4.4,1030,38
2865,MU4080,3U8964,16:35:00,20:20:00,2021-01-28 14:32:28,4.4,1030,37
2935,MU4080,3U8964,16:35:00,20:20:00,2021-01-29 14:20:12,4.4,1030,36
3033,MU4080,3U8964,16:35:00,20:20:00,2021-01-31 14:27:09,4.4,1030,34
3098,MU4080,3U8964,16:35:00,20:20:00,2021-02-01 14:18:55,4.4,1030,33
3173,MU4080,3U8964,16:35:00,20:20:00,2021-02-04 14:01:39,4.4,1030,30
3205,MU4080,3U8964,16:35:00,20:20:00,2021-02-05 14:29:19,4.4,1030,29
3375,MU4080,3U8964,16:35:00,20:20:00,2021-02-07 14:27:03,4.4,1030,27
3405,MU4080,3U8964,16:35:00,20:20:00,2021-02-08 14:18:29,4.4,1030,26
3541,MU4080,3U8964,16:35:00,20:20:00,2021-02-10 14:40:26,4.4,1030,24
3607,MU4080,3U8964,16:35:00,20:20:00,2021-02-11 14:30:40,4.4,1030,23
3676,MU4080,3U8964,16:35:00,20:20:00,2021-02-12 13:50:00,4.4,1030,22
3689,MU4080,3U8964,16:35:00,20:20:00,2021-02-13 13:52:16,4.4,1030,21
3800,MU4080,3U8964,16:35:00,20:20:00,2021-02-14 14:18:16,4.4,1030,20
3824,MU4080,3U8964,16:35:00,20:20:00,2021-02-15 14:06:34,4.4,1030,19
3912,MU4080,3U8964,16:35:00,20:20:00,2021-02-16 14:28:24,4.4,1030,18
3976,MU4080,3U8964,16:35:00,20:20:00,2021-02-17 14:26:03,4.4,1030,17
4031,MU4080,3U8964,16:35:00,20:20:00,2021-02-18 13:48:15,4.4,1030,16
4069,MU4080,3U8964,16:35:00,20:20:00,2021-02-19 10:41:07,4.4,1030,15
4191,MU4080,3U8964,16:35:00,20:20:00,2021-02-22 17:59:42,4.4,1030,12
4231,MU4080,3U8964,16:35:00,20:20:00,2021-02-24 14:20:57,4.4,1030,10
4345,MU4080,3U8964,16:35:00,20:20:00,2021-03-01 18:09:27,4.4,1030,5
4432,MU4080,3U8964,16:35:00,20:20:00,2021-03-02 13:55:01,4.4,1030,4
4492,MU4080,3U8964,16:35:00,20:20:00,2021-03-03 13:57:25,4.4,1030,3
4555,MU4080,3U8964,16:35:00,20:20:00,2021-03-04 14:11:26,4.4,1030,2
2449,MU4082,3U8966,19:55:00,23:30:00,2021-01-21 14:53:15,4.4,1030,44
2556,MU4082,3U8966,19:55:00,23:30:00,2021-01-22 14:03:49,4.4,1030,43
2573,MU4082,3U8966,19:55:00,23:30:00,2021-01-23 14:32:32,4.4,1030,42
2727,MU4082,3U8966,19:55:00,23:30:00,2021-01-26 14:49:19,4.4,1030,39
2772,MU4082,3U8966,19:55:00,23:30:00,2021-01-27 14:47:19,4.4,1030,38
2818,MU4082,3U8966,19:55:00,23:30:00,2021-01-28 14:32:28,4.4,1030,37
2888,MU4082,3U8966,19:55:00,23:30:00,2021-01-29 14:20:12,4.4,1030,36
2984,MU4082,3U8966,19:55:00,23:30:00,2021-01-31 14:27:09,4.4,1030,34
3052,MU4082,3U8966,19:55:00,23:30:00,2021-02-01 14:18:55,4.4,1030,33
3158,MU4082,3U8966,19:55:00,23:30:00,2021-02-04 14:01:39,4.4,1030,30
3261,MU4082,3U8966,19:55:00,23:30:00,2021-02-05 14:29:19,4.4,1030,29
3328,MU4082,3U8966,19:55:00,23:30:00,2021-02-07 14:27:03,4.4,1030,27
3425,MU4082,3U8966,19:55:00,23:30:00,2021-02-08 14:18:29,4.4,1030,26
3494,MU4082,3U8966,19:55:00,23:30:00,2021-02-10 14:40:26,4.4,1030,24
3560,MU4082,3U8966,19:55:00,23:30:00,2021-02-11 14:30:40,4.4,1030,23
3629,MU4082,3U8966,19:55:00,23:30:00,2021-02-12 13:50:00,4.4,1030,22
3736,MU4082,3U8966,19:55:00,23:30:00,2021-02-13 13:52:16,4.4,1030,21
3760,MU4082,3U8966,19:55:00,23:30:00,2021-02-14 14:18:16,4.4,1030,20
3838,MU4082,3U8966,19:55:00,23:30:00,2021-02-15 14:06:34,4.4,1030,19
3868,MU4082,3U8966,19:55:00,23:30:00,2021-02-16 14:28:24,4.4,1030,18
3955,MU4082,3U8966,19:55:00,23:30:00,2021-02-17 14:26:03,4.4,1030,17
4052,MU4082,3U8966,19:55:00,23:30:00,2021-02-18 13:48:15,4.4,1030,16
4116,MU4082,3U8966,19:55:00,23:30:00,2021-02-19 10:41:07,4.4,1030,15
4163,MU4082,3U8966,19:55:00,23:30:00,2021-02-22 17:59:42,4.4,1030,12
4277,MU4082,3U8966,19:55:00,23:30:00,2021-02-24 14:20:57,4.4,1030,10
4369,MU4082,3U8966,19:55:00,23:30:00,2021-03-01 18:09:27,4.4,1030,5
4387,MU4082,3U8966,19:55:00,23:30:00,2021-03-02 13:55:01,4.4,1030,4
4449,MU4082,3U8966,19:55:00,23:30:00,2021-03-03 13:57:25,4.4,1030,3
4538,MU4082,3U8966,19:55:00,23:30:00,2021-03-04 14:11:26,4.4,1030,2
2471,MU4084,3U8968,09:55:00,13:30:00,2021-01-21 14:53:15,4.4,1030,44
2515,MU4084,3U8968,09:55:00,13:30:00,2021-01-22 14:03:49,4.4,1030,43
2599,MU4084,3U8968,09:55:00,13:30:00,2021-01-23 14:32:32,4.4,1030,42
2701,MU4084,3U8968,09:55:00,13:30:00,2021-01-26 14:49:19,4.4,1030,39
2798,MU4084,3U8968,09:55:00,13:30:00,2021-01-27 14:47:19,4.4,1030,38
2844,MU4084,3U8968,09:55:00,13:30:00,2021-01-28 14:32:28,4.4,1030,37
2914,MU4084,3U8968,09:55:00,13:30:00,2021-01-29 14:20:12,4.4,1030,36
3011,MU4084,3U8968,09:55:00,13:30:00,2021-01-31 14:27:09,4.4,1030,34
3077,MU4084,3U8968,09:55:00,13:30:00,2021-02-01 14:18:55,4.4,1030,33
3192,MU4084,3U8968,09:55:00,13:30:00,2021-02-04 14:01:39,4.4,1030,30
3227,MU4084,3U8968,09:55:00,13:30:00,2021-02-05 14:29:19,4.4,1030,29
3354,MU4084,3U8968,09:55:00,13:30:00,2021-02-07 14:27:03,4.4,1030,27
3384,MU4084,3U8968,09:55:00,13:30:00,2021-02-08 14:18:29,4.4,1030,26
3520,MU4084,3U8968,09:55:00,13:30:00,2021-02-10 14:40:26,4.4,1030,24
3586,MU4084,3U8968,09:55:00,13:30:00,2021-02-11 14:30:40,4.4,1030,23
3655,MU4084,3U8968,09:55:00,13:30:00,2021-02-12 13:50:00,4.4,1030,22
3710,MU4084,3U8968,09:55:00,13:30:00,2021-02-13 13:52:16,4.4,1030,21
3786,MU4084,3U8968,09:55:00,13:30:00,2021-02-14 14:18:16,4.4,1030,20
3845,MU4084,3U8968,09:55:00,13:30:00,2021-02-15 14:06:34,4.4,1030,19
3885,MU4084,3U8968,09:55:00,13:30:00,2021-02-16 14:28:24,4.4,1030,18
3929,MU4084,3U8968,09:55:00,13:30:00,2021-02-17 14:26:03,4.4,1030,17
4010,MU4084,3U8968,09:55:00,13:30:00,2021-02-18 13:48:15,4.4,1030,16
4090,MU4084,3U8968,09:55:00,13:30:00,2021-02-19 10:41:07,4.4,1030,15
4144,MU4084,3U8968,09:55:00,13:30:00,2021-02-22 17:59:42,4.4,1030,12
4252,MU4084,3U8968,09:55:00,13:30:00,2021-02-24 14:20:57,4.4,1030,10
4356,MU4084,3U8968,09:55:00,13:30:00,2021-03-01 18:09:27,4.4,1030,5
4411,MU4084,3U8968,09:55:00,13:30:00,2021-03-02 13:55:01,4.4,1030,4
4473,MU4084,3U8968,09:55:00,13:30:00,2021-03-03 13:57:25,4.4,1030,3
4515,MU4084,3U8968,09:55:00,13:30:00,2021-03-04 14:11:26,4.4,1030,2
2488,MU4086,3U8970,22:10:00,01:40:00,2021-01-21 14:53:15,4.4,1030,44
2538,MU4086,3U8970,22:10:00,01:40:00,2021-01-22 14:03:49,4.4,1030,43
2619,MU4086,3U8970,22:10:00,01:40:00,2021-01-23 14:32:32,4.4,1030,42
2678,MU4086,3U8970,22:10:00,01:40:00,2021-01-26 14:49:19,4.4,1030,39
2746,MU4086,3U8970,22:10:00,01:40:00,2021-01-27 14:47:19,4.4,1030,38
2867,MU4086,3U8970,22:10:00,01:40:00,2021-01-28 14:32:28,4.4,1030,37
2937,MU4086,3U8970,22:10:00,01:40:00,2021-01-29 14:20:12,4.4,1030,36
3035,MU4086,3U8970,22:10:00,01:40:00,2021-01-31 14:27:09,4.4,1030,34
3100,MU4086,3U8970,22:10:00,01:40:00,2021-02-01 14:18:55,4.4,1030,33
3147,MU4086,3U8970,22:10:00,01:40:00,2021-02-04 14:01:39,4.4,1030,30
3203,MU4086,3U8970,22:10:00,01:40:00,2021-02-05 14:29:19,4.4,1030,29
3377,MU4086,3U8970,22:10:00,01:40:00,2021-02-07 14:27:03,4.4,1030,27
3407,MU4086,3U8970,22:10:00,01:40:00,2021-02-08 14:18:29,4.4,1030,26
3543,MU4086,3U8970,22:10:00,01:40:00,2021-02-10 14:40:26,4.4,1030,24
3609,MU4086,3U8970,22:10:00,01:40:00,2021-02-11 14:30:40,4.4,1030,23
3678,MU4086,3U8970,22:10:00,01:40:00,2021-02-12 13:50:00,4.4,1030,22
3687,MU4086,3U8970,22:10:00,01:40:00,2021-02-13 13:52:16,4.4,1030,21
3798,MU4086,3U8970,22:10:00,01:40:00,2021-02-14 14:18:16,4.4,1030,20
3822,MU4086,3U8970,22:10:00,01:40:00,2021-02-15 14:06:34,4.4,1030,19
3910,MU4086,3U8970,22:10:00,01:40:00,2021-02-16 14:28:24,4.4,1030,18
3974,MU4086,3U8970,22:10:00,01:40:00,2021-02-17 14:26:03,4.4,1030,17
4033,MU4086,3U8970,22:10:00,01:40:00,2021-02-18 13:48:15,4.4,1030,16
4067,MU4086,3U8970,22:10:00,01:40:00,2021-02-19 10:41:07,4.4,1030,15
4193,MU4086,3U8970,22:10:00,01:40:00,2021-02-22 17:59:42,4.4,1030,12
4229,MU4086,3U8970,22:10:00,01:40:00,2021-02-24 14:20:57,4.4,1030,10
2414,MU5297,,17:55:00,21:40:00,2021-01-20 14:53:46,1.5,350,45
2443,MU5297,,17:55:00,21:40:00,2021-01-21 14:53:15,1.5,350,44
2550,MU5297,,17:55:00,21:40:00,2021-01-22 14:03:49,1.5,350,43
2567,MU5297,,17:55:00,21:40:00,2021-01-23 14:32:32,1.5,350,42
2633,MU5297,,17:55:00,21:40:00,2021-01-24 14:01:53,1.5,350,41
2660,MU5297,,17:55:00,21:40:00,2021-01-25 14:14:42,1.5,350,40
2733,MU5297,,17:55:00,21:40:00,2021-01-26 14:49:19,1.5,350,39
2766,MU5297,,17:55:00,21:40:00,2021-01-27 14:47:19,1.5,350,38
2812,MU5297,,17:55:00,21:40:00,2021-01-28 14:32:28,1.5,350,37
2881,MU5297,,17:55:00,21:40:00,2021-01-29 14:20:12,1.5,350,36
2946,MU5297,,17:55:00,21:40:00,2021-01-30 14:43:25,1.5,350,35
2972,MU5297,,17:55:00,21:40:00,2021-01-31 14:27:09,1.5,350,34
3045,MU5297,,17:55:00,21:40:00,2021-02-01 14:18:55,1.5,350,33
3126,MU5297,,17:55:00,21:40:00,2021-02-02 14:08:52,1.5,350,32
3165,MU5297,,17:55:00,21:40:00,2021-02-04 14:01:39,1.5,350,30
3254,MU5297,,17:55:00,21:40:00,2021-02-05 14:29:19,1.5,350,29
3321,MU5297,,17:55:00,21:40:00,2021-02-07 14:27:03,1.5,350,27
3418,MU5297,,17:55:00,21:40:00,2021-02-08 14:18:29,0.7,174,26
3453,MU5297,,17:55:00,21:40:00,2021-02-09 13:56:38,0.7,170,25
3487,MU5297,,17:55:00,21:40:00,2021-02-10 14:40:26,0.7,172,24
3553,MU5297,,17:55:00,21:40:00,2021-02-11 14:30:40,0.7,170,23
3622,MU5297,,17:55:00,21:40:00,2021-02-12 13:50:00,0.8,176,22
3743,MU5297,,17:55:00,21:40:00,2021-02-13 13:52:16,0.7,170,21
3753,MU5297,,17:55:00,21:40:00,2021-02-14 14:18:16,0.7,170,20
3846,MU5297,,17:55:00,21:40:00,2021-02-15 14:06:34,0.7,170,19
3875,MU5297,,17:55:00,21:40:00,2021-02-16 14:28:24,0.7,170,18
3962,MU5297,,17:55:00,21:40:00,2021-02-17 14:26:03,0.7,170,17
4045,MU5297,,17:55:00,21:40:00,2021-02-18 13:48:15,0.7,170,16
4123,MU5297,,17:55:00,21:40:00,2021-02-19 10:41:07,0.7,170,15
4157,MU5297,,17:55:00,21:40:00,2021-02-22 17:59:42,0.7,170,12
4214,MU5297,,17:55:00,21:40:00,2021-02-23 13:59:40,0.7,170,11
2427,MU5403,,09:10:00,12:35:00,2021-01-20 14:53:46,1.3,300,45
2469,MU5403,,09:10:00,12:35:00,2021-01-21 14:53:15,1.3,300,44
2512,MU5403,,09:10:00,12:35:00,2021-01-22 14:03:49,1.3,300,43
2596,MU5403,,09:10:00,12:35:00,2021-01-23 14:32:32,1.3,300,42
2647,MU5403,,09:10:00,12:35:00,2021-01-24 14:01:53,1.3,300,41
2672,MU5403,,09:10:00,12:35:00,2021-01-25 14:14:42,1.3,300,40
2704,MU5403,,09:10:00,12:35:00,2021-01-26 14:49:19,1.3,300,39
2795,MU5403,,09:10:00,12:35:00,2021-01-27 14:47:19,1.3,300,38
2841,MU5403,,09:10:00,12:35:00,2021-01-28 14:32:28,1.3,300,37
2911,MU5403,,09:10:00,12:35:00,2021-01-29 14:20:12,1.3,300,36
2958,MU5403,,09:10:00,12:35:00,2021-01-30 14:43:25,1.3,300,35
3008,MU5403,,09:10:00,12:35:00,2021-01-31 14:27:09,1.3,300,34
3074,MU5403,,09:10:00,12:35:00,2021-02-01 14:18:55,1.3,300,33
3114,MU5403,,09:10:00,12:35:00,2021-02-02 14:08:52,1.3,300,32
3189,MU5403,,09:10:00,12:35:00,2021-02-04 14:01:39,1.3,300,30
3230,MU5403,,09:10:00,12:35:00,2021-02-05 14:29:19,1.3,300,29
3351,MU5403,,09:10:00,12:35:00,2021-02-07 14:27:03,1.3,300,27
3448,MU5403,,09:10:00,12:35:00,2021-02-08 14:18:29,0.8,175,26
3466,MU5403,,09:10:00,12:35:00,2021-02-09 13:56:38,0.7,170,25
3517,MU5403,,09:10:00,12:35:00,2021-02-10 14:40:26,0.8,176,24
3583,MU5403,,09:10:00,12:35:00,2021-02-11 14:30:40,0.7,170,23
3652,MU5403,,09:10:00,12:35:00,2021-02-12 13:50:00,0.7,173,22
3713,MU5403,,09:10:00,12:35:00,2021-02-13 13:52:16,0.7,170,21
3783,MU5403,,09:10:00,12:35:00,2021-02-14 14:18:16,0.7,170,20
3850,MU5403,,09:10:00,12:35:00,2021-02-15 14:06:34,0.7,170,19
3888,MU5403,,09:10:00,12:35:00,2021-02-16 14:28:24,0.7,170,18
3932,MU5403,,09:10:00,12:35:00,2021-02-17 14:26:03,0.7,170,17
4007,MU5403,,09:10:00,12:35:00,2021-02-18 13:48:15,0.7,170,16
4093,MU5403,,09:10:00,12:35:00,2021-02-19 10:41:07,0.7,170,15
4140,MU5403,,09:10:00,12:35:00,2021-02-22 17:59:42,0.7,170,12
4223,MU5403,,09:10:00,12:35:00,2021-02-23 13:59:40,0.7,170,11
4256,MU5403,,09:10:00,12:35:00,2021-02-24 14:20:57,0.7,170,10
4305,MU5403,,09:10:00,12:35:00,2021-02-25 13:42:14,0.7,170,9
4317,MU5403,,09:10:00,12:35:00,2021-03-01 18:09:27,3.6,840,5
4407,MU5403,,09:10:00,12:35:00,2021-03-02 13:55:01,3.7,860,4
4469,MU5403,,09:10:00,12:35:00,2021-03-03 13:57:25,2.3,530,3
4519,MU5403,,09:10:00,12:35:00,2021-03-04 14:11:26,2.9,670,2
4574,MU5403,,09:10:00,12:35:00,2021-03-05 13:43:38,3.0,690,1
4588,MU5403,,09:10:00,12:35:00,2021-03-06 14:06:24,3.0,690,0
2434,MU5411,,12:30:00,15:55:00,2021-01-20 14:53:46,2.6,600,45
2483,MU5411,,12:30:00,15:55:00,2021-01-21 14:53:15,2.6,600,44
2531,MU5411,,12:30:00,15:55:00,2021-01-22 14:03:49,2.6,600,43
2614,MU5411,,12:30:00,15:55:00,2021-01-23 14:32:32,2.6,600,42
2640,MU5411,,12:30:00,15:55:00,2021-01-24 14:01:53,2.6,600,41
2665,MU5411,,12:30:00,15:55:00,2021-01-25 14:14:42,2.6,600,40
2685,MU5411,,12:30:00,15:55:00,2021-01-26 14:49:19,2.6,600,39
2753,MU5411,,12:30:00,15:55:00,2021-01-27 14:47:19,1.7,400,38
2860,MU5411,,12:30:00,15:55:00,2021-01-28 14:32:28,1.7,400,37
2930,MU5411,,12:30:00,15:55:00,2021-01-29 14:20:12,1.7,400,36
2965,MU5411,,12:30:00,15:55:00,2021-01-30 14:43:25,1.7,400,35
3028,MU5411,,12:30:00,15:55:00,2021-01-31 14:27:09,1.7,400,34
3093,MU5411,,12:30:00,15:55:00,2021-02-01 14:18:55,1.7,400,33
3107,MU5411,,12:30:00,15:55:00,2021-02-02 14:08:52,1.7,400,32
3140,MU5411,,12:30:00,15:55:00,2021-02-04 14:01:39,1.7,400,30
3210,MU5411,,12:30:00,15:55:00,2021-02-05 14:29:19,1.7,400,29
3370,MU5411,,12:30:00,15:55:00,2021-02-07 14:27:03,1.7,400,27
3400,MU5411,,12:30:00,15:55:00,2021-02-08 14:18:29,0.8,175,26
3473,MU5411,,12:30:00,15:55:00,2021-02-09 13:56:38,0.7,170,25
3536,MU5411,,12:30:00,15:55:00,2021-02-10 14:40:26,0.8,180,24
3602,MU5411,,12:30:00,15:55:00,2021-02-11 14:30:40,0.7,170,23
3671,MU5411,,12:30:00,15:55:00,2021-02-12 13:50:00,0.8,175,22
3694,MU5411,,12:30:00,15:55:00,2021-02-13 13:52:16,0.7,170,21
3805,MU5411,,12:30:00,15:55:00,2021-02-14 14:18:16,0.7,170,20
3830,MU5411,,12:30:00,15:55:00,2021-02-15 14:06:34,0.7,170,19
3917,MU5411,,12:30:00,15:55:00,2021-02-16 14:28:24,0.7,170,18
3981,MU5411,,12:30:00,15:55:00,2021-02-17 14:26:03,0.7,170,17
4026,MU5411,,12:30:00,15:55:00,2021-02-18 13:48:15,0.7,170,16
4074,MU5411,,12:30:00,15:55:00,2021-02-19 10:41:07,0.7,170,15
4186,MU5411,,12:30:00,15:55:00,2021-02-22 17:59:42,0.7,170,12
4200,MU5411,,12:30:00,15:55:00,2021-02-23 13:59:40,1.3,300,11
4236,MU5411,,12:30:00,15:55:00,2021-02-24 14:20:57,1.2,280,10
4313,MU5411,,12:30:00,15:55:00,2021-02-25 13:42:14,1.3,300,9
4340,MU5411,,12:30:00,15:55:00,2021-03-01 18:09:27,2.2,510,5
4427,MU5411,,12:30:00,15:55:00,2021-03-02 13:55:01,2.3,530,4
4488,MU5411,,12:30:00,15:55:00,2021-03-03 13:57:25,2.3,530,3
4500,MU5411,,12:30:00,15:55:00,2021-03-04 14:11:26,2.9,670,2
4584,MU5411,,12:30:00,15:55:00,2021-03-05 13:43:38,3.7,860,1
4602,MU5411,,12:30:00,15:55:00,2021-03-06 14:06:24,4.5,1050,0
2416,MU5477,,21:50:00,01:10:00,2021-01-20 14:53:46,1.3,300,45
2450,MU5477,,21:50:00,01:10:00,2021-01-21 14:53:15,1.3,300,44
2557,MU5477,,21:50:00,01:10:00,2021-01-22 14:03:49,1.3,300,43
2574,MU5477,,21:50:00,01:10:00,2021-01-23 14:32:32,1.3,300,42
2631,MU5477,,21:50:00,01:10:00,2021-01-24 14:01:53,1.3,300,41
2658,MU5477,,21:50:00,01:10:00,2021-01-25 14:14:42,1.3,300,40
2726,MU5477,,21:50:00,01:10:00,2021-01-26 14:49:19,1.3,300,39
2773,MU5477,,21:50:00,01:10:00,2021-01-27 14:47:19,1.3,300,38
2819,MU5477,,21:50:00,01:10:00,2021-01-28 14:32:28,1.3,300,37
2889,MU5477,,21:50:00,01:10:00,2021-01-29 14:20:12,1.3,300,36
2949,MU5477,,21:50:00,01:10:00,2021-01-30 14:43:25,1.3,300,35
2985,MU5477,,21:50:00,01:10:00,2021-01-31 14:27:09,1.3,300,34
3053,MU5477,,21:50:00,01:10:00,2021-02-01 14:18:55,1.3,300,33
3123,MU5477,,21:50:00,01:10:00,2021-02-02 14:08:52,1.3,300,32
3157,MU5477,,21:50:00,01:10:00,2021-02-04 14:01:39,1.3,300,30
3262,MU5477,,21:50:00,01:10:00,2021-02-05 14:29:19,1.3,300,29
3329,MU5477,,21:50:00,01:10:00,2021-02-07 14:27:03,1.3,300,27
3426,MU5477,,21:50:00,01:10:00,2021-02-08 14:18:29,0.8,180,26
3456,MU5477,,21:50:00,01:10:00,2021-02-09 13:56:38,0.7,170,25
3495,MU5477,,21:50:00,01:10:00,2021-02-10 14:40:26,0.8,176,24
3561,MU5477,,21:50:00,01:10:00,2021-02-11 14:30:40,0.7,170,23
3630,MU5477,,21:50:00,01:10:00,2021-02-12 13:50:00,0.8,177,22
3735,MU5477,,21:50:00,01:10:00,2021-02-13 13:52:16,0.7,170,21
3761,MU5477,,21:50:00,01:10:00,2021-02-14 14:18:16,0.7,170,20
3818,MU5477,,21:50:00,01:10:00,2021-02-15 14:06:34,0.7,170,19
3867,MU5477,,21:50:00,01:10:00,2021-02-16 14:28:24,0.7,170,18
3954,MU5477,,21:50:00,01:10:00,2021-02-17 14:26:03,0.7,170,17
4053,MU5477,,21:50:00,01:10:00,2021-02-18 13:48:15,0.7,170,16
4115,MU5477,,21:50:00,01:10:00,2021-02-19 10:41:07,0.7,170,15
4164,MU5477,,21:50:00,01:10:00,2021-02-22 17:59:42,0.7,170,12
4211,MU5477,,21:50:00,01:10:00,2021-02-23 13:59:40,0.7,170,11
4276,MU5477,,21:50:00,01:10:00,2021-02-24 14:20:57,0.7,170,10
4295,MU5477,,21:50:00,01:10:00,2021-02-25 13:42:14,0.7,170,9
4370,MU5477,,21:50:00,01:10:00,2021-03-01 18:09:27,1.8,430,5
4388,MU5477,,21:50:00,01:10:00,2021-03-02 13:55:01,1.9,450,4
4450,MU5477,,21:50:00,01:10:00,2021-03-03 13:57:25,1.9,450,3
4537,MU5477,,21:50:00,01:10:00,2021-03-04 14:11:26,2.5,590,2
4566,MU5477,,21:50:00,01:10:00,2021-03-05 13:43:38,2.6,610,1
4597,MU5477,,21:50:00,01:10:00,2021-03-06 14:06:24,2.6,610,0
2431,MU5487,,19:30:00,23:00:00,2021-01-20 14:53:46,2.6,600,45
2478,MU5487,,19:30:00,23:00:00,2021-01-21 14:53:15,2.6,600,44
2524,MU5487,,19:30:00,23:00:00,2021-01-22 14:03:49,2.6,600,43
2607,MU5487,,19:30:00,23:00:00,2021-01-23 14:32:32,2.6,600,42
2643,MU5487,,19:30:00,23:00:00,2021-01-24 14:01:53,2.6,600,41
2668,MU5487,,19:30:00,23:00:00,2021-01-25 14:14:42,2.6,600,40
2692,MU5487,,19:30:00,23:00:00,2021-01-26 14:49:19,2.6,600,39
2760,MU5487,,19:30:00,23:00:00,2021-01-27 14:47:19,1.7,400,38
2853,MU5487,,19:30:00,23:00:00,2021-01-28 14:32:28,1.7,400,37
2923,MU5487,,19:30:00,23:00:00,2021-01-29 14:20:12,1.7,400,36
2962,MU5487,,19:30:00,23:00:00,2021-01-30 14:43:25,1.5,350,35
3020,MU5487,,19:30:00,23:00:00,2021-01-31 14:27:09,1.5,350,34
3086,MU5487,,19:30:00,23:00:00,2021-02-01 14:18:55,1.5,350,33
3110,MU5487,,19:30:00,23:00:00,2021-02-02 14:08:52,1.5,350,32
3133,MU5487,,19:30:00,23:00:00,2021-02-04 14:01:39,1.5,350,30
3218,MU5487,,19:30:00,23:00:00,2021-02-05 14:29:19,1.5,350,29
3363,MU5487,,19:30:00,23:00:00,2021-02-07 14:27:03,1.5,350,27
3393,MU5487,,19:30:00,23:00:00,2021-02-08 14:18:29,0.7,173,26
3470,MU5487,,19:30:00,23:00:00,2021-02-09 13:56:38,0.7,170,25
3529,MU5487,,19:30:00,23:00:00,2021-02-10 14:40:26,0.8,179,24
3595,MU5487,,19:30:00,23:00:00,2021-02-11 14:30:40,0.7,170,23
3664,MU5487,,19:30:00,23:00:00,2021-02-12 13:50:00,0.8,179,22
3701,MU5487,,19:30:00,23:00:00,2021-02-13 13:52:16,0.7,170,21
3812,MU5487,,19:30:00,23:00:00,2021-02-14 14:18:16,0.7,170,20
3839,MU5487,,19:30:00,23:00:00,2021-02-15 14:06:34,0.7,170,19
3924,MU5487,,19:30:00,23:00:00,2021-02-16 14:28:24,0.7,170,18
3988,MU5487,,19:30:00,23:00:00,2021-02-17 14:26:03,0.7,170,17
4019,MU5487,,19:30:00,23:00:00,2021-02-18 13:48:15,0.7,170,16
4081,MU5487,,19:30:00,23:00:00,2021-02-19 10:41:07,0.7,170,15
4179,MU5487,,19:30:00,23:00:00,2021-02-22 17:59:42,0.7,170,12
4197,MU5487,,19:30:00,23:00:00,2021-02-23 13:59:40,0.7,170,11
4243,MU5487,,19:30:00,23:00:00,2021-02-24 14:20:57,0.7,170,10
4310,MU5487,,19:30:00,23:00:00,2021-02-25 13:42:14,0.7,170,9
4333,MU5487,,19:30:00,23:00:00,2021-03-01 18:09:27,2.0,470,5
4420,MU5487,,19:30:00,23:00:00,2021-03-02 13:55:01,2.1,490,4
4481,MU5487,,19:30:00,23:00:00,2021-03-03 13:57:25,2.1,490,3
4507,MU5487,,19:30:00,23:00:00,2021-03-04 14:11:26,2.7,630,2
4579,MU5487,,19:30:00,23:00:00,2021-03-05 13:43:38,2.8,650,1
4595,MU5487,,19:30:00,23:00:00,2021-03-06 14:06:24,2.8,650,0
2415,MU5642,,19:20:00,22:55:00,2021-01-20 14:53:46,1.3,300,45
2445,MU5642,,19:20:00,22:55:00,2021-01-21 14:53:15,1.3,300,44
2552,MU5642,,19:20:00,22:55:00,2021-01-22 14:03:49,1.3,300,43
2569,MU5642,,19:20:00,22:55:00,2021-01-23 14:32:32,1.3,300,42
2632,MU5642,,19:20:00,22:55:00,2021-01-24 14:01:53,1.3,300,41
2659,MU5642,,19:20:00,22:55:00,2021-01-25 14:14:42,1.3,300,40
2731,MU5642,,19:20:00,22:55:00,2021-01-26 14:49:19,1.3,300,39
2768,MU5642,,19:20:00,22:55:00,2021-01-27 14:47:19,1.3,300,38
2814,MU5642,,19:20:00,22:55:00,2021-01-28 14:32:28,1.3,300,37
2884,MU5642,,19:20:00,22:55:00,2021-01-29 14:20:12,1.3,300,36
2948,MU5642,,19:20:00,22:55:00,2021-01-30 14:43:25,1.3,300,35
2980,MU5642,,19:20:00,22:55:00,2021-01-31 14:27:09,1.3,300,34
3048,MU5642,,19:20:00,22:55:00,2021-02-01 14:18:55,1.3,300,33
3124,MU5642,,19:20:00,22:55:00,2021-02-02 14:08:52,1.3,300,32
3162,MU5642,,19:20:00,22:55:00,2021-02-04 14:01:39,1.3,300,30
3257,MU5642,,19:20:00,22:55:00,2021-02-05 14:29:19,1.3,300,29
3324,MU5642,,19:20:00,22:55:00,2021-02-07 14:27:03,1.3,300,27
3421,MU5642,,19:20:00,22:55:00,2021-02-08 14:18:29,0.7,173,26
3455,MU5642,,19:20:00,22:55:00,2021-02-09 13:56:38,0.7,170,25
3490,MU5642,,19:20:00,22:55:00,2021-02-10 14:40:26,0.8,178,24
3556,MU5642,,19:20:00,22:55:00,2021-02-11 14:30:40,0.7,170,23
3625,MU5642,,19:20:00,22:55:00,2021-02-12 13:50:00,0.7,172,22
3740,MU5642,,19:20:00,22:55:00,2021-02-13 13:52:16,0.7,170,21
3756,MU5642,,19:20:00,22:55:00,2021-02-14 14:18:16,0.7,170,20
3842,MU5642,,19:20:00,22:55:00,2021-02-15 14:06:34,0.7,170,19
3872,MU5642,,19:20:00,22:55:00,2021-02-16 14:28:24,0.7,170,18
3959,MU5642,,19:20:00,22:55:00,2021-02-17 14:26:03,0.7,170,17
4048,MU5642,,19:20:00,22:55:00,2021-02-18 13:48:15,0.7,170,16
4120,MU5642,,19:20:00,22:55:00,2021-02-19 10:41:07,0.7,170,15
4160,MU5642,,19:20:00,22:55:00,2021-02-22 17:59:42,0.7,170,12
4212,MU5642,,19:20:00,22:55:00,2021-02-23 13:59:40,0.7,170,11
4279,MU5642,,19:20:00,22:55:00,2021-02-24 14:20:57,0.7,170,10
4294,MU5642,,19:20:00,22:55:00,2021-02-25 13:42:14,0.7,170,9
4367,MU5642,,19:20:00,22:55:00,2021-03-01 18:09:27,2.0,470,5
4385,MU5642,,19:20:00,22:55:00,2021-03-02 13:55:01,2.1,490,4
4447,MU5642,,19:20:00,22:55:00,2021-03-03 13:57:25,2.1,490,3
4540,MU5642,,19:20:00,22:55:00,2021-03-04 14:11:26,2.5,590,2
4565,MU5642,,19:20:00,22:55:00,2021-03-05 13:43:38,2.6,610,1
4594,MU5642,,19:20:00,22:55:00,2021-03-06 14:06:24,3.7,860,0
2419,MU8443,FM9543,08:10:00,11:40:00,2021-01-20 14:53:46,2.3,540,45
2454,MU8443,FM9543,08:10:00,11:40:00,2021-01-21 14:53:15,2.3,540,44
2494,MU8443,FM9543,08:10:00,11:40:00,2021-01-22 14:03:49,2.3,540,43
2578,MU8443,FM9543,08:10:00,11:40:00,2021-01-23 14:32:32,2.3,540,42
2629,MU8443,FM9543,08:10:00,11:40:00,2021-01-24 14:01:53,2.3,540,41
2656,MU8443,FM9543,08:10:00,11:40:00,2021-01-25 14:14:42,2.3,540,40
2722,MU8443,FM9543,08:10:00,11:40:00,2021-01-26 14:49:19,2.3,540,39
2777,MU8443,FM9543,08:10:00,11:40:00,2021-01-27 14:47:19,1.7,400,38
2823,MU8443,FM9543,08:10:00,11:40:00,2021-01-28 14:32:28,1.7,400,37
2893,MU8443,FM9543,08:10:00,11:40:00,2021-01-29 14:20:12,1.7,400,36
2952,MU8443,FM9543,08:10:00,11:40:00,2021-01-30 14:43:25,1.7,400,35
2989,MU8443,FM9543,08:10:00,11:40:00,2021-01-31 14:27:09,1.7,400,34
3057,MU8443,FM9543,08:10:00,11:40:00,2021-02-01 14:18:55,2.3,540,33
3121,MU8443,FM9543,08:10:00,11:40:00,2021-02-02 14:08:52,2.3,540,32
3153,MU8443,FM9543,08:10:00,11:40:00,2021-02-04 14:01:39,2.3,540,30
3266,MU8443,FM9543,08:10:00,11:40:00,2021-02-05 14:29:19,2.3,540,29
3333,MU8443,FM9543,08:10:00,11:40:00,2021-02-07 14:27:03,2.3,540,27
3430,MU8443,FM9543,08:10:00,11:40:00,2021-02-08 14:18:29,0.8,180,26
3459,MU8443,FM9543,08:10:00,11:40:00,2021-02-09 13:56:38,0.7,170,25
3499,MU8443,FM9543,08:10:00,11:40:00,2021-02-10 14:40:26,0.8,178,24
3565,MU8443,FM9543,08:10:00,11:40:00,2021-02-11 14:30:40,0.7,170,23
3634,MU8443,FM9543,08:10:00,11:40:00,2021-02-12 13:50:00,0.7,172,22
3731,MU8443,FM9543,08:10:00,11:40:00,2021-02-13 13:52:16,0.7,170,21
3765,MU8443,FM9543,08:10:00,11:40:00,2021-02-14 14:18:16,0.7,170,20
3831,MU8443,FM9543,08:10:00,11:40:00,2021-02-15 14:06:34,0.7,170,19
3863,MU8443,FM9543,08:10:00,11:40:00,2021-02-16 14:28:24,0.7,170,18
3950,MU8443,FM9543,08:10:00,11:40:00,2021-02-17 14:26:03,0.7,170,17
4057,MU8443,FM9543,08:10:00,11:40:00,2021-02-18 13:48:15,0.7,170,16
4111,MU8443,FM9543,08:10:00,11:40:00,2021-02-19 10:41:07,0.7,170,15
4167,MU8443,FM9543,08:10:00,11:40:00,2021-02-22 17:59:42,0.7,170,12
4209,MU8443,FM9543,08:10:00,11:40:00,2021-02-23 13:59:40,0.7,170,11
4273,MU8443,FM9543,08:10:00,11:40:00,2021-02-24 14:20:57,0.7,170,10
4297,MU8443,FM9543,08:10:00,11:40:00,2021-02-25 13:42:14,0.7,170,9
4373,MU8443,FM9543,08:10:00,11:40:00,2021-03-01 18:09:27,3.4,800,5
4391,MU8443,FM9543,08:10:00,11:40:00,2021-03-02 13:55:01,3.5,820,4
4453,MU8443,FM9543,08:10:00,11:40:00,2021-03-03 13:57:25,3.5,820,3
4534,MU8443,FM9543,08:10:00,11:40:00,2021-03-04 14:11:26,3.4,800,2
4568,MU8443,FM9543,08:10:00,11:40:00,2021-03-05 13:43:38,3.5,820,1
4601,MU8443,FM9543,08:10:00,11:40:00,2021-03-06 14:06:24,3.5,820,0
2498,TV6312,CA4514,22:00:00,01:35:00,2021-01-22 14:03:49,1.5,320,43
2582,TV6312,CA4514,22:00:00,01:35:00,2021-01-23 14:32:32,1.5,320,42
2718,TV6312,CA4514,22:00:00,01:35:00,2021-01-26 14:49:19,1.5,320,39
2781,TV6312,CA4514,22:00:00,01:35:00,2021-01-27 14:47:19,1.5,320,38
2827,TV6312,CA4514,22:00:00,01:35:00,2021-01-28 14:32:28,1.5,320,37
2897,TV6312,CA4514,22:00:00,01:35:00,2021-01-29 14:20:12,1.5,320,36
2993,TV6312,CA4514,22:00:00,01:35:00,2021-01-31 14:27:09,1.5,320,34
3061,TV6312,CA4514,22:00:00,01:35:00,2021-02-01 14:18:55,1.5,320,33
3182,TV6312,CA4514,22:00:00,01:35:00,2021-02-04 14:01:39,1.5,320,30
3244,TV6312,CA4514,22:00:00,01:35:00,2021-02-05 14:29:19,1.5,320,29
3303,TV6312,CA4514,22:00:00,01:35:00,2021-02-06 14:23:14,1.5,320,28
3337,TV6312,CA4514,22:00:00,01:35:00,2021-02-07 14:27:03,1.5,320,27
3434,TV6312,CA4514,22:00:00,01:35:00,2021-02-08 14:18:29,1.5,320,26
3503,TV6312,CA4514,22:00:00,01:35:00,2021-02-10 14:40:26,1.5,320,24
3569,TV6312,CA4514,22:00:00,01:35:00,2021-02-11 14:30:40,1.5,320,23
3638,TV6312,CA4514,22:00:00,01:35:00,2021-02-12 13:50:00,1.5,320,22
3727,TV6312,CA4514,22:00:00,01:35:00,2021-02-13 13:52:16,1.5,320,21
3769,TV6312,CA4514,22:00:00,01:35:00,2021-02-14 14:18:16,1.5,320,20
3861,TV6312,CA4514,22:00:00,01:35:00,2021-02-16 14:28:24,1.5,320,18
3946,TV6312,CA4514,22:00:00,01:35:00,2021-02-17 14:26:03,1.5,320,17
4061,TV6312,CA4514,22:00:00,01:35:00,2021-02-18 13:48:15,1.5,320,16
4107,TV6312,CA4514,22:00:00,01:35:00,2021-02-19 10:41:07,1.5,320,15
4171,TV6312,CA4514,22:00:00,01:35:00,2021-02-22 17:59:42,1.5,320,12
4269,TV6312,CA4514,22:00:00,01:35:00,2021-02-24 14:20:57,1.5,320,10
4326,TV6312,CA4514,22:00:00,01:35:00,2021-03-01 18:09:27,2.1,450,5
4394,TV6312,CA4514,22:00:00,01:35:00,2021-03-02 13:55:01,2.1,450,4
4456,TV6312,CA4514,22:00:00,01:35:00,2021-03-03 13:57:25,2.1,450,3
4531,TV6312,CA4514,22:00:00,01:35:00,2021-03-04 14:11:26,2.3,480,2
2533,TV6320,CA4536,21:30:00,01:15:00,2021-01-22 14:03:49,1.5,320,43
2624,TV6320,CA4536,21:30:00,01:15:00,2021-01-23 14:32:32,1.5,320,42
2683,TV6320,CA4536,21:30:00,01:15:00,2021-01-26 14:49:19,1.5,320,39
2751,TV6320,CA4536,21:30:00,01:15:00,2021-01-27 14:47:19,1.5,320,38
2862,TV6320,CA4536,21:30:00,01:15:00,2021-01-28 14:32:28,1.5,320,37
2932,TV6320,CA4536,21:30:00,00:55:00,2021-01-29 14:20:12,1.5,320,36
3030,TV6320,CA4536,21:30:00,00:55:00,2021-01-31 14:27:09,1.5,320,34
3095,TV6320,CA4536,21:30:00,00:55:00,2021-02-01 14:18:55,1.5,320,33
3142,TV6320,CA4536,21:30:00,00:55:00,2021-02-04 14:01:39,1.5,320,30
3208,TV6320,CA4536,21:30:00,00:55:00,2021-02-05 14:29:19,1.5,320,29
3300,TV6320,CA4536,21:30:00,00:55:00,2021-02-06 14:23:14,1.5,320,28
3372,TV6320,CA4536,21:30:00,00:55:00,2021-02-07 14:27:03,1.5,320,27
3402,TV6320,CA4536,21:30:00,00:55:00,2021-02-08 14:18:29,1.5,320,26
3538,TV6320,CA4536,21:30:00,00:55:00,2021-02-10 14:40:26,1.5,320,24
3604,TV6320,CA4536,21:30:00,00:55:00,2021-02-11 14:30:40,1.5,320,23
3673,TV6320,CA4536,21:30:00,00:55:00,2021-02-12 13:50:00,1.5,320,22
3692,TV6320,CA4536,21:30:00,00:55:00,2021-02-13 13:52:16,1.5,320,21
3803,TV6320,CA4536,21:30:00,00:55:00,2021-02-14 14:18:16,1.5,320,20
3915,TV6320,CA4536,21:30:00,00:55:00,2021-02-16 14:28:24,1.5,320,18
3979,TV6320,CA4536,21:30:00,00:55:00,2021-02-17 14:26:03,1.5,320,17
4028,TV6320,CA4536,21:30:00,00:55:00,2021-02-18 13:48:15,1.5,320,16
4072,TV6320,CA4536,21:30:00,00:55:00,2021-02-19 10:41:07,1.5,320,15
4188,TV6320,CA4536,21:30:00,00:55:00,2021-02-22 17:59:42,1.5,320,12
4234,TV6320,CA4536,21:30:00,00:55:00,2021-02-24 14:20:57,1.5,320,10
4342,TV6320,CA4536,21:30:00,00:55:00,2021-03-01 18:09:27,2.1,450,5
4429,TV6320,CA4536,21:30:00,00:55:00,2021-03-02 13:55:01,2.1,450,4
4437,TV6320,CA4536,21:30:00,00:55:00,2021-03-03 13:57:25,2.1,450,3
4558,TV6320,CA4536,21:30:00,00:55:00,2021-03-04 14:11:26,2.3,480,2
2492,TV6460,EU6668,20:30:00,00:05:00,2021-01-21 14:53:15,10.0,2330,44
2543,TV6460,EU6668,20:30:00,00:05:00,2021-01-22 14:03:49,10.0,2330,43
2615,TV6460,EU6668,20:30:00,00:05:00,2021-01-23 14:32:32,10.0,2330,42
2675,TV6460,EU6668,20:30:00,00:05:00,2021-01-26 14:49:19,10.0,2330,39
2742,TV6460,EU6668,20:30:00,00:05:00,2021-01-27 14:47:19,10.0,2330,38
2871,TV6460,EU6668,20:30:00,00:05:00,2021-01-28 14:32:28,10.0,2330,37
2873,TV6460,EU6668,20:30:00,00:05:00,2021-01-29 14:20:12,10.0,2330,36
3006,TV6460,EU6668,20:30:00,00:05:00,2021-01-31 14:27:09,10.0,2330,34
3104,TV6460,EU6668,20:30:00,00:05:00,2021-02-01 14:18:55,10.0,2330,33
3151,TV6460,EU6668,20:30:00,00:05:00,2021-02-04 14:01:39,10.0,2330,30
3211,TV6460,EU6668,20:30:00,00:05:00,2021-02-05 14:29:19,10.0,2330,29
3312,TV6460,EU6668,20:30:00,00:05:00,2021-02-06 14:23:14,10.0,2330,28
3381,TV6460,EU6668,20:30:00,00:05:00,2021-02-07 14:27:03,10.0,2330,27
3382,TV6460,EU6668,20:30:00,00:05:00,2021-02-08 14:18:29,10.0,2330,26
3479,TV6460,EU6668,20:30:00,00:05:00,2021-02-10 14:40:26,10.0,2330,24
3613,TV6460,EU6668,20:30:00,00:05:00,2021-02-11 14:30:40,10.0,2330,23
3614,TV6460,EU6668,20:30:00,00:05:00,2021-02-12 13:50:00,10.0,2330,22
3683,TV6460,EU6668,20:30:00,00:05:00,2021-02-13 13:52:16,10.0,2330,21
3794,TV6460,EU6668,20:30:00,00:05:00,2021-02-14 14:18:16,10.0,2330,20
3819,TV6460,EU6668,20:30:00,00:05:00,2021-02-15 14:06:34,10.0,2330,19
3906,TV6460,EU6668,20:30:00,00:05:00,2021-02-16 14:28:24,10.0,2330,18
3970,TV6460,EU6668,20:30:00,00:05:00,2021-02-17 14:26:03,10.0,2330,17
4037,TV6460,EU6668,20:30:00,00:05:00,2021-02-18 13:48:15,10.0,2330,16
4063,TV6460,EU6668,20:30:00,00:05:00,2021-02-19 10:41:07,10.0,2330,15
4148,TV6460,EU6668,20:30:00,00:05:00,2021-02-22 17:59:42,10.0,2330,12
4225,TV6460,EU6668,20:30:00,00:05:00,2021-02-24 14:20:57,10.0,2330,10
4350,TV6460,EU6668,20:30:00,00:05:00,2021-03-01 18:09:27,10.0,2330,5
4377,TV6460,EU6668,20:30:00,00:05:00,2021-03-02 13:55:01,10.0,2330,4
4497,TV6460,EU6668,20:30:00,00:05:00,2021-03-03 13:57:25,10.0,2330,3
4550,TV6460,EU6668,20:30:00,00:05:00,2021-03-04 14:11:26,10.0,2330,2
2535,ZH1947,CA1947,07:35:00,11:05:00,2021-01-22 14:03:49,3.6,850,43
2622,ZH1947,CA1947,07:35:00,11:05:00,2021-01-23 14:32:32,3.6,850,42
2681,ZH1947,CA1947,07:35:00,11:05:00,2021-01-26 14:49:19,3.6,850,39
2749,ZH1947,CA1947,07:35:00,11:05:00,2021-01-27 14:47:19,1.4,320,38
2864,ZH1947,CA1947,07:35:00,11:05:00,2021-01-28 14:32:28,1.4,320,37
2934,ZH1947,CA1947,07:35:00,11:05:00,2021-01-29 14:20:12,1.4,320,36
3032,ZH1947,CA1947,07:35:00,11:05:00,2021-01-31 14:27:09,1.4,320,34
3097,ZH1947,CA1947,07:35:00,11:05:00,2021-02-01 14:18:55,1.4,320,33
3144,ZH1947,CA1947,07:35:00,11:05:00,2021-02-04 14:01:39,1.4,320,30
3206,ZH1947,CA1947,07:35:00,11:05:00,2021-02-05 14:29:19,1.4,320,29
3304,ZH1947,CA1947,07:35:00,11:05:00,2021-02-06 14:23:14,1.4,320,28
3374,ZH1947,CA1947,07:35:00,11:05:00,2021-02-07 14:27:03,1.4,320,27
3404,ZH1947,CA1947,07:35:00,11:05:00,2021-02-08 14:18:29,1.4,320,26
3540,ZH1947,CA1947,07:35:00,11:05:00,2021-02-10 14:40:26,1.4,320,24
3606,ZH1947,CA1947,07:35:00,11:05:00,2021-02-11 14:30:40,1.4,320,23
3675,ZH1947,CA1947,07:35:00,11:05:00,2021-02-12 13:50:00,1.4,320,22
3690,ZH1947,CA1947,07:35:00,11:05:00,2021-02-13 13:52:16,1.4,320,21
3801,ZH1947,CA1947,07:35:00,11:05:00,2021-02-14 14:18:16,1.4,320,20
3913,ZH1947,CA1947,07:35:00,11:05:00,2021-02-16 14:28:24,1.4,320,18
3977,ZH1947,CA1947,07:35:00,11:05:00,2021-02-17 14:26:03,1.4,320,17
4030,ZH1947,CA1947,07:35:00,11:05:00,2021-02-18 13:48:15,1.4,320,16
4070,ZH1947,CA1947,07:35:00,11:05:00,2021-02-19 10:41:07,1.4,320,15
4190,ZH1947,CA1947,07:35:00,11:05:00,2021-02-22 17:59:42,1.4,320,12
4232,ZH1947,CA1947,07:35:00,11:05:00,2021-02-24 14:20:57,1.4,320,10
4344,ZH1947,CA1947,07:35:00,11:05:00,2021-03-01 18:09:27,2.1,490,5
4431,ZH1947,CA1947,07:35:00,11:05:00,2021-03-02 13:55:01,2.1,490,4
4491,ZH1947,CA1947,07:35:00,11:05:00,2021-03-03 13:57:25,2.1,490,3
4556,ZH1947,CA1947,07:35:00,11:05:00,2021-03-04 14:11:26,2.2,520,2
2546,ZH1949,CA1949,16:05:00,19:30:00,2021-01-22 14:03:49,3.6,850,43
2563,ZH1949,CA1949,16:05:00,19:30:00,2021-01-23 14:32:32,3.6,850,42
2737,ZH1949,CA1949,16:05:00,19:30:00,2021-01-26 14:49:19,3.6,850,39
2763,ZH1949,CA1949,16:05:00,19:30:00,2021-01-27 14:47:19,1.4,320,38
2808,ZH1949,CA1949,16:05:00,19:30:00,2021-01-28 14:32:28,1.4,320,37
2877,ZH1949,CA1949,16:05:00,19:30:00,2021-01-29 14:20:12,1.4,320,36
2974,ZH1949,CA1949,16:05:00,19:30:00,2021-01-31 14:27:09,1.4,320,34
3041,ZH1949,CA1949,16:05:00,19:30:00,2021-02-01 14:18:55,1.4,320,33
3169,ZH1949,CA1949,16:05:00,19:30:00,2021-02-04 14:01:39,1.4,320,30
3250,ZH1949,CA1949,16:05:00,19:30:00,2021-02-05 14:29:19,1.4,320,29
3277,ZH1949,CA1949,16:05:00,19:30:00,2021-02-06 14:23:14,1.4,320,28
3317,ZH1949,CA1949,16:05:00,19:30:00,2021-02-07 14:27:03,1.4,320,27
3414,ZH1949,CA1949,16:05:00,19:30:00,2021-02-08 14:18:29,1.4,320,26
3483,ZH1949,CA1949,16:05:00,19:30:00,2021-02-10 14:40:26,1.4,320,24
3549,ZH1949,CA1949,16:05:00,19:30:00,2021-02-11 14:30:40,1.4,320,23
3618,ZH1949,CA1949,16:05:00,19:30:00,2021-02-12 13:50:00,1.4,320,22
3747,ZH1949,CA1949,16:05:00,19:30:00,2021-02-13 13:52:16,1.4,320,21
3792,ZH1949,CA1949,16:05:00,19:30:00,2021-02-14 14:18:16,1.4,320,20
3879,ZH1949,CA1949,16:05:00,19:30:00,2021-02-16 14:28:24,1.4,320,18
3966,ZH1949,CA1949,16:05:00,19:30:00,2021-02-17 14:26:03,1.4,320,17
4041,ZH1949,CA1949,16:05:00,19:30:00,2021-02-18 13:48:15,1.4,320,16
4126,ZH1949,CA1949,16:05:00,19:30:00,2021-02-19 10:41:07,1.4,320,15
4153,ZH1949,CA1949,16:05:00,19:30:00,2021-02-22 17:59:42,1.4,320,12
4285,ZH1949,CA1949,16:05:00,19:30:00,2021-02-24 14:20:57,1.4,320,10
4361,ZH1949,CA1949,16:05:00,19:30:00,2021-03-01 18:09:27,2.3,530,5
4379,ZH1949,CA1949,16:05:00,19:30:00,2021-03-02 13:55:01,2.3,530,4
4441,ZH1949,CA1949,16:05:00,19:30:00,2021-03-03 13:57:25,2.3,530,3
4546,ZH1949,CA1949,16:05:00,19:30:00,2021-03-04 14:11:26,3.0,690,2
2521,ZH4294,CA4294,17:40:00,21:30:00,2021-01-22 14:03:49,3.6,850,43
2605,ZH4294,CA4294,17:40:00,21:30:00,2021-01-23 14:32:32,3.6,850,42
2695,ZH4294,CA4294,17:40:00,21:30:00,2021-01-26 14:49:19,3.6,850,39
2804,ZH4294,CA4294,17:40:00,21:30:00,2021-01-27 14:47:19,1.4,320,38
2850,ZH4294,CA4294,17:40:00,21:30:00,2021-01-28 14:32:28,1.4,320,37
2920,ZH4294,CA4294,17:40:00,21:30:00,2021-01-29 14:20:12,1.4,320,36
3017,ZH4294,CA4294,17:40:00,21:30:00,2021-01-31 14:27:09,1.4,320,34
3083,ZH4294,CA4294,17:40:00,21:30:00,2021-02-01 14:18:55,1.4,320,33
3198,ZH4294,CA4294,17:40:00,21:30:00,2021-02-04 14:01:39,1.4,320,30
3221,ZH4294,CA4294,17:40:00,21:30:00,2021-02-05 14:29:19,1.4,320,29
3285,ZH4294,CA4294,17:40:00,21:30:00,2021-02-06 14:23:14,1.4,320,28
3360,ZH4294,CA4294,17:40:00,21:30:00,2021-02-07 14:27:03,1.4,320,27
3390,ZH4294,CA4294,17:40:00,21:30:00,2021-02-08 14:18:29,1.4,320,26
3526,ZH4294,CA4294,17:40:00,21:30:00,2021-02-10 14:40:26,1.4,320,24
3592,ZH4294,CA4294,17:40:00,21:30:00,2021-02-11 14:30:40,1.4,320,23
3661,ZH4294,CA4294,17:40:00,21:30:00,2021-02-12 13:50:00,1.4,320,22
3704,ZH4294,CA4294,17:40:00,21:30:00,2021-02-13 13:52:16,1.4,320,21
3815,ZH4294,CA4294,17:40:00,21:30:00,2021-02-14 14:18:16,1.4,320,20
3905,ZH4294,CA4294,17:40:00,21:30:00,2021-02-16 14:28:24,1.4,320,18
3991,ZH4294,CA4294,17:40:00,21:30:00,2021-02-17 14:26:03,1.4,320,17
4016,ZH4294,CA4294,17:40:00,21:30:00,2021-02-18 13:48:15,1.4,320,16
4084,ZH4294,CA4294,17:40:00,21:30:00,2021-02-19 10:41:07,1.4,320,15
4176,ZH4294,CA4294,17:40:00,21:30:00,2021-02-22 17:59:42,1.4,320,12
4246,ZH4294,CA4294,17:40:00,21:30:00,2021-02-24 14:20:57,1.4,320,10
4352,ZH4294,CA4294,17:40:00,21:30:00,2021-03-01 18:09:27,2.3,530,5
4415,ZH4294,CA4294,17:40:00,21:30:00,2021-03-02 13:55:01,2.3,530,4
4477,ZH4294,CA4294,17:40:00,21:30:00,2021-03-03 13:57:25,2.3,530,3
4511,ZH4294,CA4294,17:40:00,21:30:00,2021-03-04 14:11:26,2.4,560,2
2529,ZH4480,CA4480,14:10:00,19:30:00,2021-01-22 14:03:49,4.5,1060,43
2612,ZH4480,CA4480,14:10:00,19:30:00,2021-01-23 14:32:32,4.5,1060,42
2687,ZH4480,CA4480,14:10:00,19:30:00,2021-01-26 14:49:19,4.5,1060,39
2755,ZH4480,CA4480,14:10:00,19:30:00,2021-01-27 14:47:19,2.6,600,38
2858,ZH4480,CA4480,14:10:00,19:30:00,2021-01-28 14:32:28,2.6,600,37
2928,ZH4480,CA4480,14:10:00,19:30:00,2021-01-29 14:20:12,2.6,600,36
3026,ZH4480,CA4480,14:10:00,19:30:00,2021-01-31 14:27:09,2.6,600,34
3091,ZH4480,CA4480,14:10:00,19:30:00,2021-02-01 14:18:55,2.6,600,33
3138,ZH4480,CA4480,14:10:00,19:30:00,2021-02-04 14:01:39,2.6,600,30
3213,ZH4480,CA4480,14:10:00,19:30:00,2021-02-05 14:29:19,2.6,600,29
3297,ZH4480,CA4480,14:10:00,19:30:00,2021-02-06 14:23:14,2.6,600,28
3368,ZH4480,CA4480,14:10:00,19:30:00,2021-02-07 14:27:03,2.6,600,27
3398,ZH4480,CA4480,14:10:00,19:30:00,2021-02-08 14:18:29,2.6,600,26
3534,ZH4480,CA4480,14:10:00,19:30:00,2021-02-10 14:40:26,2.6,600,24
3600,ZH4480,CA4480,14:10:00,19:30:00,2021-02-11 14:30:40,2.6,600,23
3669,ZH4480,CA4480,14:10:00,19:30:00,2021-02-12 13:50:00,2.6,600,22
3696,ZH4480,CA4480,14:10:00,19:30:00,2021-02-13 13:52:16,2.6,600,21
3807,ZH4480,CA4480,14:10:00,19:30:00,2021-02-14 14:18:16,2.6,600,20
3919,ZH4480,CA4480,14:10:00,19:30:00,2021-02-16 14:28:24,2.6,600,18
3983,ZH4480,CA4480,14:10:00,19:30:00,2021-02-17 14:26:03,2.6,600,17
4024,ZH4480,CA4480,14:10:00,19:30:00,2021-02-18 13:48:15,2.6,600,16
4076,ZH4480,CA4480,14:10:00,19:30:00,2021-02-19 10:41:07,2.6,600,15
4184,ZH4480,CA4480,14:10:00,19:30:00,2021-02-22 17:59:42,1.6,380,12
4238,ZH4480,CA4480,14:10:00,19:30:00,2021-02-24 14:20:57,2.6,600,10
4338,ZH4480,CA4480,14:10:00,19:30:00,2021-03-01 18:09:27,3.0,710,5
4425,ZH4480,CA4480,14:10:00,19:30:00,2021-03-02 13:55:01,3.0,710,4
4486,ZH4480,CA4480,14:10:00,19:30:00,2021-03-03 13:57:25,3.0,690,3
4502,ZH4480,CA4480,14:10:00,19:30:00,2021-03-04 14:11:26,3.0,690,2
2522,ZH4514,CA4514,22:00:00,01:35:00,2021-01-22 14:03:49,3.6,850,43
2559,ZH4514,CA4514,22:00:00,01:35:00,2021-01-23 14:32:32,3.6,850,42
2694,ZH4514,CA4514,22:00:00,01:35:00,2021-01-26 14:49:19,3.6,850,39
2805,ZH4514,CA4514,22:00:00,01:35:00,2021-01-27 14:47:19,1.4,320,38
2851,ZH4514,CA4514,22:00:00,01:35:00,2021-01-28 14:32:28,1.4,320,37
2921,ZH4514,CA4514,22:00:00,01:35:00,2021-01-29 14:20:12,1.4,320,36
3018,ZH4514,CA4514,22:00:00,01:35:00,2021-01-31 14:27:09,1.4,320,34
3084,ZH4514,CA4514,22:00:00,01:35:00,2021-02-01 14:18:55,1.4,320,33
3131,ZH4514,CA4514,22:00:00,01:35:00,2021-02-04 14:01:39,1.4,320,30
3220,ZH4514,CA4514,22:00:00,01:35:00,2021-02-05 14:29:19,1.4,320,29
3288,ZH4514,CA4514,22:00:00,01:35:00,2021-02-06 14:23:14,1.4,320,28
3361,ZH4514,CA4514,22:00:00,01:35:00,2021-02-07 14:27:03,1.4,320,27
3391,ZH4514,CA4514,22:00:00,01:35:00,2021-02-08 14:18:29,1.4,320,26
3527,ZH4514,CA4514,22:00:00,01:35:00,2021-02-10 14:40:26,1.4,320,24
3593,ZH4514,CA4514,22:00:00,01:35:00,2021-02-11 14:30:40,1.4,320,23
3662,ZH4514,CA4514,22:00:00,01:35:00,2021-02-12 13:50:00,1.4,320,22
3703,ZH4514,CA4514,22:00:00,01:35:00,2021-02-13 13:52:16,1.4,320,21
3814,ZH4514,CA4514,22:00:00,01:35:00,2021-02-14 14:18:16,1.4,320,20
3902,ZH4514,CA4514,22:00:00,01:35:00,2021-02-16 14:28:24,1.4,320,18
3990,ZH4514,CA4514,22:00:00,01:35:00,2021-02-17 14:26:03,1.4,320,17
4017,ZH4514,CA4514,22:00:00,01:35:00,2021-02-18 13:48:15,1.4,320,16
4083,ZH4514,CA4514,22:00:00,01:35:00,2021-02-19 10:41:07,1.4,320,15
4177,ZH4514,CA4514,22:00:00,01:35:00,2021-02-22 17:59:42,1.4,320,12
4245,ZH4514,CA4514,22:00:00,01:35:00,2021-02-24 14:20:57,1.4,320,10
4331,ZH4514,CA4514,22:00:00,01:35:00,2021-03-01 18:09:27,1.9,450,5
4417,ZH4514,CA4514,22:00:00,01:35:00,2021-03-02 13:55:01,1.9,450,4
4479,ZH4514,CA4514,22:00:00,01:35:00,2021-03-03 13:57:25,1.9,450,3
4509,ZH4514,CA4514,22:00:00,01:35:00,2021-03-04 14:11:26,2.1,480,2
2526,ZH4536,CA4536,21:30:00,01:15:00,2021-01-22 14:03:49,3.6,850,43
2609,ZH4536,CA4536,21:30:00,01:15:00,2021-01-23 14:32:32,3.6,850,42
2690,ZH4536,CA4536,21:30:00,01:15:00,2021-01-26 14:49:19,3.6,850,39
2758,ZH4536,CA4536,21:30:00,01:15:00,2021-01-27 14:47:19,1.4,320,38
2855,ZH4536,CA4536,21:30:00,01:15:00,2021-01-28 14:32:28,1.4,320,37
2925,ZH4536,CA4536,21:30:00,00:55:00,2021-01-29 14:20:12,1.4,320,36
3022,ZH4536,CA4536,21:30:00,00:55:00,2021-01-31 14:27:09,1.4,320,34
3088,ZH4536,CA4536,21:30:00,00:55:00,2021-02-01 14:18:55,1.4,320,33
3135,ZH4536,CA4536,21:30:00,00:55:00,2021-02-04 14:01:39,1.4,320,30
3216,ZH4536,CA4536,21:30:00,00:55:00,2021-02-05 14:29:19,1.4,320,29
3291,ZH4536,CA4536,21:30:00,00:55:00,2021-02-06 14:23:14,1.4,320,28
3365,ZH4536,CA4536,21:30:00,00:55:00,2021-02-07 14:27:03,1.4,320,27
3395,ZH4536,CA4536,21:30:00,00:55:00,2021-02-08 14:18:29,1.4,320,26
3531,ZH4536,CA4536,21:30:00,00:55:00,2021-02-10 14:40:26,1.4,320,24
3597,ZH4536,CA4536,21:30:00,00:55:00,2021-02-11 14:30:40,1.4,320,23
3666,ZH4536,CA4536,21:30:00,00:55:00,2021-02-12 13:50:00,1.4,320,22
3699,ZH4536,CA4536,21:30:00,00:55:00,2021-02-13 13:52:16,1.4,320,21
3810,ZH4536,CA4536,21:30:00,00:55:00,2021-02-14 14:18:16,1.4,320,20
3922,ZH4536,CA4536,21:30:00,00:55:00,2021-02-16 14:28:24,1.4,320,18
3986,ZH4536,CA4536,21:30:00,00:55:00,2021-02-17 14:26:03,1.4,320,17
4021,ZH4536,CA4536,21:30:00,00:55:00,2021-02-18 13:48:15,1.4,320,16
4079,ZH4536,CA4536,21:30:00,00:55:00,2021-02-19 10:41:07,1.4,320,15
4181,ZH4536,CA4536,21:30:00,00:55:00,2021-02-22 17:59:42,1.4,320,12
4241,ZH4536,CA4536,21:30:00,00:55:00,2021-02-24 14:20:57,1.4,320,10
4335,ZH4536,CA4536,21:30:00,00:55:00,2021-03-01 18:09:27,1.9,450,5
4422,ZH4536,CA4536,21:30:00,00:55:00,2021-03-02 13:55:01,1.9,450,4
4483,ZH4536,CA4536,21:30:00,00:55:00,2021-03-03 13:57:25,1.9,450,3
4505,ZH4536,CA4536,21:30:00,00:55:00,2021-03-04 14:11:26,2.1,480,2
2504,ZH4592,CA4592,09:20:00,12:45:00,2021-01-22 14:03:49,3.6,850,43
2588,ZH4592,CA4592,09:20:00,12:45:00,2021-01-23 14:32:32,3.6,850,42
2712,ZH4592,CA4592,09:20:00,12:45:00,2021-01-26 14:49:19,3.6,850,39
2787,ZH4592,CA4592,09:20:00,12:45:00,2021-01-27 14:47:19,2.6,600,38
2833,ZH4592,CA4592,09:20:00,12:45:00,2021-01-28 14:32:28,2.6,600,37
2903,ZH4592,CA4592,09:20:00,12:45:00,2021-01-29 14:20:12,2.6,600,36
2999,ZH4592,CA4592,09:20:00,12:45:00,2021-01-31 14:27:09,2.6,600,34
3067,ZH4592,CA4592,09:20:00,12:45:00,2021-02-01 14:18:55,2.6,600,33
3176,ZH4592,CA4592,09:20:00,12:45:00,2021-02-04 14:01:39,2.6,600,30
3238,ZH4592,CA4592,09:20:00,12:45:00,2021-02-05 14:29:19,2.6,600,29
3268,ZH4592,CA4592,09:20:00,12:45:00,2021-02-06 14:23:14,2.1,500,28
3343,ZH4592,CA4592,09:20:00,12:45:00,2021-02-07 14:27:03,2.1,500,27
3440,ZH4592,CA4592,09:20:00,12:45:00,2021-02-08 14:18:29,2.1,500,26
3509,ZH4592,CA4592,09:20:00,12:45:00,2021-02-10 14:40:26,2.1,500,24
3575,ZH4592,CA4592,09:20:00,12:45:00,2021-02-11 14:30:40,2.1,500,23
3644,ZH4592,CA4592,09:20:00,12:45:00,2021-02-12 13:50:00,2.1,500,22
3721,ZH4592,CA4592,09:20:00,12:45:00,2021-02-13 13:52:16,2.1,500,21
3775,ZH4592,CA4592,09:20:00,12:45:00,2021-02-14 14:18:16,2.1,500,20
3896,ZH4592,CA4592,09:20:00,12:45:00,2021-02-16 14:28:24,2.1,500,18
3940,ZH4592,CA4592,09:20:00,12:45:00,2021-02-17 14:26:03,2.1,500,17
3999,ZH4592,CA4592,09:20:00,12:45:00,2021-02-18 13:48:15,2.1,500,16
4101,ZH4592,CA4592,09:20:00,12:45:00,2021-02-19 10:41:07,1.4,320,15
4132,ZH4592,CA4592,09:20:00,12:45:00,2021-02-22 17:59:42,1.4,320,12
4224,ZH4592,CA4592,09:20:00,12:45:00,2021-02-24 14:20:57,1.4,320,10
4332,ZH4592,CA4592,09:20:00,12:45:00,2021-03-01 18:09:27,2.3,530,5
4400,ZH4592,CA4592,09:20:00,12:45:00,2021-03-02 13:55:01,2.3,530,4
4462,ZH4592,CA4592,09:20:00,12:45:00,2021-03-03 13:57:25,2.3,530,3
4526,ZH4592,CA4592,09:20:00,12:45:00,2021-03-04 14:11:26,2.4,560,2
2461,ZH5005,HO1013,06:20:00,09:45:00,2021-01-21 14:53:15,3.1,660,44
2503,ZH5005,HO1013,06:20:00,09:45:00,2021-01-22 14:03:49,1.3,280,43
2587,ZH5005,HO1013,06:20:00,09:45:00,2021-01-23 14:32:32,1.3,280,42
2713,ZH5005,HO1013,06:20:00,09:45:00,2021-01-26 14:49:19,1.3,280,39
2786,ZH5005,HO1013,06:20:00,09:45:00,2021-01-27 14:47:19,1.3,280,38
2832,ZH5005,HO1013,06:20:00,09:45:00,2021-01-28 14:32:28,1.3,280,37
2902,ZH5005,HO1013,06:20:00,09:45:00,2021-01-29 14:20:12,1.3,280,36
2998,ZH5005,HO1013,06:20:00,09:45:00,2021-01-31 14:27:09,1.3,280,34
3066,ZH5005,HO1013,06:20:00,09:45:00,2021-02-01 14:18:55,1.3,280,33
3177,ZH5005,HO1013,06:20:00,09:45:00,2021-02-04 14:01:39,1.3,280,30
3239,ZH5005,HO1013,06:20:00,09:45:00,2021-02-05 14:29:19,1.3,280,29
3313,ZH5005,HO1013,06:20:00,09:45:00,2021-02-06 14:23:14,1.3,280,28
3342,ZH5005,HO1013,06:20:00,09:45:00,2021-02-07 14:27:03,1.3,280,27
3439,ZH5005,HO1013,06:20:00,09:45:00,2021-02-08 14:18:29,1.3,280,26
3508,ZH5005,HO1013,06:20:00,09:45:00,2021-02-10 14:40:26,1.3,280,24
3574,ZH5005,HO1013,06:20:00,09:45:00,2021-02-11 14:30:40,1.3,280,23
3643,ZH5005,HO1013,06:20:00,09:45:00,2021-02-12 13:50:00,1.3,280,22
3722,ZH5005,HO1013,06:20:00,09:45:00,2021-02-13 13:52:16,1.3,280,21
3774,ZH5005,HO1013,06:20:00,09:45:00,2021-02-14 14:18:16,1.3,280,20
3897,ZH5005,HO1013,06:20:00,09:45:00,2021-02-16 14:28:24,1.3,280,18
3941,ZH5005,HO1013,06:20:00,09:45:00,2021-02-17 14:26:03,1.3,280,17
3998,ZH5005,HO1013,06:20:00,09:45:00,2021-02-18 13:48:15,1.3,280,16
4102,ZH5005,HO1013,06:20:00,09:45:00,2021-02-19 10:41:07,1.3,280,15
4131,ZH5005,HO1013,06:20:00,09:45:00,2021-02-22 17:59:42,0.6,130,12
4264,ZH5005,HO1013,06:20:00,09:45:00,2021-02-24 14:20:57,1.3,280,10
4325,ZH5005,HO1013,06:20:00,09:45:00,2021-03-01 18:09:27,4.1,870,5
4399,ZH5005,HO1013,06:20:00,09:45:00,2021-03-02 13:55:01,4.1,870,4
4461,ZH5005,HO1013,06:20:00,09:45:00,2021-03-03 13:57:25,4.1,870,3
4527,ZH5005,HO1013,06:20:00,09:45:00,2021-03-04 14:11:26,4.6,980,2
2457,ZH5011,HO1059,15:25:00,18:55:00,2021-01-21 14:53:15,3.1,660,44
2497,ZH5011,HO1059,15:25:00,18:55:00,2021-01-22 14:03:49,1.3,280,43
2581,ZH5011,HO1059,15:25:00,18:55:00,2021-01-23 14:32:32,1.3,280,42
2719,ZH5011,HO1059,15:25:00,18:55:00,2021-01-26 14:49:19,1.3,280,39
2780,ZH5011,HO1059,15:25:00,18:55:00,2021-01-27 14:47:19,1.3,280,38
2826,ZH5011,HO1059,15:25:00,18:55:00,2021-01-28 14:32:28,1.3,280,37
2896,ZH5011,HO1059,15:25:00,18:55:00,2021-01-29 14:20:12,1.3,280,36
2992,ZH5011,HO1059,15:25:00,18:55:00,2021-01-31 14:27:09,1.3,280,34
3060,ZH5011,HO1059,15:25:00,18:55:00,2021-02-01 14:18:55,1.3,280,33
3183,ZH5011,HO1059,15:25:00,18:55:00,2021-02-04 14:01:39,1.3,280,30
3245,ZH5011,HO1059,15:25:00,18:55:00,2021-02-05 14:29:19,1.3,280,29
3301,ZH5011,HO1059,15:25:00,18:55:00,2021-02-06 14:23:14,1.3,280,28
3336,ZH5011,HO1059,15:25:00,18:55:00,2021-02-07 14:27:03,1.3,280,27
3433,ZH5011,HO1059,15:25:00,18:55:00,2021-02-08 14:18:29,1.3,280,26
3502,ZH5011,HO1059,15:25:00,18:55:00,2021-02-10 14:40:26,1.3,280,24
3568,ZH5011,HO1059,15:25:00,18:55:00,2021-02-11 14:30:40,1.3,280,23
3637,ZH5011,HO1059,15:25:00,18:55:00,2021-02-12 13:50:00,1.3,280,22
3728,ZH5011,HO1059,15:25:00,18:55:00,2021-02-13 13:52:16,1.3,280,21
3768,ZH5011,HO1059,15:25:00,18:55:00,2021-02-14 14:18:16,1.3,280,20
3860,ZH5011,HO1059,15:25:00,18:55:00,2021-02-16 14:28:24,1.3,280,18
3947,ZH5011,HO1059,15:25:00,18:55:00,2021-02-17 14:26:03,1.3,280,17
4060,ZH5011,HO1059,15:25:00,18:55:00,2021-02-18 13:48:15,1.3,280,16
4108,ZH5011,HO1059,15:25:00,18:55:00,2021-02-19 10:41:07,1.3,280,15
4170,ZH5011,HO1059,15:25:00,18:55:00,2021-02-22 17:59:42,1.3,280,12
4270,ZH5011,HO1059,15:25:00,18:55:00,2021-02-24 14:20:57,1.3,280,10
4375,ZH5011,HO1059,15:25:00,18:55:00,2021-03-01 18:09:27,4.1,870,5
4393,ZH5011,HO1059,15:25:00,18:55:00,2021-03-02 13:55:01,4.1,870,4
4455,ZH5011,HO1059,15:25:00,18:55:00,2021-03-03 13:57:25,4.1,870,3
4532,ZH5011,HO1059,15:25:00,18:50:00,2021-03-04 14:11:26,5.1,1080,2
