,flightno,actualflight,departtime,arrivetime,crawltime,discount,lowest_price,days_to_departure
2349,3U1029,CZ3152,13:00:00,16:25:00,2020-07-14 15:56:48,4.9,1350,45
2410,3U1029,CZ3152,13:00:00,16:25:00,2020-07-15 15:28:22,4.9,1350,44
2470,3U1029,CZ3152,13:00:00,16:25:00,2020-07-16 15:24:07,4.9,1350,43
2568,3U1029,CZ3152,13:00:00,16:25:00,2020-07-17 16:37:59,4.9,1350,42
2580,3U1029,CZ3152,13:00:00,16:25:00,2020-07-18 17:29:09,4.9,1350,41
2651,3U1029,CZ3152,13:00:00,16:25:00,2020-07-19 14:11:51,4.9,1350,40
2711,3U1029,CZ3152,13:00:00,16:25:00,2020-07-20 15:22:55,4.9,1350,39
2783,3U1029,CZ3152,13:00:00,16:25:00,2020-07-21 14:58:28,4.9,1350,38
2831,3U1029,CZ3152,13:00:00,16:25:00,2020-07-22 15:03:32,4.9,1350,37
2938,3U1029,CZ3152,13:00:00,16:25:00,2020-07-23 14:09:09,4.9,1350,36
2949,3U1029,CZ3152,13:00:00,16:25:00,2020-07-24 14:09:38,4.9,1350,35
3000,3U1029,CZ3152,13:00:00,16:25:00,2020-07-26 14:09:26,4.9,1350,33
3061,3U1029,CZ3152,13:00:00,16:25:00,2020-07-27 15:41:35,4.9,1350,32
3116,3U1029,CZ3152,13:00:00,16:25:00,2020-07-28 16:49:36,4.9,1350,31
3176,3U1029,CZ3152,13:00:00,16:25:00,2020-07-29 15:30:37,4.9,1350,30
3236,3U1029,CZ3152,13:00:00,16:25:00,2020-07-30 14:07:52,2.0,550,29
3296,3U1029,CZ3152,13:00:00,16:25:00,2020-07-31 14:12:29,2.0,550,28
3356,3U1029,CZ3152,13:00:00,16:25:00,2020-08-01 15:27:07,2.0,550,27
3416,3U1029,CZ3152,13:00:00,16:25:00,2020-08-02 16:54:02,2.0,550,26
3476,3U1029,CZ3152,13:00:00,16:25:00,2020-08-03 13:08:47,2.0,550,25
3536,3U1029,CZ3152,13:00:00,16:25:00,2020-08-04 14:16:08,2.0,550,24
3596,3U1029,CZ3152,13:00:00,16:25:00,2020-08-05 15:47:43,2.0,550,23
3656,3U1029,CZ3152,13:00:00,16:25:00,2020-08-06 14:23:57,2.0,550,22
3716,3U1029,CZ3152,13:00:00,16:25:00,2020-08-07 14:13:11,2.0,550,21
3812,3U1029,CZ3152,13:00:00,16:25:00,2020-08-08 15:44:50,2.0,550,20
3836,3U1029,CZ3152,13:00:00,16:25:00,2020-08-09 15:20:46,2.0,550,19
3896,3U1029,CZ3152,13:00:00,16:25:00,2020-08-10 16:35:27,2.0,550,18
3956,3U1029,CZ3152,13:00:00,16:25:00,2020-08-11 15:06:30,2.0,550,17
4016,3U1029,CZ3152,13:00:00,16:25:00,2020-08-12 14:13:29,2.0,550,16
4076,3U1029,CZ3152,13:00:00,16:25:00,2020-08-13 15:03:09,2.0,550,15
4136,3U1029,CZ3152,13:00:00,16:25:00,2020-08-14 15:33:01,1.9,520,14
4196,3U1029,CZ3152,13:00:00,16:25:00,2020-08-15 15:02:10,1.9,520,13
4256,3U1029,CZ3152,13:00:00,16:25:00,2020-08-16 15:03:44,1.9,520,12
4316,3U1029,CZ3152,13:00:00,16:25:00,2020-08-17 15:16:17,1.9,520,11
4376,3U1029,CZ3152,13:00:00,16:25:00,2020-08-18 14:08:13,1.9,520,10
4473,3U1029,CZ3152,13:00:00,16:25:00,2020-08-19 14:10:15,1.9,520,9
4497,3U1029,CZ3152,13:00:00,16:25:00,2020-08-20 15:16:05,1.9,520,8
4557,3U1029,CZ3152,13:00:00,16:25:00,2020-08-21 16:48:23,1.9,520,7
4616,3U1029,CZ3152,13:00:00,16:25:00,2020-08-22 14:59:27,1.9,520,6
4676,3U1029,CZ3152,13:00:00,16:25:00,2020-08-23 14:35:16,1.9,520,5
4771,3U1029,CZ3152,13:00:00,16:25:00,2020-08-24 17:52:36,1.9,520,4
4796,3U1029,CZ3152,13:00:00,16:25:00,2020-08-25 15:25:30,1.9,520,3
4856,3U1029,CZ3152,13:00:00,16:25:00,2020-08-26 16:30:17,5.9,1630,2
4916,3U1029,CZ3152,13:00:00,16:25:00,2020-08-27 14:29:32,5.9,1630,1
4976,3U1029,CZ3152,13:00:00,16:25:00,2020-08-28 14:20:23,6.9,1910,0
3147,3U1033,CZ3156,09:00:00,12:25:00,2020-07-28 16:49:36,3.0,830,31
3208,3U1033,CZ3156,09:00:00,12:25:00,2020-07-29 15:30:37,3.0,830,30
3267,3U1033,CZ3156,09:00:00,12:25:00,2020-07-30 14:07:52,3.0,830,29
3327,3U1033,CZ3156,09:00:00,12:25:00,2020-07-31 14:12:29,3.0,830,28
3390,3U1033,CZ3156,09:00:00,12:30:00,2020-08-01 15:27:07,3.0,830,27
3447,3U1033,CZ3156,09:00:00,12:30:00,2020-08-02 16:54:02,3.0,830,26
3508,3U1033,CZ3156,09:00:00,12:30:00,2020-08-03 13:08:47,2.0,550,25
3567,3U1033,CZ3156,09:00:00,12:30:00,2020-08-04 14:16:08,2.0,550,24
3627,3U1033,CZ3156,09:00:00,12:30:00,2020-08-05 15:47:43,2.0,550,23
3692,3U1033,CZ3156,09:00:00,12:30:00,2020-08-06 14:23:57,2.0,550,22
3748,3U1033,CZ3156,09:00:00,12:30:00,2020-08-07 14:13:11,2.0,550,21
3780,3U1033,CZ3156,09:00:00,12:30:00,2020-08-08 15:44:50,2.0,550,20
3867,3U1033,CZ3156,09:00:00,12:30:00,2020-08-09 15:20:46,2.0,550,19
3927,3U1033,CZ3156,09:00:00,12:30:00,2020-08-10 16:35:27,2.0,550,18
3990,3U1033,CZ3156,09:00:00,12:30:00,2020-08-11 15:06:30,2.0,550,17
4048,3U1033,CZ3156,09:00:00,12:30:00,2020-08-12 14:13:29,2.0,550,16
4107,3U1033,CZ3156,09:00:00,12:30:00,2020-08-13 15:03:09,2.0,550,15
4169,3U1033,CZ3156,09:00:00,12:30:00,2020-08-14 15:33:01,1.9,520,14
4227,3U1033,CZ3156,09:00:00,12:30:00,2020-08-15 15:02:10,1.9,520,13
4287,3U1033,CZ3156,09:00:00,12:30:00,2020-08-16 15:03:44,1.9,520,12
4350,3U1033,CZ3156,09:00:00,12:30:00,2020-08-17 15:16:17,1.9,520,11
4407,3U1033,CZ3156,09:00:00,12:30:00,2020-08-18 14:08:13,1.9,520,10
4441,3U1033,CZ3156,09:00:00,12:30:00,2020-08-19 14:10:15,1.9,520,9
4529,3U1033,CZ3156,09:00:00,12:30:00,2020-08-20 15:16:05,1.9,520,8
4589,3U1033,CZ3156,09:00:00,12:30:00,2020-08-21 16:48:23,1.9,520,7
4648,3U1033,CZ3156,09:00:00,12:30:00,2020-08-22 14:59:27,1.9,520,6
4708,3U1033,CZ3156,09:00:00,12:30:00,2020-08-23 14:35:16,1.9,520,5
4740,3U1033,CZ3156,09:00:00,12:30:00,2020-08-24 17:52:36,1.9,520,4
4829,3U1033,CZ3156,09:00:00,12:30:00,2020-08-25 15:25:30,1.9,520,3
4887,3U1033,CZ3156,09:00:00,12:30:00,2020-08-26 16:30:17,5.9,1630,2
4948,3U1033,CZ3156,09:00:00,12:30:00,2020-08-27 14:29:32,5.9,1630,1
5013,3U1033,CZ3156,09:00:00,12:30:00,2020-08-28 14:20:23,6.9,1910,0
2358,3U1037,CZ3160,15:15:00,18:30:00,2020-07-14 15:56:48,4.9,1350,45
2419,3U1037,CZ3160,15:15:00,18:30:00,2020-07-15 15:28:22,4.9,1350,44
2480,3U1037,CZ3160,15:15:00,18:30:00,2020-07-16 15:24:07,4.9,1350,43
2559,3U1037,CZ3160,15:15:00,18:30:00,2020-07-17 16:37:59,4.9,1350,42
2599,3U1037,CZ3160,15:15:00,18:30:00,2020-07-18 17:29:09,4.9,1350,41
2659,3U1037,CZ3160,15:15:00,18:30:00,2020-07-19 14:11:51,4.9,1350,40
2719,3U1037,CZ3160,15:15:00,18:30:00,2020-07-20 15:22:55,4.9,1350,39
2793,3U1037,CZ3160,15:15:00,18:30:00,2020-07-21 14:58:28,4.9,1350,38
2839,3U1037,CZ3160,15:15:00,18:30:00,2020-07-22 15:03:32,4.9,1350,37
2893,3U1037,CZ3160,15:15:00,18:30:00,2020-07-23 14:09:09,4.9,1350,36
2957,3U1037,CZ3160,15:15:00,18:30:00,2020-07-24 14:09:38,4.9,1350,35
3008,3U1037,CZ3160,15:15:00,18:30:00,2020-07-26 14:09:26,4.9,1350,33
3070,3U1037,CZ3160,15:15:00,18:30:00,2020-07-27 15:41:35,4.9,1350,32
3125,3U1037,CZ3160,15:15:00,18:30:00,2020-07-28 16:49:36,4.9,1350,31
3185,3U1037,CZ3160,15:15:00,18:30:00,2020-07-29 15:30:37,4.9,1350,30
3245,3U1037,CZ3160,15:15:00,18:30:00,2020-07-30 14:07:52,2.0,550,29
3306,3U1037,CZ3160,15:15:00,18:30:00,2020-07-31 14:12:29,2.0,550,28
3366,3U1037,CZ3160,15:15:00,18:30:00,2020-08-01 15:27:07,2.0,550,27
3426,3U1037,CZ3160,15:15:00,18:30:00,2020-08-02 16:54:02,2.0,550,26
3486,3U1037,CZ3160,15:15:00,18:30:00,2020-08-03 13:08:47,2.0,550,25
3546,3U1037,CZ3160,15:15:00,18:30:00,2020-08-04 14:16:08,2.0,550,24
3606,3U1037,CZ3160,15:15:00,18:30:00,2020-08-05 15:47:43,2.0,550,23
3666,3U1037,CZ3160,15:15:00,18:30:00,2020-08-06 14:23:57,2.0,550,22
3726,3U1037,CZ3160,15:15:00,18:30:00,2020-08-07 14:13:11,2.0,550,21
3802,3U1037,CZ3160,15:15:00,18:30:00,2020-08-08 15:44:50,2.0,550,20
3846,3U1037,CZ3160,15:15:00,18:30:00,2020-08-09 15:20:46,2.0,550,19
3906,3U1037,CZ3160,15:15:00,18:30:00,2020-08-10 16:35:27,2.0,550,18
3966,3U1037,CZ3160,15:15:00,18:30:00,2020-08-11 15:06:30,2.0,550,17
4026,3U1037,CZ3160,15:15:00,18:30:00,2020-08-12 14:13:29,2.0,550,16
4086,3U1037,CZ3160,15:15:00,18:30:00,2020-08-13 15:03:09,2.0,550,15
4146,3U1037,CZ3160,15:15:00,18:30:00,2020-08-14 15:33:01,1.9,520,14
4206,3U1037,CZ3160,15:15:00,18:30:00,2020-08-15 15:02:10,1.9,520,13
4266,3U1037,CZ3160,15:15:00,18:30:00,2020-08-16 15:03:44,1.9,520,12
4326,3U1037,CZ3160,15:15:00,18:30:00,2020-08-17 15:16:17,1.9,520,11
4386,3U1037,CZ3160,15:15:00,18:30:00,2020-08-18 14:08:13,1.9,520,10
4463,3U1037,CZ3160,15:15:00,18:30:00,2020-08-19 14:10:15,1.9,520,9
4507,3U1037,CZ3160,15:15:00,18:30:00,2020-08-20 15:16:05,1.9,520,8
4567,3U1037,CZ3160,15:15:00,18:30:00,2020-08-21 16:48:23,1.9,520,7
4626,3U1037,CZ3160,15:15:00,18:30:00,2020-08-22 14:59:27,1.9,520,6
4686,3U1037,CZ3160,15:15:00,18:30:00,2020-08-23 14:35:16,1.9,520,5
4761,3U1037,CZ3160,15:15:00,18:30:00,2020-08-24 17:52:36,1.9,520,4
4806,3U1037,CZ3160,15:15:00,18:30:00,2020-08-25 15:25:30,1.9,520,3
4866,3U1037,CZ3160,15:15:00,18:30:00,2020-08-26 16:30:17,5.9,1630,2
4926,3U1037,CZ3160,15:15:00,18:30:00,2020-08-27 14:29:32,5.9,1630,1
4986,3U1037,CZ3160,15:15:00,18:30:00,2020-08-28 14:20:23,6.9,1910,0
2360,3U1050,CZ3190,20:00:00,23:30:00,2020-07-14 15:56:48,4.9,1350,45
2421,3U1050,CZ3190,20:00:00,23:30:00,2020-07-15 15:28:22,4.9,1350,44
2482,3U1050,CZ3190,20:00:00,23:30:00,2020-07-16 15:24:07,4.9,1350,43
2557,3U1050,CZ3190,20:00:00,23:30:00,2020-07-17 16:37:59,4.9,1350,42
2602,3U1050,CZ3190,20:00:00,23:30:00,2020-07-18 17:29:09,4.9,1350,41
2662,3U1050,CZ3190,20:00:00,23:30:00,2020-07-19 14:11:51,4.9,1350,40
2722,3U1050,CZ3190,20:00:00,23:30:00,2020-07-20 15:22:55,4.9,1350,39
2796,3U1050,CZ3190,20:00:00,23:30:00,2020-07-21 14:58:28,4.9,1350,38
2841,3U1050,CZ3190,20:00:00,23:30:00,2020-07-22 15:03:32,4.9,1350,37
2896,3U1050,CZ3190,20:00:00,23:30:00,2020-07-23 14:09:09,4.9,1350,36
2960,3U1050,CZ3190,20:00:00,23:30:00,2020-07-24 14:09:38,4.9,1350,35
3011,3U1050,CZ3190,20:00:00,23:30:00,2020-07-26 14:09:26,4.9,1350,33
3073,3U1050,CZ3190,20:00:00,23:30:00,2020-07-27 15:41:35,4.9,1350,32
3128,3U1050,CZ3190,20:00:00,23:30:00,2020-07-28 16:49:36,4.9,1350,31
3188,3U1050,CZ3190,20:00:00,23:30:00,2020-07-29 15:30:37,4.9,1350,30
3248,3U1050,CZ3190,20:00:00,23:30:00,2020-07-30 14:07:52,2.0,550,29
3308,3U1050,CZ3190,20:00:00,23:30:00,2020-07-31 14:12:29,2.0,550,28
3368,3U1050,CZ3190,20:00:00,23:30:00,2020-08-01 15:27:07,2.0,550,27
3428,3U1050,CZ3190,20:00:00,23:30:00,2020-08-02 16:54:02,2.0,550,26
3488,3U1050,CZ3190,20:00:00,23:30:00,2020-08-03 13:08:47,2.0,550,25
3548,3U1050,CZ3190,20:00:00,23:30:00,2020-08-04 14:16:08,2.0,550,24
3608,3U1050,CZ3190,20:00:00,23:30:00,2020-08-05 15:47:43,2.0,550,23
3668,3U1050,CZ3190,20:00:00,23:30:00,2020-08-06 14:23:57,1.8,500,22
3728,3U1050,CZ3190,20:00:00,23:30:00,2020-08-07 14:13:11,1.8,500,21
3800,3U1050,CZ3190,20:00:00,23:30:00,2020-08-08 15:44:50,1.8,500,20
3848,3U1050,CZ3190,20:00:00,23:30:00,2020-08-09 15:20:46,1.8,500,19
3908,3U1050,CZ3190,20:00:00,23:30:00,2020-08-10 16:35:27,1.8,500,18
3968,3U1050,CZ3190,20:00:00,23:30:00,2020-08-11 15:06:30,1.8,500,17
4028,3U1050,CZ3190,20:00:00,23:30:00,2020-08-12 14:13:29,1.8,500,16
4088,3U1050,CZ3190,20:00:00,23:30:00,2020-08-13 15:03:09,1.8,500,15
4148,3U1050,CZ3190,20:00:00,23:30:00,2020-08-14 15:33:01,1.8,500,14
4208,3U1050,CZ3190,20:00:00,23:30:00,2020-08-15 15:02:10,1.8,500,13
4268,3U1050,CZ3190,20:00:00,23:30:00,2020-08-16 15:03:44,1.8,500,12
4328,3U1050,CZ3190,20:00:00,23:30:00,2020-08-17 15:16:17,1.8,500,11
4388,3U1050,CZ3190,20:00:00,23:30:00,2020-08-18 14:08:13,1.8,500,10
4461,3U1050,CZ3190,20:00:00,23:30:00,2020-08-19 14:10:15,1.8,500,9
4509,3U1050,CZ3190,20:00:00,23:30:00,2020-08-20 15:16:05,1.8,500,8
4569,3U1050,CZ3190,20:00:00,23:30:00,2020-08-21 16:48:23,1.8,500,7
4628,3U1050,CZ3190,20:00:00,23:30:00,2020-08-22 14:59:27,1.8,500,6
4688,3U1050,CZ3190,20:00:00,23:30:00,2020-08-23 14:35:16,1.8,500,5
4759,3U1050,CZ3190,20:00:00,23:30:00,2020-08-24 17:52:36,1.8,500,4
4808,3U1050,CZ3190,20:00:00,23:30:00,2020-08-25 15:25:30,1.8,500,3
4868,3U1050,CZ3190,20:00:00,23:30:00,2020-08-26 16:30:17,5.3,1470,2
4928,3U1050,CZ3190,20:00:00,23:30:00,2020-08-27 14:29:32,5.3,1470,1
4988,3U1050,CZ3190,20:00:00,23:30:00,2020-08-28 14:20:23,5.9,1630,0
5027,3U1050,CZ3190,20:00:00,23:30:00,2020-08-29 14:31:21,5.9,1630,0
3096,3U1052,CZ3192,10:00:00,13:25:00,2020-07-27 15:41:35,3.0,830,32
3151,3U1052,CZ3192,10:00:00,13:25:00,2020-07-28 16:49:36,3.0,830,31
3212,3U1052,CZ3192,10:00:00,13:25:00,2020-07-29 15:30:37,3.0,830,30
3271,3U1052,CZ3192,10:00:00,13:25:00,2020-07-30 14:07:52,3.0,830,29
3331,3U1052,CZ3192,10:00:00,13:25:00,2020-07-31 14:12:29,3.0,830,28
3394,3U1052,CZ3192,10:00:00,13:25:00,2020-08-01 15:27:07,3.0,830,27
3451,3U1052,CZ3192,10:00:00,13:25:00,2020-08-02 16:54:02,3.0,830,26
3512,3U1052,CZ3192,10:00:00,13:25:00,2020-08-03 13:08:47,2.0,550,25
3571,3U1052,CZ3192,10:00:00,13:25:00,2020-08-04 14:16:08,2.0,550,24
3631,3U1052,CZ3192,10:00:00,13:25:00,2020-08-05 15:47:43,2.0,550,23
3696,3U1052,CZ3192,10:00:00,13:25:00,2020-08-06 14:23:57,2.0,550,22
3751,3U1052,CZ3192,10:00:00,13:25:00,2020-08-07 14:13:11,2.0,550,21
3767,3U1052,CZ3192,10:00:00,13:25:00,2020-08-08 15:44:50,2.0,550,20
3871,3U1052,CZ3192,10:00:00,13:25:00,2020-08-09 15:20:46,2.0,550,19
3931,3U1052,CZ3192,10:00:00,13:25:00,2020-08-10 16:35:27,2.0,550,18
3994,3U1052,CZ3192,10:00:00,13:25:00,2020-08-11 15:06:30,2.0,550,17
4052,3U1052,CZ3192,10:00:00,13:25:00,2020-08-12 14:13:29,2.0,550,16
4111,3U1052,CZ3192,10:00:00,13:25:00,2020-08-13 15:03:09,2.0,550,15
4173,3U1052,CZ3192,10:00:00,13:25:00,2020-08-14 15:33:01,1.9,520,14
4231,3U1052,CZ3192,10:00:00,13:25:00,2020-08-15 15:02:10,1.9,520,13
4291,3U1052,CZ3192,10:00:00,13:25:00,2020-08-16 15:03:44,1.9,520,12
4354,3U1052,CZ3192,10:00:00,13:25:00,2020-08-17 15:16:17,1.9,520,11
4411,3U1052,CZ3192,10:00:00,13:25:00,2020-08-18 14:08:13,1.9,520,10
4437,3U1052,CZ3192,10:00:00,13:25:00,2020-08-19 14:10:15,1.9,520,9
4533,3U1052,CZ3192,10:00:00,13:25:00,2020-08-20 15:16:05,1.9,520,8
4593,3U1052,CZ3192,10:00:00,13:25:00,2020-08-21 16:48:23,1.9,520,7
4652,3U1052,CZ3192,10:00:00,13:25:00,2020-08-22 14:59:27,1.9,520,6
4712,3U1052,CZ3192,10:00:00,13:25:00,2020-08-23 14:35:16,1.9,520,5
4736,3U1052,CZ3192,10:00:00,13:25:00,2020-08-24 17:52:36,1.9,520,4
4833,3U1052,CZ3192,10:00:00,13:25:00,2020-08-25 15:25:30,1.9,520,3
4891,3U1052,CZ3192,10:00:00,13:25:00,2020-08-26 16:30:17,5.9,1630,2
4952,3U1052,CZ3192,10:00:00,13:25:00,2020-08-27 14:29:32,5.9,1630,1
5009,3U1052,CZ3192,10:00:00,13:25:00,2020-08-28 14:20:23,6.9,1910,0
2374,3U1240,CZ3961,17:00:00,20:35:00,2020-07-14 15:56:48,4.9,1350,45
2435,3U1240,CZ3961,17:00:00,20:35:00,2020-07-15 15:28:22,4.9,1350,44
2499,3U1240,CZ3961,17:00:00,20:35:00,2020-07-16 15:24:07,4.9,1350,43
2542,3U1240,CZ3961,17:00:00,20:35:00,2020-07-17 16:37:59,4.9,1350,42
2617,3U1240,CZ3961,17:00:00,20:35:00,2020-07-18 17:29:09,4.9,1350,41
2676,3U1240,CZ3961,17:00:00,20:35:00,2020-07-19 14:11:51,4.9,1350,40
2736,3U1240,CZ3961,17:00:00,20:35:00,2020-07-20 15:22:55,4.9,1350,39
2811,3U1240,CZ3961,17:00:00,20:35:00,2020-07-21 14:58:28,4.9,1350,38
2856,3U1240,CZ3961,17:00:00,20:35:00,2020-07-22 15:03:32,4.9,1350,37
2911,3U1240,CZ3961,17:00:00,20:35:00,2020-07-23 14:09:09,4.9,1350,36
2974,3U1240,CZ3961,17:00:00,20:35:00,2020-07-24 14:09:38,4.9,1350,35
3025,3U1240,CZ3961,17:00:00,20:35:00,2020-07-26 14:09:26,4.9,1350,33
3088,3U1240,CZ3961,17:00:00,20:35:00,2020-07-27 15:41:35,4.9,1350,32
3142,3U1240,CZ3961,17:00:00,20:35:00,2020-07-28 16:49:36,4.9,1350,31
3203,3U1240,CZ3961,17:00:00,20:35:00,2020-07-29 15:30:37,4.9,1350,30
3262,3U1240,CZ3961,17:00:00,20:35:00,2020-07-30 14:07:52,2.0,550,29
3322,3U1240,CZ3961,17:00:00,20:35:00,2020-07-31 14:12:29,2.0,550,28
3385,3U1240,CZ3961,17:00:00,20:35:00,2020-08-01 15:27:07,2.0,550,27
3442,3U1240,CZ3961,17:00:00,20:35:00,2020-08-02 16:54:02,2.0,550,26
3503,3U1240,CZ3961,17:00:00,20:35:00,2020-08-03 13:08:47,2.0,550,25
3562,3U1240,CZ3961,17:00:00,20:35:00,2020-08-04 14:16:08,2.0,550,24
3622,3U1240,CZ3961,17:00:00,20:35:00,2020-08-05 15:47:43,2.0,550,23
3687,3U1240,CZ3961,17:00:00,20:35:00,2020-08-06 14:23:57,2.0,550,22
3743,3U1240,CZ3961,17:00:00,20:35:00,2020-08-07 14:13:11,2.0,550,21
3785,3U1240,CZ3961,17:00:00,20:35:00,2020-08-08 15:44:50,2.0,550,20
3862,3U1240,CZ3961,17:00:00,20:35:00,2020-08-09 15:20:46,2.0,550,19
3922,3U1240,CZ3961,17:00:00,20:35:00,2020-08-10 16:35:27,2.0,550,18
3985,3U1240,CZ3961,17:00:00,20:35:00,2020-08-11 15:06:30,2.0,550,17
4043,3U1240,CZ3961,17:00:00,20:35:00,2020-08-12 14:13:29,2.0,550,16
4102,3U1240,CZ3961,17:00:00,20:35:00,2020-08-13 15:03:09,2.0,550,15
4164,3U1240,CZ3961,17:00:00,20:35:00,2020-08-14 15:33:01,1.9,520,14
4222,3U1240,CZ3961,17:00:00,20:35:00,2020-08-15 15:02:10,1.9,520,13
4282,3U1240,CZ3961,17:00:00,20:35:00,2020-08-16 15:03:44,1.9,520,12
4345,3U1240,CZ3961,17:00:00,20:35:00,2020-08-17 15:16:17,1.9,520,11
4403,3U1240,CZ3961,17:00:00,20:35:00,2020-08-18 14:08:13,1.9,520,10
4446,3U1240,CZ3961,17:00:00,20:35:00,2020-08-19 14:10:15,1.9,520,9
4524,3U1240,CZ3961,17:00:00,20:35:00,2020-08-20 15:16:05,1.9,520,8
4584,3U1240,CZ3961,17:00:00,20:35:00,2020-08-21 16:48:23,1.9,520,7
4643,3U1240,CZ3961,17:00:00,20:35:00,2020-08-22 14:59:27,1.9,520,6
4703,3U1240,CZ3961,17:00:00,20:35:00,2020-08-23 14:35:16,1.9,520,5
4745,3U1240,CZ3961,17:00:00,20:35:00,2020-08-24 17:52:36,1.9,520,4
4824,3U1240,CZ3961,17:00:00,20:35:00,2020-08-25 15:25:30,1.9,520,3
4883,3U1240,CZ3961,17:00:00,20:35:00,2020-08-26 16:30:17,5.9,1630,2
4943,3U1240,CZ3961,17:00:00,20:35:00,2020-08-27 14:29:32,5.9,1630,1
5018,3U1240,CZ3961,17:00:00,20:35:00,2020-08-28 14:20:23,6.9,1910,0
5039,3U1240,CZ3961,17:00:00,20:35:00,2020-08-29 14:31:21,6.9,1910,0
2380,CA1303,,13:15:00,16:55:00,2020-07-14 15:56:48,4.6,1260,45
2441,CA1303,,13:15:00,16:55:00,2020-07-15 15:28:22,4.6,1260,44
2505,CA1303,,13:15:00,16:55:00,2020-07-16 15:24:07,4.6,1260,43
2536,CA1303,,13:15:00,16:55:00,2020-07-17 16:37:59,4.6,1260,42
2623,CA1303,,13:15:00,16:55:00,2020-07-18 17:29:09,4.6,1260,41
2682,CA1303,,13:15:00,16:55:00,2020-07-19 14:11:51,4.6,1260,40
2742,CA1303,,13:15:00,16:55:00,2020-07-20 15:22:55,4.6,1260,39
2817,CA1303,,13:15:00,16:55:00,2020-07-21 14:58:28,4.6,1260,38
2862,CA1303,,13:15:00,16:55:00,2020-07-22 15:03:32,4.6,1260,37
2917,CA1303,,13:15:00,16:55:00,2020-07-23 14:09:09,4.6,1260,36
2979,CA1303,,13:15:00,16:55:00,2020-07-24 14:09:38,4.6,1260,35
3031,CA1303,,13:15:00,16:55:00,2020-07-26 14:09:26,4.6,1260,33
3094,CA1303,,13:15:00,16:55:00,2020-07-27 15:41:35,4.6,1260,32
3149,CA1303,,13:15:00,16:55:00,2020-07-28 16:49:36,4.0,1100,31
3210,CA1303,,13:15:00,16:55:00,2020-07-29 15:30:37,4.0,1100,30
3269,CA1303,,13:15:00,16:55:00,2020-07-30 14:07:52,4.0,1100,29
3329,CA1303,,13:15:00,16:55:00,2020-07-31 14:12:29,2.0,550,28
3392,CA1303,,13:15:00,16:55:00,2020-08-01 15:27:07,2.0,540,27
3449,CA1303,,13:15:00,16:55:00,2020-08-02 16:54:02,2.0,550,26
3510,CA1303,,13:15:00,16:55:00,2020-08-03 13:08:47,2.0,550,25
3569,CA1303,,13:15:00,16:55:00,2020-08-04 14:16:08,2.0,540,24
3629,CA1303,,13:15:00,16:55:00,2020-08-05 15:47:43,2.0,540,23
3694,CA1303,,13:15:00,16:55:00,2020-08-06 14:23:57,2.0,550,22
3750,CA1303,,13:15:00,16:55:00,2020-08-07 14:13:11,2.0,550,21
3765,CA1303,,13:15:00,16:55:00,2020-08-08 15:44:50,2.0,550,20
3869,CA1303,,13:15:00,16:55:00,2020-08-09 15:20:46,2.0,540,19
3929,CA1303,,13:15:00,16:55:00,2020-08-10 16:35:27,2.0,550,18
3992,CA1303,,13:15:00,16:55:00,2020-08-11 15:06:30,2.0,550,17
4050,CA1303,,13:15:00,16:55:00,2020-08-12 14:13:29,2.0,550,16
4109,CA1303,,13:15:00,16:55:00,2020-08-13 15:03:09,2.0,540,15
4171,CA1303,,13:15:00,16:55:00,2020-08-14 15:33:01,2.0,540,14
4229,CA1303,,13:15:00,16:55:00,2020-08-15 15:02:10,1.9,510,13
4289,CA1303,,13:15:00,16:55:00,2020-08-16 15:03:44,1.9,510,12
4352,CA1303,,13:15:00,16:55:00,2020-08-17 15:16:17,1.9,510,11
4409,CA1303,,13:15:00,16:55:00,2020-08-18 14:08:13,1.9,520,10
4439,CA1303,,13:15:00,16:55:00,2020-08-19 14:10:15,1.9,510,9
4531,CA1303,,13:15:00,16:55:00,2020-08-20 15:16:05,1.9,510,8
4591,CA1303,,13:15:00,16:55:00,2020-08-21 16:48:23,1.9,510,7
4650,CA1303,,13:15:00,16:55:00,2020-08-22 14:59:27,1.9,520,6
4710,CA1303,,13:15:00,16:55:00,2020-08-23 14:35:16,1.9,520,5
4738,CA1303,,13:15:00,16:55:00,2020-08-24 17:52:36,1.9,510,4
4831,CA1303,,13:15:00,16:55:00,2020-08-25 15:25:30,1.9,510,3
4889,CA1303,,13:15:00,16:55:00,2020-08-26 16:30:17,6.0,1650,2
4950,CA1303,,13:15:00,16:55:00,2020-08-27 14:29:32,7.0,1930,1
5011,CA1303,,13:15:00,16:55:00,2020-08-28 14:20:23,7.0,1930,0
2388,CA1305,,18:25:00,21:50:00,2020-07-14 15:56:48,4.6,1260,45
2449,CA1305,,18:25:00,21:50:00,2020-07-15 15:28:22,4.6,1260,44
2513,CA1305,,18:25:00,21:50:00,2020-07-16 15:24:07,4.0,1100,43
2528,CA1305,,18:25:00,21:50:00,2020-07-17 16:37:59,4.0,1100,42
2631,CA1305,,18:25:00,21:50:00,2020-07-18 17:29:09,4.0,1100,41
2690,CA1305,,18:25:00,21:50:00,2020-07-19 14:11:51,4.0,1100,40
2750,CA1305,,18:25:00,21:50:00,2020-07-20 15:22:55,4.0,1100,39
2768,CA1305,,18:25:00,21:50:00,2020-07-21 14:58:28,4.0,1100,38
2870,CA1305,,18:25:00,21:50:00,2020-07-22 15:03:32,4.0,1100,37
2925,CA1305,,18:25:00,21:50:00,2020-07-23 14:09:09,4.0,1100,36
2986,CA1305,,18:25:00,21:50:00,2020-07-24 14:09:38,4.0,1100,35
3038,CA1305,,18:25:00,21:50:00,2020-07-26 14:09:26,4.0,1100,33
3102,CA1305,,18:25:00,21:50:00,2020-07-27 15:41:35,4.0,1100,32
3157,CA1305,,18:25:00,21:50:00,2020-07-28 16:49:36,4.0,1100,31
3218,CA1305,,18:25:00,21:50:00,2020-07-29 15:30:37,4.0,1100,30
3277,CA1305,,18:25:00,21:50:00,2020-07-30 14:07:52,4.0,1100,29
3337,CA1305,,18:25:00,21:50:00,2020-07-31 14:12:29,2.0,550,28
3400,CA1305,,18:25:00,21:50:00,2020-08-01 15:27:07,2.0,540,27
3457,CA1305,,18:25:00,21:50:00,2020-08-02 16:54:02,2.0,550,26
3518,CA1305,,18:25:00,21:50:00,2020-08-03 13:08:47,2.0,550,25
3577,CA1305,,18:25:00,21:50:00,2020-08-04 14:16:08,2.0,540,24
3637,CA1305,,18:25:00,21:50:00,2020-08-05 15:47:43,2.0,540,23
3702,CA1305,,18:25:00,21:50:00,2020-08-06 14:23:57,2.0,550,22
3757,CA1305,,18:25:00,21:50:00,2020-08-07 14:13:11,2.0,550,21
3773,CA1305,,18:25:00,21:50:00,2020-08-08 15:44:50,2.0,550,20
3877,CA1305,,18:25:00,21:50:00,2020-08-09 15:20:46,2.0,540,19
3937,CA1305,,18:25:00,21:50:00,2020-08-10 16:35:27,2.0,550,18
4000,CA1305,,18:25:00,21:50:00,2020-08-11 15:06:30,1.9,520,17
4058,CA1305,,18:25:00,21:50:00,2020-08-12 14:13:29,1.9,520,16
4117,CA1305,,18:25:00,21:50:00,2020-08-13 15:03:09,1.9,510,15
4179,CA1305,,18:25:00,21:50:00,2020-08-14 15:33:01,1.9,510,14
4237,CA1305,,18:25:00,21:50:00,2020-08-15 15:02:10,1.9,510,13
4297,CA1305,,18:25:00,21:50:00,2020-08-16 15:03:44,1.9,510,12
4360,CA1305,,18:25:00,21:50:00,2020-08-17 15:16:17,1.9,510,11
4417,CA1305,,18:25:00,21:50:00,2020-08-18 14:08:13,1.9,520,10
4431,CA1305,,18:25:00,21:50:00,2020-08-19 14:10:15,1.9,510,9
4539,CA1305,,18:25:00,21:50:00,2020-08-20 15:16:05,1.9,510,8
4599,CA1305,,18:25:00,21:50:00,2020-08-21 16:48:23,1.9,510,7
4658,CA1305,,18:25:00,21:50:00,2020-08-22 14:59:27,1.9,520,6
4717,CA1305,,18:25:00,21:50:00,2020-08-23 14:35:16,1.9,520,5
4730,CA1305,,18:25:00,21:50:00,2020-08-24 17:52:36,1.9,510,4
4839,CA1305,,18:25:00,21:50:00,2020-08-25 15:25:30,1.9,510,3
4897,CA1305,,18:25:00,21:50:00,2020-08-26 16:30:17,5.4,1490,2
4958,CA1305,,18:25:00,21:50:00,2020-08-27 14:29:32,6.0,1650,1
5003,CA1305,,18:25:00,21:50:00,2020-08-28 14:20:23,6.0,1650,0
5029,CA1305,,18:25:00,21:50:00,2020-08-29 14:31:21,6.0,1650,0
2346,CA1307,,20:30:00,23:50:00,2020-07-14 15:56:48,4.6,1260,45
2407,CA1307,,20:30:00,23:50:00,2020-07-15 15:28:22,4.6,1260,44
2467,CA1307,,20:30:00,23:50:00,2020-07-16 15:24:07,3.5,960,43
2570,CA1307,,20:30:00,23:50:00,2020-07-17 16:37:59,3.5,960,42
2582,CA1307,,20:30:00,23:50:00,2020-07-18 17:29:09,3.5,960,41
2649,CA1307,,20:30:00,23:50:00,2020-07-19 14:11:51,3.5,960,40
2709,CA1307,,20:30:00,23:50:00,2020-07-20 15:22:55,3.5,960,39
2781,CA1307,,20:30:00,23:50:00,2020-07-21 14:58:28,3.5,960,38
2829,CA1307,,20:30:00,23:50:00,2020-07-22 15:03:32,3.5,960,37
2936,CA1307,,20:30:00,23:50:00,2020-07-23 14:09:09,3.0,830,36
2359,CA1313,,11:15:00,14:50:00,2020-07-14 15:56:48,4.6,1260,45
2420,CA1313,,11:15:00,14:50:00,2020-07-15 15:28:22,4.6,1260,44
2481,CA1313,,11:15:00,14:50:00,2020-07-16 15:24:07,4.6,1260,43
2558,CA1313,,11:15:00,14:50:00,2020-07-17 16:37:59,4.6,1260,42
2601,CA1313,,11:15:00,14:50:00,2020-07-18 17:29:09,4.6,1260,41
2661,CA1313,,11:15:00,14:50:00,2020-07-19 14:11:51,4.6,1260,40
2721,CA1313,,11:15:00,14:50:00,2020-07-20 15:22:55,4.6,1260,39
2795,CA1313,,11:15:00,14:50:00,2020-07-21 14:58:28,4.6,1260,38
2819,CA1313,,11:15:00,14:50:00,2020-07-22 15:03:32,4.6,1260,37
2895,CA1313,,11:15:00,14:50:00,2020-07-23 14:09:09,4.6,1260,36
2959,CA1313,,11:15:00,14:50:00,2020-07-24 14:09:38,4.6,1260,35
3010,CA1313,,11:15:00,14:50:00,2020-07-26 14:09:26,4.6,1260,33
3072,CA1313,,11:15:00,14:50:00,2020-07-27 15:41:35,4.6,1260,32
3127,CA1313,,11:15:00,14:50:00,2020-07-28 16:49:36,3.0,830,31
3187,CA1313,,11:15:00,14:50:00,2020-07-29 15:30:37,3.0,830,30
3247,CA1313,,11:15:00,14:50:00,2020-07-30 14:07:52,3.0,830,29
3307,CA1313,,11:15:00,14:50:00,2020-07-31 14:12:29,2.5,690,28
3367,CA1313,,11:15:00,14:50:00,2020-08-01 15:27:07,2.5,690,27
3427,CA1313,,11:15:00,14:50:00,2020-08-02 16:54:02,2.5,690,26
3487,CA1313,,11:15:00,14:50:00,2020-08-03 13:08:47,2.5,690,25
3547,CA1313,,11:15:00,14:50:00,2020-08-04 14:16:08,2.0,540,24
3607,CA1313,,11:15:00,14:50:00,2020-08-05 15:47:43,2.0,540,23
3667,CA1313,,11:15:00,14:50:00,2020-08-06 14:23:57,2.0,550,22
3727,CA1313,,11:15:00,14:50:00,2020-08-07 14:13:11,2.0,550,21
3801,CA1313,,11:15:00,14:50:00,2020-08-08 15:44:50,2.0,550,20
3847,CA1313,,11:15:00,14:50:00,2020-08-09 15:20:46,2.0,540,19
3907,CA1313,,11:15:00,14:50:00,2020-08-10 16:35:27,2.0,550,18
3967,CA1313,,11:15:00,14:50:00,2020-08-11 15:06:30,2.0,550,17
4027,CA1313,,11:15:00,14:50:00,2020-08-12 14:13:29,2.0,550,16
4087,CA1313,,11:15:00,14:50:00,2020-08-13 15:03:09,2.0,540,15
4147,CA1313,,11:15:00,14:50:00,2020-08-14 15:33:01,2.0,540,14
4207,CA1313,,11:15:00,14:50:00,2020-08-15 15:02:10,1.9,510,13
4267,CA1313,,11:15:00,14:50:00,2020-08-16 15:03:44,1.9,510,12
4327,CA1313,,11:15:00,14:50:00,2020-08-17 15:16:17,1.9,510,11
4387,CA1313,,11:15:00,14:50:00,2020-08-18 14:08:13,1.9,520,10
4462,CA1313,,11:15:00,14:50:00,2020-08-19 14:10:15,1.9,510,9
4508,CA1313,,11:15:00,14:50:00,2020-08-20 15:16:05,1.9,510,8
4568,CA1313,,11:15:00,14:50:00,2020-08-21 16:48:23,1.9,510,7
4627,CA1313,,11:15:00,14:50:00,2020-08-22 14:59:27,1.9,520,6
4687,CA1313,,11:15:00,14:50:00,2020-08-23 14:35:16,1.9,520,5
4760,CA1313,,11:15:00,14:50:00,2020-08-24 17:52:36,1.9,510,4
4807,CA1313,,11:15:00,14:50:00,2020-08-25 15:25:30,1.9,510,3
4867,CA1313,,11:15:00,14:50:00,2020-08-26 16:30:17,6.0,1650,2
4927,CA1313,,11:15:00,14:50:00,2020-08-27 14:29:32,7.0,1930,1
4987,CA1313,,11:15:00,14:50:00,2020-08-28 14:20:23,7.0,1930,0
2354,CA1357,,15:20:00,18:50:00,2020-07-14 15:56:48,4.6,1260,45
2415,CA1357,,15:20:00,18:50:00,2020-07-15 15:28:22,4.6,1260,44
2476,CA1357,,15:20:00,18:50:00,2020-07-16 15:24:07,4.6,1260,43
2563,CA1357,,15:20:00,18:50:00,2020-07-17 16:37:59,4.6,1260,42
2596,CA1357,,15:20:00,18:50:00,2020-07-18 17:29:09,4.6,1260,41
2656,CA1357,,15:20:00,18:50:00,2020-07-19 14:11:51,4.6,1260,40
2716,CA1357,,15:20:00,18:50:00,2020-07-20 15:22:55,4.6,1260,39
2788,CA1357,,15:20:00,18:50:00,2020-07-21 14:58:28,4.6,1260,38
2836,CA1357,,15:20:00,18:50:00,2020-07-22 15:03:32,4.6,1260,37
2883,CA1357,,15:20:00,18:50:00,2020-07-23 14:09:09,4.6,1260,36
2953,CA1357,,15:20:00,18:50:00,2020-07-24 14:09:38,4.6,1260,35
3004,CA1357,,15:20:00,18:50:00,2020-07-26 14:09:26,4.6,1260,33
3066,CA1357,,15:20:00,18:50:00,2020-07-27 15:41:35,4.6,1260,32
3122,CA1357,,15:20:00,18:50:00,2020-07-28 16:49:36,4.0,1100,31
3182,CA1357,,15:20:00,18:50:00,2020-07-29 15:30:37,4.0,1100,30
3242,CA1357,,15:20:00,18:50:00,2020-07-30 14:07:52,4.0,1100,29
3302,CA1357,,15:20:00,18:50:00,2020-07-31 14:12:29,2.0,550,28
3362,CA1357,,15:20:00,18:50:00,2020-08-01 15:27:07,2.0,540,27
3422,CA1357,,15:20:00,18:50:00,2020-08-02 16:54:02,2.0,550,26
3482,CA1357,,15:20:00,18:50:00,2020-08-03 13:08:47,2.0,550,25
3542,CA1357,,15:20:00,18:50:00,2020-08-04 14:16:08,2.0,540,24
3602,CA1357,,15:20:00,18:50:00,2020-08-05 15:47:43,2.0,540,23
3662,CA1357,,15:20:00,18:50:00,2020-08-06 14:23:57,2.0,550,22
3722,CA1357,,15:20:00,18:50:00,2020-08-07 14:13:11,2.0,550,21
3806,CA1357,,15:20:00,18:50:00,2020-08-08 15:44:50,2.0,550,20
3842,CA1357,,15:20:00,18:50:00,2020-08-09 15:20:46,2.0,540,19
3902,CA1357,,15:20:00,18:50:00,2020-08-10 16:35:27,2.0,550,18
3962,CA1357,,15:20:00,18:50:00,2020-08-11 15:06:30,2.0,550,17
4022,CA1357,,15:20:00,18:50:00,2020-08-12 14:13:29,2.0,550,16
4082,CA1357,,15:20:00,18:50:00,2020-08-13 15:03:09,2.0,540,15
4142,CA1357,,15:20:00,18:50:00,2020-08-14 15:33:01,2.0,540,14
4202,CA1357,,15:20:00,18:50:00,2020-08-15 15:02:10,1.9,510,13
4262,CA1357,,15:20:00,18:50:00,2020-08-16 15:03:44,1.9,510,12
4322,CA1357,,15:20:00,18:50:00,2020-08-17 15:16:17,1.9,510,11
4382,CA1357,,15:20:00,18:50:00,2020-08-18 14:08:13,1.9,520,10
4467,CA1357,,15:20:00,18:50:00,2020-08-19 14:10:15,1.9,510,9
4503,CA1357,,15:20:00,18:50:00,2020-08-20 15:16:05,1.9,510,8
4563,CA1357,,15:20:00,18:50:00,2020-08-21 16:48:23,1.9,510,7
4622,CA1357,,15:20:00,18:50:00,2020-08-22 14:59:27,1.9,520,6
4682,CA1357,,15:20:00,18:50:00,2020-08-23 14:35:16,1.9,520,5
4765,CA1357,,15:20:00,18:50:00,2020-08-24 17:52:36,1.9,510,4
4802,CA1357,,15:20:00,18:50:00,2020-08-25 15:25:30,1.9,510,3
4862,CA1357,,15:20:00,18:50:00,2020-08-26 16:30:17,6.0,1650,2
4922,CA1357,,15:20:00,18:50:00,2020-08-27 14:29:32,7.0,1930,1
4982,CA1357,,15:20:00,18:50:00,2020-08-28 14:20:23,7.0,1930,0
2352,CA1367,,09:15:00,12:45:00,2020-07-14 15:56:48,4.6,1260,45
2413,CA1367,,09:15:00,12:45:00,2020-07-15 15:28:22,4.6,1260,44
2474,CA1367,,09:15:00,12:45:00,2020-07-16 15:24:07,3.5,960,43
2565,CA1367,,09:15:00,12:45:00,2020-07-17 16:37:59,3.5,960,42
2594,CA1367,,09:15:00,12:45:00,2020-07-18 17:29:09,3.5,960,41
2654,CA1367,,09:15:00,12:45:00,2020-07-19 14:11:51,3.5,960,40
2714,CA1367,,09:15:00,12:45:00,2020-07-20 15:22:55,3.5,960,39
2786,CA1367,,09:15:00,12:45:00,2020-07-21 14:58:28,3.5,960,38
2834,CA1367,,09:15:00,12:45:00,2020-07-22 15:03:32,3.5,960,37
2881,CA1367,,09:15:00,12:45:00,2020-07-23 14:09:09,3.0,830,36
2952,CA1367,,09:15:00,12:45:00,2020-07-24 14:09:38,3.0,830,35
3003,CA1367,,09:15:00,12:45:00,2020-07-26 14:09:26,3.0,830,33
3064,CA1367,,09:15:00,12:45:00,2020-07-27 15:41:35,3.0,830,32
3120,CA1367,,09:15:00,12:45:00,2020-07-28 16:49:36,3.0,830,31
3180,CA1367,,09:15:00,12:45:00,2020-07-29 15:30:37,3.0,830,30
3240,CA1367,,09:15:00,12:45:00,2020-07-30 14:07:52,3.0,830,29
3300,CA1367,,09:15:00,12:45:00,2020-07-31 14:12:29,2.5,690,28
3360,CA1367,,09:15:00,12:45:00,2020-08-01 15:27:07,2.5,690,27
3420,CA1367,,09:15:00,12:45:00,2020-08-02 16:54:02,2.5,690,26
3480,CA1367,,09:15:00,12:45:00,2020-08-03 13:08:47,2.5,690,25
3540,CA1367,,09:15:00,12:45:00,2020-08-04 14:16:08,2.0,540,24
3600,CA1367,,09:15:00,12:45:00,2020-08-05 15:47:43,2.0,540,23
3660,CA1367,,09:15:00,12:45:00,2020-08-06 14:23:57,2.0,550,22
3720,CA1367,,09:15:00,12:45:00,2020-08-07 14:13:11,2.0,550,21
3808,CA1367,,09:15:00,12:45:00,2020-08-08 15:44:50,2.0,550,20
3840,CA1367,,09:15:00,12:45:00,2020-08-09 15:20:46,2.0,540,19
3900,CA1367,,09:15:00,12:45:00,2020-08-10 16:35:27,2.0,550,18
3960,CA1367,,09:15:00,12:45:00,2020-08-11 15:06:30,2.0,550,17
4020,CA1367,,09:15:00,12:45:00,2020-08-12 14:13:29,2.0,550,16
4080,CA1367,,09:15:00,12:45:00,2020-08-13 15:03:09,2.0,540,15
4140,CA1367,,09:15:00,12:45:00,2020-08-14 15:33:01,2.0,540,14
4200,CA1367,,09:15:00,12:45:00,2020-08-15 15:02:10,1.9,510,13
4260,CA1367,,09:15:00,12:45:00,2020-08-16 15:03:44,1.9,510,12
4320,CA1367,,09:15:00,12:45:00,2020-08-17 15:16:17,1.9,510,11
4380,CA1367,,09:15:00,12:45:00,2020-08-18 14:08:13,1.9,520,10
4469,CA1367,,09:15:00,12:45:00,2020-08-19 14:10:15,1.9,510,9
4501,CA1367,,09:15:00,12:45:00,2020-08-20 15:16:05,1.9,510,8
4561,CA1367,,09:15:00,12:45:00,2020-08-21 16:48:23,1.9,510,7
4620,CA1367,,09:15:00,12:45:00,2020-08-22 14:59:27,1.9,520,6
4680,CA1367,,09:15:00,12:45:00,2020-08-23 14:35:16,1.9,520,5
4767,CA1367,,09:15:00,12:45:00,2020-08-24 17:52:36,1.9,510,4
4800,CA1367,,09:15:00,12:45:00,2020-08-25 15:25:30,1.9,510,3
4860,CA1367,,09:15:00,12:45:00,2020-08-26 16:30:17,6.0,1650,2
4920,CA1367,,09:15:00,12:45:00,2020-08-27 14:29:32,7.0,1930,1
4980,CA1367,,09:15:00,12:45:00,2020-08-28 14:20:23,7.0,1930,0
2393,CA1383,,10:15:00,13:45:00,2020-07-14 15:56:48,4.6,1260,45
2454,CA1383,,10:15:00,13:45:00,2020-07-15 15:28:22,4.6,1260,44
2458,CA1383,,10:15:00,13:45:00,2020-07-16 15:24:07,4.0,1100,43
2523,CA1383,,10:15:00,13:45:00,2020-07-17 16:37:59,4.0,1100,42
2636,CA1383,,10:15:00,13:45:00,2020-07-18 17:29:09,4.0,1100,41
2695,CA1383,,10:15:00,13:45:00,2020-07-19 14:11:51,4.0,1100,40
2755,CA1383,,10:15:00,13:45:00,2020-07-20 15:22:55,4.0,1100,39
2763,CA1383,,10:15:00,13:45:00,2020-07-21 14:58:28,4.0,1100,38
2875,CA1383,,10:15:00,13:45:00,2020-07-22 15:03:32,4.0,1100,37
2930,CA1383,,10:15:00,13:45:00,2020-07-23 14:09:09,4.0,1100,36
2394,CA1397,,14:15:00,17:45:00,2020-07-14 15:56:48,4.6,1260,45
2455,CA1397,,14:15:00,17:45:00,2020-07-15 15:28:22,4.6,1260,44
2488,CA1397,,14:15:00,17:45:00,2020-07-16 15:24:07,4.6,1260,43
2522,CA1397,,14:15:00,17:45:00,2020-07-17 16:37:59,4.6,1260,42
2637,CA1397,,14:15:00,17:45:00,2020-07-18 17:29:09,4.6,1260,41
2696,CA1397,,14:15:00,17:45:00,2020-07-19 14:11:51,4.6,1260,40
2756,CA1397,,14:15:00,17:45:00,2020-07-20 15:22:55,4.6,1260,39
2762,CA1397,,14:15:00,17:45:00,2020-07-21 14:58:28,4.6,1260,38
2876,CA1397,,14:15:00,17:45:00,2020-07-22 15:03:32,4.6,1260,37
2931,CA1397,,14:15:00,17:45:00,2020-07-23 14:09:09,4.6,1260,36
2367,CA1895,,08:05:00,11:45:00,2020-07-14 15:56:48,4.6,1260,45
2428,CA1895,,08:05:00,11:45:00,2020-07-15 15:28:22,4.6,1260,44
2492,CA1895,,08:05:00,11:45:00,2020-07-16 15:24:07,3.5,960,43
2549,CA1895,,08:05:00,11:45:00,2020-07-17 16:37:59,3.5,960,42
2610,CA1895,,08:05:00,11:45:00,2020-07-18 17:29:09,3.5,960,41
2669,CA1895,,08:05:00,11:45:00,2020-07-19 14:11:51,3.5,960,40
2729,CA1895,,08:05:00,11:45:00,2020-07-20 15:22:55,3.5,960,39
2804,CA1895,,08:05:00,11:45:00,2020-07-21 14:58:28,3.5,960,38
2849,CA1895,,08:05:00,11:45:00,2020-07-22 15:03:32,3.5,960,37
2904,CA1895,,08:05:00,11:45:00,2020-07-23 14:09:09,3.0,830,36
2967,CA1895,,08:05:00,11:45:00,2020-07-24 14:09:38,3.0,830,35
3018,CA1895,,08:05:00,11:45:00,2020-07-26 14:09:26,3.0,830,33
3080,CA1895,,08:05:00,11:45:00,2020-07-27 15:41:35,3.0,830,32
3135,CA1895,,08:05:00,11:45:00,2020-07-28 16:49:36,2.5,690,31
3195,CA1895,,08:05:00,11:45:00,2020-07-29 15:30:37,2.5,690,30
3254,CA1895,,08:05:00,11:45:00,2020-07-30 14:07:52,2.5,690,29
3314,CA1895,,08:05:00,11:45:00,2020-07-31 14:12:29,2.5,690,28
3377,CA1895,,08:05:00,11:45:00,2020-08-01 15:27:07,2.5,690,27
3434,CA1895,,08:05:00,11:45:00,2020-08-02 16:54:02,2.5,690,26
3495,CA1895,,08:05:00,11:45:00,2020-08-03 13:08:47,2.5,690,25
3554,CA1895,,08:05:00,11:45:00,2020-08-04 14:16:08,2.0,540,24
3614,CA1895,,08:05:00,11:45:00,2020-08-05 15:47:43,2.0,540,23
3678,CA1895,,08:05:00,11:45:00,2020-08-06 14:23:57,2.0,550,22
3735,CA1895,,08:05:00,11:45:00,2020-08-07 14:13:11,2.0,550,21
3793,CA1895,,08:05:00,11:45:00,2020-08-08 15:44:50,2.0,550,20
3854,CA1895,,08:05:00,11:45:00,2020-08-09 15:20:46,2.0,540,19
3914,CA1895,,08:05:00,11:45:00,2020-08-10 16:35:27,2.0,550,18
3977,CA1895,,08:05:00,11:45:00,2020-08-11 15:06:30,1.9,520,17
4035,CA1895,,08:05:00,11:45:00,2020-08-12 14:13:29,1.9,520,16
4094,CA1895,,08:05:00,11:45:00,2020-08-13 15:03:09,1.9,510,15
4156,CA1895,,08:05:00,11:45:00,2020-08-14 15:33:01,1.9,510,14
4214,CA1895,,08:05:00,11:45:00,2020-08-15 15:02:10,1.9,510,13
4274,CA1895,,08:05:00,11:45:00,2020-08-16 15:03:44,1.9,510,12
4337,CA1895,,08:05:00,11:45:00,2020-08-17 15:16:17,1.9,510,11
4395,CA1895,,08:05:00,11:45:00,2020-08-18 14:08:13,1.9,520,10
4454,CA1895,,08:05:00,11:45:00,2020-08-19 14:10:15,1.9,510,9
4516,CA1895,,08:05:00,11:45:00,2020-08-20 15:16:05,1.9,510,8
4576,CA1895,,08:05:00,11:45:00,2020-08-21 16:48:23,1.9,510,7
4635,CA1895,,08:05:00,11:45:00,2020-08-22 14:59:27,1.9,520,6
4695,CA1895,,08:05:00,11:45:00,2020-08-23 14:35:16,1.9,520,5
4753,CA1895,,08:05:00,11:45:00,2020-08-24 17:52:36,1.9,510,4
4816,CA1895,,08:05:00,11:45:00,2020-08-25 15:25:30,1.9,510,3
4875,CA1895,,08:05:00,11:45:00,2020-08-26 16:30:17,5.4,1490,2
4935,CA1895,,08:05:00,11:45:00,2020-08-27 14:29:32,6.0,1650,1
4995,CA1895,,08:05:00,11:45:00,2020-08-28 14:20:23,6.0,1650,0
2344,CA3402,ZH9102,12:10:00,15:55:00,2020-07-14 15:56:48,4.9,1350,45
2405,CA3402,ZH9102,12:10:00,15:55:00,2020-07-15 15:28:22,4.9,1350,44
2473,CA3402,ZH9102,12:10:00,15:55:00,2020-07-16 15:24:07,4.9,1350,43
2572,CA3402,ZH9102,12:10:00,15:55:00,2020-07-17 16:37:59,4.9,1350,42
2584,CA3402,ZH9102,12:10:00,15:55:00,2020-07-18 17:29:09,4.9,1350,41
2647,CA3402,ZH9102,12:10:00,15:55:00,2020-07-19 14:11:51,4.9,1350,40
2707,CA3402,ZH9102,12:10:00,15:55:00,2020-07-20 15:22:55,4.9,1350,39
2779,CA3402,ZH9102,12:10:00,15:55:00,2020-07-21 14:58:28,4.9,1350,38
2827,CA3402,ZH9102,12:10:00,15:55:00,2020-07-22 15:03:32,4.9,1350,37
2933,CA3402,ZH9102,12:10:00,15:55:00,2020-07-23 14:09:09,4.9,1350,36
2945,CA3402,ZH9102,12:10:00,15:55:00,2020-07-24 14:09:38,4.9,1350,35
2996,CA3402,ZH9102,12:10:00,15:55:00,2020-07-26 14:09:26,2.5,690,33
3057,CA3402,ZH9102,12:10:00,15:55:00,2020-07-27 15:41:35,2.5,690,32
3112,CA3402,ZH9102,12:10:00,15:55:00,2020-07-28 16:49:36,2.5,690,31
3172,CA3402,ZH9102,12:10:00,15:55:00,2020-07-29 15:30:37,2.5,690,30
3232,CA3402,ZH9102,12:10:00,15:55:00,2020-07-30 14:07:52,2.5,690,29
3292,CA3402,ZH9102,12:10:00,15:55:00,2020-07-31 14:12:29,2.5,690,28
3352,CA3402,ZH9102,12:10:00,15:55:00,2020-08-01 15:27:07,2.5,690,27
3412,CA3402,ZH9102,12:10:00,15:55:00,2020-08-02 16:54:02,2.5,690,26
3472,CA3402,ZH9102,12:10:00,15:55:00,2020-08-03 13:08:47,2.0,550,25
3532,CA3402,ZH9102,12:10:00,15:55:00,2020-08-04 14:16:08,2.0,550,24
3592,CA3402,ZH9102,12:10:00,15:55:00,2020-08-05 15:47:43,2.0,550,23
3652,CA3402,ZH9102,12:10:00,15:55:00,2020-08-06 14:23:57,2.0,550,22
3712,CA3402,ZH9102,12:10:00,15:55:00,2020-08-07 14:13:11,2.0,550,21
3816,CA3402,ZH9102,12:10:00,15:55:00,2020-08-08 15:44:50,2.0,550,20
3832,CA3402,ZH9102,12:10:00,15:55:00,2020-08-09 15:20:46,2.0,550,19
3892,CA3402,ZH9102,12:10:00,15:55:00,2020-08-10 16:35:27,2.0,550,18
3952,CA3402,ZH9102,12:10:00,15:55:00,2020-08-11 15:06:30,2.0,550,17
4012,CA3402,ZH9102,12:10:00,15:55:00,2020-08-12 14:13:29,2.0,550,16
4072,CA3402,ZH9102,12:10:00,15:55:00,2020-08-13 15:03:09,2.0,550,15
4132,CA3402,ZH9102,12:10:00,15:55:00,2020-08-14 15:33:01,2.0,550,14
4192,CA3402,ZH9102,12:10:00,15:55:00,2020-08-15 15:02:10,1.9,520,13
4252,CA3402,ZH9102,12:10:00,15:55:00,2020-08-16 15:03:44,1.9,520,12
4312,CA3402,ZH9102,12:10:00,15:55:00,2020-08-17 15:16:17,1.9,520,11
4372,CA3402,ZH9102,12:10:00,15:55:00,2020-08-18 14:08:13,1.9,520,10
4477,CA3402,ZH9102,12:10:00,15:55:00,2020-08-19 14:10:15,1.9,520,9
4493,CA3402,ZH9102,12:10:00,15:55:00,2020-08-20 15:16:05,1.9,520,8
4553,CA3402,ZH9102,12:10:00,15:55:00,2020-08-21 16:48:23,1.9,520,7
4612,CA3402,ZH9102,12:10:00,15:55:00,2020-08-22 14:59:27,1.9,520,6
4672,CA3402,ZH9102,12:10:00,15:55:00,2020-08-23 14:35:16,1.9,520,5
4775,CA3402,ZH9102,12:10:00,15:55:00,2020-08-24 17:52:36,1.9,520,4
4792,CA3402,ZH9102,12:10:00,15:55:00,2020-08-25 15:25:30,1.9,520,3
4852,CA3402,ZH9102,12:10:00,15:55:00,2020-08-26 16:30:17,7.4,2040,2
4912,CA3402,ZH9102,12:10:00,15:55:00,2020-08-27 14:29:32,7.4,2040,1
4972,CA3402,ZH9102,12:10:00,15:55:00,2020-08-28 14:20:23,7.4,2040,0
2366,CA3404,ZH9104,14:25:00,17:45:00,2020-07-14 15:56:48,4.9,1350,45
2397,CA3404,ZH9104,14:25:00,17:45:00,2020-07-15 15:28:22,4.9,1350,44
2489,CA3404,ZH9104,14:25:00,17:45:00,2020-07-16 15:24:07,4.9,1350,43
2551,CA3404,ZH9104,14:25:00,17:45:00,2020-07-17 16:37:59,4.9,1350,42
2608,CA3404,ZH9104,14:25:00,17:45:00,2020-07-18 17:29:09,4.9,1350,41
2668,CA3404,ZH9104,14:25:00,17:45:00,2020-07-19 14:11:51,4.9,1350,40
2728,CA3404,ZH9104,14:25:00,17:45:00,2020-07-20 15:22:55,4.9,1350,39
2802,CA3404,ZH9104,14:25:00,17:45:00,2020-07-21 14:58:28,4.9,1350,38
2847,CA3404,ZH9104,14:25:00,17:45:00,2020-07-22 15:03:32,4.9,1350,37
2902,CA3404,ZH9104,14:25:00,17:45:00,2020-07-23 14:09:09,4.9,1350,36
2966,CA3404,ZH9104,14:25:00,17:45:00,2020-07-24 14:09:38,4.9,1350,35
3017,CA3404,ZH9104,14:25:00,17:45:00,2020-07-26 14:09:26,4.9,1350,33
3079,CA3404,ZH9104,14:25:00,17:45:00,2020-07-27 15:41:35,4.9,1350,32
3134,CA3404,ZH9104,14:25:00,17:45:00,2020-07-28 16:49:36,4.9,1350,31
3194,CA3404,ZH9104,14:25:00,17:45:00,2020-07-29 15:30:37,4.9,1350,30
3224,CA3404,ZH9104,14:25:00,17:45:00,2020-07-30 14:07:52,4.9,1350,29
3284,CA3404,ZH9104,14:25:00,17:45:00,2020-07-31 14:12:29,2.5,690,28
3376,CA3404,ZH9104,14:25:00,17:45:00,2020-08-01 15:27:07,2.5,690,27
3404,CA3404,ZH9104,14:25:00,17:45:00,2020-08-02 16:54:02,2.5,690,26
3494,CA3404,ZH9104,14:25:00,17:45:00,2020-08-03 13:08:47,2.0,550,25
3524,CA3404,ZH9104,14:25:00,17:45:00,2020-08-04 14:16:08,2.0,550,24
3584,CA3404,ZH9104,14:25:00,17:45:00,2020-08-05 15:47:43,2.0,550,23
3677,CA3404,ZH9104,14:25:00,17:45:00,2020-08-06 14:23:57,2.0,550,22
3734,CA3404,ZH9104,14:25:00,17:45:00,2020-08-07 14:13:11,2.0,550,21
3794,CA3404,ZH9104,14:25:00,17:45:00,2020-08-08 15:44:50,2.0,550,20
3824,CA3404,ZH9104,14:25:00,17:45:00,2020-08-09 15:20:46,2.0,550,19
3884,CA3404,ZH9104,14:25:00,17:45:00,2020-08-10 16:35:27,2.0,550,18
3976,CA3404,ZH9104,14:25:00,17:45:00,2020-08-11 15:06:30,2.0,550,17
4034,CA3404,ZH9104,14:25:00,17:45:00,2020-08-12 14:13:29,2.0,550,16
4064,CA3404,ZH9104,14:25:00,17:45:00,2020-08-13 15:03:09,2.0,550,15
4155,CA3404,ZH9104,14:25:00,17:45:00,2020-08-14 15:33:01,2.0,550,14
4184,CA3404,ZH9104,14:25:00,17:45:00,2020-08-15 15:02:10,1.9,520,13
4244,CA3404,ZH9104,14:25:00,17:45:00,2020-08-16 15:03:44,1.9,520,12
4336,CA3404,ZH9104,14:25:00,17:45:00,2020-08-17 15:16:17,1.9,520,11
4394,CA3404,ZH9104,14:25:00,17:45:00,2020-08-18 14:08:13,1.9,520,10
4455,CA3404,ZH9104,14:25:00,17:45:00,2020-08-19 14:10:15,1.9,520,9
4515,CA3404,ZH9104,14:25:00,17:45:00,2020-08-20 15:16:05,1.9,520,8
4575,CA3404,ZH9104,14:25:00,17:45:00,2020-08-21 16:48:23,1.9,520,7
4634,CA3404,ZH9104,14:25:00,17:45:00,2020-08-22 14:59:27,1.9,520,6
4694,CA3404,ZH9104,14:25:00,17:45:00,2020-08-23 14:35:16,1.9,520,5
4724,CA3404,ZH9104,14:25:00,17:45:00,2020-08-24 17:52:36,1.9,520,4
4815,CA3404,ZH9104,14:25:00,17:45:00,2020-08-25 15:25:30,1.9,520,3
4874,CA3404,ZH9104,14:25:00,17:45:00,2020-08-26 16:30:17,7.4,2040,2
4934,CA3404,ZH9104,14:25:00,17:45:00,2020-08-27 14:29:32,7.4,2040,1
4994,CA3404,ZH9104,14:25:00,17:45:00,2020-08-28 14:20:23,7.4,2040,0
2363,CA3406,ZH9106,16:55:00,20:20:00,2020-07-14 15:56:48,4.9,1350,45
2424,CA3406,ZH9106,16:55:00,20:20:00,2020-07-15 15:28:22,4.9,1350,44
2485,CA3406,ZH9106,16:55:00,20:20:00,2020-07-16 15:24:07,4.9,1350,43
2554,CA3406,ZH9106,16:55:00,20:20:00,2020-07-17 16:37:59,4.9,1350,42
2605,CA3406,ZH9106,16:55:00,20:20:00,2020-07-18 17:29:09,4.9,1350,41
2665,CA3406,ZH9106,16:55:00,20:20:00,2020-07-19 14:11:51,4.9,1350,40
2725,CA3406,ZH9106,16:55:00,20:20:00,2020-07-20 15:22:55,4.9,1350,39
2799,CA3406,ZH9106,16:55:00,20:20:00,2020-07-21 14:58:28,4.9,1350,38
2844,CA3406,ZH9106,16:55:00,20:20:00,2020-07-22 15:03:32,4.9,1350,37
2899,CA3406,ZH9106,16:55:00,20:20:00,2020-07-23 14:09:09,4.9,1350,36
2963,CA3406,ZH9106,16:55:00,20:20:00,2020-07-24 14:09:38,4.9,1350,35
3014,CA3406,ZH9106,16:55:00,20:20:00,2020-07-26 14:09:26,4.9,1350,33
3076,CA3406,ZH9106,16:55:00,20:20:00,2020-07-27 15:41:35,4.9,1350,32
3131,CA3406,ZH9106,16:55:00,20:20:00,2020-07-28 16:49:36,4.9,1350,31
3191,CA3406,ZH9106,16:55:00,20:20:00,2020-07-29 15:30:37,4.9,1350,30
3251,CA3406,ZH9106,16:55:00,20:20:00,2020-07-30 14:07:52,4.9,1350,29
3311,CA3406,ZH9106,16:55:00,20:20:00,2020-07-31 14:12:29,2.5,690,28
3371,CA3406,ZH9106,16:55:00,20:20:00,2020-08-01 15:27:07,2.5,690,27
3431,CA3406,ZH9106,16:55:00,20:20:00,2020-08-02 16:54:02,2.5,690,26
3491,CA3406,ZH9106,16:55:00,20:20:00,2020-08-03 13:08:47,2.0,550,25
3551,CA3406,ZH9106,16:55:00,20:20:00,2020-08-04 14:16:08,2.0,550,24
3611,CA3406,ZH9106,16:55:00,20:20:00,2020-08-05 15:47:43,2.0,550,23
3671,CA3406,ZH9106,16:55:00,20:20:00,2020-08-06 14:23:57,2.0,550,22
3731,CA3406,ZH9106,16:55:00,20:20:00,2020-08-07 14:13:11,2.0,550,21
3797,CA3406,ZH9106,16:55:00,20:20:00,2020-08-08 15:44:50,2.0,550,20
3851,CA3406,ZH9106,16:55:00,20:20:00,2020-08-09 15:20:46,2.0,550,19
3911,CA3406,ZH9106,16:55:00,20:20:00,2020-08-10 16:35:27,2.0,550,18
3971,CA3406,ZH9106,16:55:00,20:20:00,2020-08-11 15:06:30,2.0,550,17
4031,CA3406,ZH9106,16:55:00,20:20:00,2020-08-12 14:13:29,2.0,550,16
4091,CA3406,ZH9106,16:55:00,20:20:00,2020-08-13 15:03:09,2.0,550,15
4151,CA3406,ZH9106,16:55:00,20:20:00,2020-08-14 15:33:01,2.0,550,14
4211,CA3406,ZH9106,16:55:00,20:20:00,2020-08-15 15:02:10,1.9,520,13
4271,CA3406,ZH9106,16:55:00,20:20:00,2020-08-16 15:03:44,1.9,520,12
4331,CA3406,ZH9106,16:55:00,20:20:00,2020-08-17 15:16:17,1.9,520,11
4391,CA3406,ZH9106,16:55:00,20:20:00,2020-08-18 14:08:13,1.9,520,10
4458,CA3406,ZH9106,16:55:00,20:20:00,2020-08-19 14:10:15,1.9,520,9
4512,CA3406,ZH9106,16:55:00,20:20:00,2020-08-20 15:16:05,1.9,520,8
4572,CA3406,ZH9106,16:55:00,20:20:00,2020-08-21 16:48:23,1.9,520,7
4631,CA3406,ZH9106,16:55:00,20:20:00,2020-08-22 14:59:27,1.9,520,6
4691,CA3406,ZH9106,16:55:00,20:20:00,2020-08-23 14:35:16,1.9,520,5
4756,CA3406,ZH9106,16:55:00,20:20:00,2020-08-24 17:52:36,1.9,520,4
4811,CA3406,ZH9106,16:55:00,20:20:00,2020-08-25 15:25:30,1.9,520,3
4871,CA3406,ZH9106,16:55:00,20:20:00,2020-08-26 16:30:17,7.4,2040,2
4931,CA3406,ZH9106,16:55:00,20:20:00,2020-08-27 14:29:32,7.4,2040,1
4991,CA3406,ZH9106,16:55:00,20:20:00,2020-08-28 14:20:23,7.4,2040,0
5025,CA3406,ZH9106,16:55:00,20:20:00,2020-08-29 14:31:21,7.4,2040,0
2373,CA3408,ZH9108,18:50:00,22:35:00,2020-07-14 15:56:48,4.9,1350,45
2434,CA3408,ZH9108,18:50:00,22:35:00,2020-07-15 15:28:22,4.9,1350,44
2498,CA3408,ZH9108,18:50:00,22:35:00,2020-07-16 15:24:07,4.9,1350,43
2543,CA3408,ZH9108,18:50:00,22:35:00,2020-07-17 16:37:59,4.9,1350,42
2616,CA3408,ZH9108,18:50:00,22:35:00,2020-07-18 17:29:09,4.9,1350,41
2675,CA3408,ZH9108,18:50:00,22:35:00,2020-07-19 14:11:51,4.9,1350,40
2735,CA3408,ZH9108,18:50:00,22:35:00,2020-07-20 15:22:55,4.9,1350,39
2810,CA3408,ZH9108,18:50:00,22:35:00,2020-07-21 14:58:28,4.9,1350,38
2855,CA3408,ZH9108,18:50:00,22:35:00,2020-07-22 15:03:32,4.9,1350,37
2910,CA3408,ZH9108,18:50:00,22:35:00,2020-07-23 14:09:09,4.9,1350,36
2973,CA3408,ZH9108,18:50:00,22:35:00,2020-07-24 14:09:38,4.9,1350,35
3024,CA3408,ZH9108,18:50:00,22:35:00,2020-07-26 14:09:26,4.9,1350,33
3087,CA3408,ZH9108,18:50:00,22:35:00,2020-07-27 15:41:35,4.9,1350,32
3141,CA3408,ZH9108,18:50:00,22:35:00,2020-07-28 16:49:36,4.9,1350,31
3202,CA3408,ZH9108,18:50:00,22:35:00,2020-07-29 15:30:37,4.9,1350,30
3261,CA3408,ZH9108,18:50:00,22:35:00,2020-07-30 14:07:52,4.9,1350,29
3321,CA3408,ZH9108,18:50:00,22:35:00,2020-07-31 14:12:29,2.5,690,28
3384,CA3408,ZH9108,18:50:00,22:35:00,2020-08-01 15:27:07,2.5,690,27
3441,CA3408,ZH9108,18:50:00,22:35:00,2020-08-02 16:54:02,2.5,690,26
3502,CA3408,ZH9108,18:50:00,22:35:00,2020-08-03 13:08:47,2.0,550,25
3561,CA3408,ZH9108,18:50:00,22:35:00,2020-08-04 14:16:08,2.0,550,24
3621,CA3408,ZH9108,18:50:00,22:35:00,2020-08-05 15:47:43,2.0,550,23
3686,CA3408,ZH9108,18:50:00,22:35:00,2020-08-06 14:23:57,2.0,550,22
3742,CA3408,ZH9108,18:50:00,22:35:00,2020-08-07 14:13:11,2.0,550,21
3786,CA3408,ZH9108,18:50:00,22:35:00,2020-08-08 15:44:50,2.0,550,20
3861,CA3408,ZH9108,18:50:00,22:35:00,2020-08-09 15:20:46,2.0,550,19
3921,CA3408,ZH9108,18:50:00,22:35:00,2020-08-10 16:35:27,2.0,550,18
3984,CA3408,ZH9108,18:50:00,22:35:00,2020-08-11 15:06:30,2.0,550,17
4042,CA3408,ZH9108,18:50:00,22:35:00,2020-08-12 14:13:29,2.0,550,16
4101,CA3408,ZH9108,18:50:00,22:35:00,2020-08-13 15:03:09,2.0,550,15
4163,CA3408,ZH9108,18:50:00,22:35:00,2020-08-14 15:33:01,2.0,550,14
4221,CA3408,ZH9108,18:50:00,22:35:00,2020-08-15 15:02:10,1.9,520,13
4281,CA3408,ZH9108,18:50:00,22:35:00,2020-08-16 15:03:44,1.9,520,12
4344,CA3408,ZH9108,18:50:00,22:35:00,2020-08-17 15:16:17,1.9,520,11
4402,CA3408,ZH9108,18:50:00,22:35:00,2020-08-18 14:08:13,1.9,520,10
4447,CA3408,ZH9108,18:50:00,22:35:00,2020-08-19 14:10:15,1.9,520,9
4523,CA3408,ZH9108,18:50:00,22:35:00,2020-08-20 15:16:05,1.9,520,8
4583,CA3408,ZH9108,18:50:00,22:35:00,2020-08-21 16:48:23,1.9,520,7
4642,CA3408,ZH9108,18:50:00,22:35:00,2020-08-22 14:59:27,1.9,520,6
4702,CA3408,ZH9108,18:50:00,22:35:00,2020-08-23 14:35:16,1.9,520,5
4746,CA3408,ZH9108,18:50:00,22:35:00,2020-08-24 17:52:36,1.9,520,4
4823,CA3408,ZH9108,18:50:00,22:35:00,2020-08-25 15:25:30,1.9,520,3
4882,CA3408,ZH9108,18:50:00,22:35:00,2020-08-26 16:30:17,6.4,1760,2
4942,CA3408,ZH9108,18:50:00,22:35:00,2020-08-27 14:29:32,6.4,1760,1
4964,CA3408,ZH9108,18:50:00,22:35:00,2020-08-28 14:20:23,6.4,1760,0
5040,CA3408,ZH9108,18:50:00,22:35:00,2020-08-29 14:31:21,6.4,1760,0
2395,CA3410,ZH9110,21:00:00,00:10:00,2020-07-14 15:56:48,3.5,950,45
2456,CA3410,ZH9110,21:00:00,00:10:00,2020-07-15 15:28:22,3.5,950,44
2490,CA3410,ZH9110,21:00:00,00:10:00,2020-07-16 15:24:07,3.5,950,43
2521,CA3410,ZH9110,21:00:00,00:10:00,2020-07-17 16:37:59,3.5,950,42
2638,CA3410,ZH9110,21:00:00,00:10:00,2020-07-18 17:29:09,3.5,950,41
2697,CA3410,ZH9110,21:00:00,00:10:00,2020-07-19 14:11:51,3.5,950,40
2757,CA3410,ZH9110,21:00:00,00:10:00,2020-07-20 15:22:55,3.5,950,39
2761,CA3410,ZH9110,21:00:00,00:10:00,2020-07-21 14:58:28,3.5,950,38
2877,CA3410,ZH9110,21:00:00,00:10:00,2020-07-22 15:03:32,3.5,950,37
2932,CA3410,ZH9110,21:00:00,00:10:00,2020-07-23 14:09:09,2.5,690,36
2991,CA3410,ZH9110,21:00:00,00:10:00,2020-07-24 14:09:38,2.5,690,35
3043,CA3410,ZH9110,21:00:00,00:10:00,2020-07-26 14:09:26,2.5,690,33
3049,CA3410,ZH9110,21:00:00,00:10:00,2020-07-27 15:41:35,2.5,690,32
3162,CA3410,ZH9110,21:00:00,00:10:00,2020-07-28 16:49:36,2.5,690,31
3223,CA3410,ZH9110,21:00:00,00:10:00,2020-07-29 15:30:37,2.5,690,30
3282,CA3410,ZH9110,21:00:00,00:10:00,2020-07-30 14:07:52,2.5,690,29
3342,CA3410,ZH9110,21:00:00,00:10:00,2020-07-31 14:12:29,1.9,530,28
3374,CA3410,ZH9110,21:00:00,00:10:00,2020-08-01 15:27:07,1.9,530,27
3462,CA3410,ZH9110,21:00:00,00:10:00,2020-08-02 16:54:02,1.9,530,26
3523,CA3410,ZH9110,21:00:00,00:10:00,2020-08-03 13:08:47,1.9,530,25
3582,CA3410,ZH9110,21:00:00,00:10:00,2020-08-04 14:16:08,1.9,530,24
3642,CA3410,ZH9110,21:00:00,00:10:00,2020-08-05 15:47:43,1.8,500,23
3676,CA3410,ZH9110,21:00:00,00:10:00,2020-08-06 14:23:57,1.8,500,22
3762,CA3410,ZH9110,21:00:00,00:10:00,2020-08-07 14:13:11,1.8,500,21
3778,CA3410,ZH9110,21:00:00,00:10:00,2020-08-08 15:44:50,1.8,500,20
3882,CA3410,ZH9110,21:00:00,00:10:00,2020-08-09 15:20:46,1.8,500,19
3942,CA3410,ZH9110,21:00:00,00:10:00,2020-08-10 16:35:27,1.8,500,18
3974,CA3410,ZH9110,21:00:00,00:10:00,2020-08-11 15:06:30,1.8,500,17
4063,CA3410,ZH9110,21:00:00,00:10:00,2020-08-12 14:13:29,1.8,500,16
4122,CA3410,ZH9110,21:00:00,00:10:00,2020-08-13 15:03:09,1.8,500,15
4124,CA3410,ZH9110,21:00:00,00:10:00,2020-08-14 15:33:01,1.8,500,14
4242,CA3410,ZH9110,21:00:00,00:10:00,2020-08-15 15:02:10,1.8,500,13
4302,CA3410,ZH9110,21:00:00,00:10:00,2020-08-16 15:03:44,1.8,500,12
4334,CA3410,ZH9110,21:00:00,00:10:00,2020-08-17 15:16:17,1.8,500,11
4422,CA3410,ZH9110,21:00:00,00:10:00,2020-08-18 14:08:13,1.8,500,10
4426,CA3410,ZH9110,21:00:00,00:10:00,2020-08-19 14:10:15,1.8,500,9
4543,CA3410,ZH9110,21:00:00,00:10:00,2020-08-20 15:16:05,1.8,500,8
4544,CA3410,ZH9110,21:00:00,00:10:00,2020-08-21 16:48:23,1.8,500,7
4663,CA3410,ZH9110,21:00:00,00:10:00,2020-08-22 14:59:27,1.6,450,6
4722,CA3410,ZH9110,21:00:00,00:10:00,2020-08-23 14:35:16,1.6,450,5
4725,CA3410,ZH9110,21:00:00,00:10:00,2020-08-24 17:52:36,1.6,450,4
4784,CA3410,ZH9110,21:00:00,00:10:00,2020-08-25 15:25:30,1.6,450,3
4902,CA3410,ZH9110,21:00:00,00:10:00,2020-08-26 16:30:17,6.4,1760,2
4963,CA3410,ZH9110,21:00:00,00:10:00,2020-08-27 14:29:32,6.4,1760,1
5021,CA3410,ZH9110,21:00:00,00:10:00,2020-08-28 14:20:23,6.4,1760,0
5043,CA3410,ZH9110,21:00:00,00:10:00,2020-08-29 14:31:21,6.4,1760,0
2364,CA3412,ZH9112,06:25:00,11:55:00,2020-07-14 15:56:48,4.9,1350,45
2425,CA3412,ZH9112,06:25:00,11:55:00,2020-07-15 15:28:22,4.9,1350,44
2486,CA3412,ZH9112,06:25:00,11:55:00,2020-07-16 15:24:07,4.9,1350,43
2553,CA3412,ZH9112,06:25:00,11:55:00,2020-07-17 16:37:59,4.9,1350,42
2606,CA3412,ZH9112,06:25:00,11:55:00,2020-07-18 17:29:09,4.9,1350,41
2666,CA3412,ZH9112,06:25:00,11:55:00,2020-07-19 14:11:51,4.9,1350,40
2726,CA3412,ZH9112,06:25:00,11:55:00,2020-07-20 15:22:55,4.9,1350,39
2800,CA3412,ZH9112,06:25:00,11:55:00,2020-07-21 14:58:28,4.9,1350,38
2845,CA3412,ZH9112,06:25:00,11:55:00,2020-07-22 15:03:32,4.9,1350,37
2900,CA3412,ZH9112,06:25:00,11:55:00,2020-07-23 14:09:09,4.9,1350,36
2964,CA3412,ZH9112,06:25:00,11:55:00,2020-07-24 14:09:38,4.9,1350,35
3015,CA3412,ZH9112,06:25:00,11:55:00,2020-07-26 14:09:26,4.9,1350,33
3077,CA3412,ZH9112,06:25:00,11:55:00,2020-07-27 15:41:35,4.9,1350,32
3132,CA3412,ZH9112,06:25:00,11:55:00,2020-07-28 16:49:36,4.9,1350,31
3192,CA3412,ZH9112,06:25:00,11:55:00,2020-07-29 15:30:37,4.9,1350,30
3252,CA3412,ZH9112,06:25:00,11:55:00,2020-07-30 14:07:52,4.9,1350,29
3312,CA3412,ZH9112,06:25:00,11:55:00,2020-07-31 14:12:29,4.9,1350,28
3372,CA3412,ZH9112,06:25:00,11:55:00,2020-08-01 15:27:07,4.9,1350,27
3432,CA3412,ZH9112,06:25:00,11:55:00,2020-08-02 16:54:02,4.9,1350,26
3492,CA3412,ZH9112,06:25:00,11:55:00,2020-08-03 13:08:47,4.9,1350,25
3552,CA3412,ZH9112,06:25:00,11:55:00,2020-08-04 14:16:08,4.9,1350,24
3612,CA3412,ZH9112,06:25:00,11:55:00,2020-08-05 15:47:43,4.9,1350,23
3672,CA3412,ZH9112,06:25:00,11:55:00,2020-08-06 14:23:57,1.8,500,22
3732,CA3412,ZH9112,06:25:00,11:55:00,2020-08-07 14:13:11,1.8,500,21
3796,CA3412,ZH9112,06:25:00,11:55:00,2020-08-08 15:44:50,1.8,500,20
3852,CA3412,ZH9112,06:25:00,11:55:00,2020-08-09 15:20:46,1.8,500,19
3912,CA3412,ZH9112,06:25:00,11:55:00,2020-08-10 16:35:27,1.8,500,18
3972,CA3412,ZH9112,06:25:00,11:55:00,2020-08-11 15:06:30,1.8,500,17
4032,CA3412,ZH9112,06:25:00,11:55:00,2020-08-12 14:13:29,1.8,500,16
4092,CA3412,ZH9112,06:25:00,11:55:00,2020-08-13 15:03:09,1.8,500,15
4152,CA3412,ZH9112,06:25:00,11:55:00,2020-08-14 15:33:01,1.6,450,14
4212,CA3412,ZH9112,06:25:00,11:55:00,2020-08-15 15:02:10,1.6,450,13
4272,CA3412,ZH9112,06:25:00,11:55:00,2020-08-16 15:03:44,1.6,450,12
4332,CA3412,ZH9112,06:25:00,11:55:00,2020-08-17 15:16:17,1.6,450,11
4392,CA3412,ZH9112,06:25:00,11:55:00,2020-08-18 14:08:13,1.8,500,10
4457,CA3412,ZH9112,06:25:00,11:55:00,2020-08-19 14:10:15,1.5,407,9
4513,CA3412,ZH9112,06:25:00,11:55:00,2020-08-20 15:16:05,1.5,400,8
4573,CA3412,ZH9112,06:25:00,11:55:00,2020-08-21 16:48:23,1.5,400,7
4632,CA3412,ZH9112,06:25:00,11:55:00,2020-08-22 14:59:27,1.5,400,6
4692,CA3412,ZH9112,06:25:00,11:55:00,2020-08-23 14:35:16,1.5,400,5
4755,CA3412,ZH9112,06:25:00,11:55:00,2020-08-24 17:52:36,1.5,400,4
4812,CA3412,ZH9112,06:25:00,11:55:00,2020-08-25 15:25:30,1.5,400,3
4872,CA3412,ZH9112,06:25:00,11:55:00,2020-08-26 16:30:17,1.9,509,2
4932,CA3412,ZH9112,06:25:00,11:55:00,2020-08-27 14:29:32,4.9,1350,1
4992,CA3412,ZH9112,06:25:00,11:55:00,2020-08-28 14:20:23,4.9,1350,0
2387,CA3414,ZH9114,07:45:00,10:55:00,2020-07-14 15:56:48,3.5,950,45
2448,CA3414,ZH9114,07:45:00,10:55:00,2020-07-15 15:28:22,3.5,950,44
2512,CA3414,ZH9114,07:45:00,10:55:00,2020-07-16 15:24:07,3.5,950,43
2529,CA3414,ZH9114,07:45:00,10:55:00,2020-07-17 16:37:59,3.5,950,42
2630,CA3414,ZH9114,07:45:00,10:55:00,2020-07-18 17:29:09,3.5,950,41
2689,CA3414,ZH9114,07:45:00,10:55:00,2020-07-19 14:11:51,3.5,950,40
2749,CA3414,ZH9114,07:45:00,10:55:00,2020-07-20 15:22:55,3.5,950,39
2769,CA3414,ZH9114,07:45:00,10:55:00,2020-07-21 14:58:28,3.5,950,38
2869,CA3414,ZH9114,07:45:00,10:55:00,2020-07-22 15:03:32,3.5,950,37
2924,CA3414,ZH9114,07:45:00,10:55:00,2020-07-23 14:09:09,2.5,690,36
2985,CA3414,ZH9114,07:45:00,10:55:00,2020-07-24 14:09:38,2.5,690,35
3037,CA3414,ZH9114,07:45:00,10:55:00,2020-07-26 14:09:26,2.5,690,33
3101,CA3414,ZH9114,07:45:00,10:55:00,2020-07-27 15:41:35,2.5,690,32
3156,CA3414,ZH9114,07:45:00,10:55:00,2020-07-28 16:49:36,2.5,690,31
3217,CA3414,ZH9114,07:45:00,10:55:00,2020-07-29 15:30:37,2.5,690,30
3276,CA3414,ZH9114,07:45:00,10:55:00,2020-07-30 14:07:52,2.5,690,29
3336,CA3414,ZH9114,07:45:00,10:55:00,2020-07-31 14:12:29,2.5,690,28
3399,CA3414,ZH9114,07:45:00,10:55:00,2020-08-01 15:27:07,2.5,690,27
3456,CA3414,ZH9114,07:45:00,10:55:00,2020-08-02 16:54:02,2.5,690,26
3517,CA3414,ZH9114,07:45:00,10:55:00,2020-08-03 13:08:47,2.0,550,25
3576,CA3414,ZH9114,07:45:00,10:55:00,2020-08-04 14:16:08,2.0,550,24
3636,CA3414,ZH9114,07:45:00,10:55:00,2020-08-05 15:47:43,1.8,500,23
3701,CA3414,ZH9114,07:45:00,10:55:00,2020-08-06 14:23:57,1.8,500,22
3756,CA3414,ZH9114,07:45:00,10:55:00,2020-08-07 14:13:11,1.8,500,21
3772,CA3414,ZH9114,07:45:00,10:55:00,2020-08-08 15:44:50,1.8,500,20
3876,CA3414,ZH9114,07:45:00,10:55:00,2020-08-09 15:20:46,1.8,500,19
3936,CA3414,ZH9114,07:45:00,10:55:00,2020-08-10 16:35:27,1.8,500,18
3999,CA3414,ZH9114,07:45:00,10:55:00,2020-08-11 15:06:30,1.8,500,17
4057,CA3414,ZH9114,07:45:00,10:55:00,2020-08-12 14:13:29,1.8,500,16
4116,CA3414,ZH9114,07:45:00,10:55:00,2020-08-13 15:03:09,1.8,500,15
4178,CA3414,ZH9114,07:45:00,10:55:00,2020-08-14 15:33:01,1.8,500,14
4236,CA3414,ZH9114,07:45:00,10:55:00,2020-08-15 15:02:10,1.8,500,13
4296,CA3414,ZH9114,07:45:00,10:55:00,2020-08-16 15:03:44,1.8,500,12
4359,CA3414,ZH9114,07:45:00,10:55:00,2020-08-17 15:16:17,1.8,500,11
4416,CA3414,ZH9114,07:45:00,10:55:00,2020-08-18 14:08:13,1.8,500,10
4432,CA3414,ZH9114,07:45:00,10:55:00,2020-08-19 14:10:15,1.8,500,9
4538,CA3414,ZH9114,07:45:00,10:55:00,2020-08-20 15:16:05,1.8,500,8
4598,CA3414,ZH9114,07:45:00,10:55:00,2020-08-21 16:48:23,1.8,500,7
4657,CA3414,ZH9114,07:45:00,10:55:00,2020-08-22 14:59:27,1.8,500,6
4664,CA3414,ZH9114,07:45:00,10:55:00,2020-08-23 14:35:16,1.8,500,5
4731,CA3414,ZH9114,07:45:00,10:55:00,2020-08-24 17:52:36,1.8,500,4
4838,CA3414,ZH9114,07:45:00,10:55:00,2020-08-25 15:25:30,1.8,500,3
4896,CA3414,ZH9114,07:45:00,10:55:00,2020-08-26 16:30:17,6.4,1760,2
4957,CA3414,ZH9114,07:45:00,10:55:00,2020-08-27 14:29:32,6.4,1760,1
5004,CA3414,ZH9114,07:45:00,10:55:00,2020-08-28 14:20:23,6.4,1760,0
2368,CZ3152,,13:00:00,16:25:00,2020-07-14 15:56:48,4.9,1350,45
2429,CZ3152,,13:00:00,16:25:00,2020-07-15 15:28:22,4.9,1339,44
2493,CZ3152,,13:00:00,16:25:00,2020-07-16 15:24:07,4.9,1339,43
2548,CZ3152,,13:00:00,16:25:00,2020-07-17 16:37:59,4.9,1340,42
2611,CZ3152,,13:00:00,16:25:00,2020-07-18 17:29:09,4.9,1339,41
2670,CZ3152,,13:00:00,16:25:00,2020-07-19 14:11:51,4.9,1339,40
2730,CZ3152,,13:00:00,16:25:00,2020-07-20 15:22:55,4.9,1339,39
2805,CZ3152,,13:00:00,16:25:00,2020-07-21 14:58:28,4.9,1340,38
2850,CZ3152,,13:00:00,16:25:00,2020-07-22 15:03:32,4.9,1350,37
2905,CZ3152,,13:00:00,16:25:00,2020-07-23 14:09:09,4.9,1337,36
2968,CZ3152,,13:00:00,16:25:00,2020-07-24 14:09:38,4.9,1337,35
3019,CZ3152,,13:00:00,16:25:00,2020-07-26 14:09:26,4.9,1337,33
3081,CZ3152,,13:00:00,16:25:00,2020-07-27 15:41:35,4.9,1340,32
3136,CZ3152,,13:00:00,16:25:00,2020-07-28 16:49:36,4.9,1337,31
3196,CZ3152,,13:00:00,16:25:00,2020-07-29 15:30:37,4.9,1336,30
3255,CZ3152,,13:00:00,16:25:00,2020-07-30 14:07:52,2.0,543,29
3315,CZ3152,,13:00:00,16:25:00,2020-07-31 14:12:29,2.0,550,28
3378,CZ3152,,13:00:00,16:25:00,2020-08-01 15:27:07,2.0,550,27
3435,CZ3152,,13:00:00,16:25:00,2020-08-02 16:54:02,2.0,537,26
3496,CZ3152,,13:00:00,16:25:00,2020-08-03 13:08:47,2.0,537,25
3555,CZ3152,,13:00:00,16:25:00,2020-08-04 14:16:08,2.0,538,24
3615,CZ3152,,13:00:00,16:25:00,2020-08-05 15:47:43,2.0,550,23
3679,CZ3152,,13:00:00,16:25:00,2020-08-06 14:23:57,2.0,537,22
3736,CZ3152,,13:00:00,16:25:00,2020-08-07 14:13:11,2.0,538,21
3792,CZ3152,,13:00:00,16:25:00,2020-08-08 15:44:50,2.0,537,20
3855,CZ3152,,13:00:00,16:25:00,2020-08-09 15:20:46,2.0,550,19
3915,CZ3152,,13:00:00,16:25:00,2020-08-10 16:35:27,1.9,536,18
3978,CZ3152,,13:00:00,16:25:00,2020-08-11 15:06:30,1.9,535,17
4036,CZ3152,,13:00:00,16:25:00,2020-08-12 14:13:29,1.9,536,16
4095,CZ3152,,13:00:00,16:25:00,2020-08-13 15:03:09,2.0,550,15
4157,CZ3152,,13:00:00,16:25:00,2020-08-14 15:33:01,1.9,520,14
4215,CZ3152,,13:00:00,16:25:00,2020-08-15 15:02:10,1.7,478,13
4275,CZ3152,,13:00:00,16:25:00,2020-08-16 15:03:44,1.9,520,12
4338,CZ3152,,13:00:00,16:25:00,2020-08-17 15:16:17,1.9,520,11
4396,CZ3152,,13:00:00,16:25:00,2020-08-18 14:08:13,1.7,478,10
4453,CZ3152,,13:00:00,16:25:00,2020-08-19 14:10:15,1.9,520,9
4517,CZ3152,,13:00:00,16:25:00,2020-08-20 15:16:05,1.7,478,8
4577,CZ3152,,13:00:00,16:25:00,2020-08-21 16:48:23,1.9,520,7
4636,CZ3152,,13:00:00,16:25:00,2020-08-22 14:59:27,1.8,488,6
4696,CZ3152,,13:00:00,16:25:00,2020-08-23 14:35:16,1.8,488,5
4752,CZ3152,,13:00:00,16:25:00,2020-08-24 17:52:36,1.9,520,4
4817,CZ3152,,13:00:00,16:25:00,2020-08-25 15:25:30,1.8,494,3
4876,CZ3152,,13:00:00,16:25:00,2020-08-26 16:30:17,5.8,1594,2
4936,CZ3152,,13:00:00,16:25:00,2020-08-27 14:29:32,5.9,1630,1
4996,CZ3152,,13:00:00,16:25:00,2020-08-28 14:20:23,6.7,1854,0
3110,CZ3156,,09:00:00,12:25:00,2020-07-28 16:49:36,3.0,823,31
3170,CZ3156,,09:00:00,12:25:00,2020-07-29 15:30:37,3.0,823,30
3230,CZ3156,,09:00:00,12:25:00,2020-07-30 14:07:52,3.0,823,29
3290,CZ3156,,09:00:00,12:25:00,2020-07-31 14:12:29,3.0,830,28
3350,CZ3156,,09:00:00,12:30:00,2020-08-01 15:27:07,3.0,830,27
3410,CZ3156,,09:00:00,12:30:00,2020-08-02 16:54:02,3.0,816,26
3470,CZ3156,,09:00:00,12:30:00,2020-08-03 13:08:47,2.0,538,25
3530,CZ3156,,09:00:00,12:30:00,2020-08-04 14:16:08,2.0,538,24
3590,CZ3156,,09:00:00,12:30:00,2020-08-05 15:47:43,2.0,550,23
3650,CZ3156,,09:00:00,12:30:00,2020-08-06 14:23:57,2.0,537,22
3710,CZ3156,,09:00:00,12:30:00,2020-08-07 14:13:11,2.0,538,21
3818,CZ3156,,09:00:00,12:30:00,2020-08-08 15:44:50,2.0,537,20
3830,CZ3156,,09:00:00,12:30:00,2020-08-09 15:20:46,2.0,550,19
3890,CZ3156,,09:00:00,12:30:00,2020-08-10 16:35:27,1.9,536,18
3950,CZ3156,,09:00:00,12:30:00,2020-08-11 15:06:30,1.9,535,17
4010,CZ3156,,09:00:00,12:30:00,2020-08-12 14:13:29,1.9,536,16
4070,CZ3156,,09:00:00,12:30:00,2020-08-13 15:03:09,2.0,550,15
4130,CZ3156,,09:00:00,12:30:00,2020-08-14 15:33:01,1.9,520,14
4190,CZ3156,,09:00:00,12:30:00,2020-08-15 15:02:10,1.7,478,13
4250,CZ3156,,09:00:00,12:30:00,2020-08-16 15:03:44,1.9,520,12
4310,CZ3156,,09:00:00,12:30:00,2020-08-17 15:16:17,1.9,520,11
4370,CZ3156,,09:00:00,12:30:00,2020-08-18 14:08:13,1.7,478,10
4479,CZ3156,,09:00:00,12:30:00,2020-08-19 14:10:15,1.9,520,9
4491,CZ3156,,09:00:00,12:30:00,2020-08-20 15:16:05,1.7,478,8
4551,CZ3156,,09:00:00,12:30:00,2020-08-21 16:48:23,1.9,520,7
4610,CZ3156,,09:00:00,12:30:00,2020-08-22 14:59:27,1.8,488,6
4670,CZ3156,,09:00:00,12:30:00,2020-08-23 14:35:16,1.8,488,5
4777,CZ3156,,09:00:00,12:30:00,2020-08-24 17:52:36,1.9,520,4
4790,CZ3156,,09:00:00,12:30:00,2020-08-25 15:25:30,1.8,494,3
4850,CZ3156,,09:00:00,12:30:00,2020-08-26 16:30:17,5.8,1594,2
4910,CZ3156,,09:00:00,12:30:00,2020-08-27 14:29:32,5.9,1630,1
4970,CZ3156,,09:00:00,12:30:00,2020-08-28 14:20:23,6.7,1854,0
2392,CZ3160,,15:15:00,18:30:00,2020-07-14 15:56:48,4.9,1350,45
2453,CZ3160,,15:15:00,18:30:00,2020-07-15 15:28:22,4.9,1339,44
2517,CZ3160,,15:15:00,18:30:00,2020-07-16 15:24:07,4.9,1339,43
2524,CZ3160,,15:15:00,18:30:00,2020-07-17 16:37:59,4.9,1340,42
2635,CZ3160,,15:15:00,18:30:00,2020-07-18 17:29:09,4.9,1339,41
2694,CZ3160,,15:15:00,18:30:00,2020-07-19 14:11:51,4.9,1339,40
2754,CZ3160,,15:15:00,18:30:00,2020-07-20 15:22:55,4.9,1339,39
2764,CZ3160,,15:15:00,18:30:00,2020-07-21 14:58:28,4.9,1340,38
2874,CZ3160,,15:15:00,18:30:00,2020-07-22 15:03:32,4.9,1350,37
2929,CZ3160,,15:15:00,18:30:00,2020-07-23 14:09:09,4.9,1337,36
2990,CZ3160,,15:15:00,18:30:00,2020-07-24 14:09:38,4.9,1337,35
3042,CZ3160,,15:15:00,18:30:00,2020-07-26 14:09:26,4.9,1337,33
3050,CZ3160,,15:15:00,18:30:00,2020-07-27 15:41:35,4.9,1340,32
3161,CZ3160,,15:15:00,18:30:00,2020-07-28 16:49:36,4.9,1337,31
3222,CZ3160,,15:15:00,18:30:00,2020-07-29 15:30:37,4.9,1336,30
3281,CZ3160,,15:15:00,18:30:00,2020-07-30 14:07:52,2.0,543,29
3341,CZ3160,,15:15:00,18:30:00,2020-07-31 14:12:29,2.0,550,28
3344,CZ3160,,15:15:00,18:30:00,2020-08-01 15:27:07,2.0,550,27
3461,CZ3160,,15:15:00,18:30:00,2020-08-02 16:54:02,2.0,537,26
3522,CZ3160,,15:15:00,18:30:00,2020-08-03 13:08:47,2.0,537,25
3581,CZ3160,,15:15:00,18:30:00,2020-08-04 14:16:08,2.0,538,24
3641,CZ3160,,15:15:00,18:30:00,2020-08-05 15:47:43,2.0,550,23
3675,CZ3160,,15:15:00,18:30:00,2020-08-06 14:23:57,2.0,537,22
3761,CZ3160,,15:15:00,18:30:00,2020-08-07 14:13:11,2.0,538,21
3777,CZ3160,,15:15:00,18:30:00,2020-08-08 15:44:50,2.0,537,20
3881,CZ3160,,15:15:00,18:30:00,2020-08-09 15:20:46,2.0,550,19
3941,CZ3160,,15:15:00,18:30:00,2020-08-10 16:35:27,1.9,536,18
3944,CZ3160,,15:15:00,18:30:00,2020-08-11 15:06:30,1.9,535,17
4062,CZ3160,,15:15:00,18:30:00,2020-08-12 14:13:29,1.9,536,16
4121,CZ3160,,15:15:00,18:30:00,2020-08-13 15:03:09,2.0,550,15
4183,CZ3160,,15:15:00,18:30:00,2020-08-14 15:33:01,1.9,520,14
4241,CZ3160,,15:15:00,18:30:00,2020-08-15 15:02:10,1.7,478,13
4301,CZ3160,,15:15:00,18:30:00,2020-08-16 15:03:44,1.9,520,12
4304,CZ3160,,15:15:00,18:30:00,2020-08-17 15:16:17,1.9,520,11
4421,CZ3160,,15:15:00,18:30:00,2020-08-18 14:08:13,1.7,478,10
4427,CZ3160,,15:15:00,18:30:00,2020-08-19 14:10:15,1.9,520,9
4484,CZ3160,,15:15:00,18:30:00,2020-08-20 15:16:05,1.7,478,8
4603,CZ3160,,15:15:00,18:30:00,2020-08-21 16:48:23,1.9,520,7
4662,CZ3160,,15:15:00,18:30:00,2020-08-22 14:59:27,1.8,488,6
4721,CZ3160,,15:15:00,18:30:00,2020-08-23 14:35:16,1.8,488,5
4726,CZ3160,,15:15:00,18:30:00,2020-08-24 17:52:36,1.9,520,4
4843,CZ3160,,15:15:00,18:30:00,2020-08-25 15:25:30,1.8,494,3
4901,CZ3160,,15:15:00,18:30:00,2020-08-26 16:30:17,5.8,1594,2
4962,CZ3160,,15:15:00,18:30:00,2020-08-27 14:29:32,5.9,1630,1
5022,CZ3160,,15:15:00,18:30:00,2020-08-28 14:20:23,6.7,1854,0
2376,CZ3190,,20:00:00,23:30:00,2020-07-14 15:56:48,4.9,1350,45
2437,CZ3190,,20:00:00,23:30:00,2020-07-15 15:28:22,4.9,1339,44
2501,CZ3190,,20:00:00,23:30:00,2020-07-16 15:24:07,4.9,1339,43
2540,CZ3190,,20:00:00,23:30:00,2020-07-17 16:37:59,4.9,1340,42
2619,CZ3190,,20:00:00,23:30:00,2020-07-18 17:29:09,4.9,1339,41
2678,CZ3190,,20:00:00,23:30:00,2020-07-19 14:11:51,4.9,1339,40
2738,CZ3190,,20:00:00,23:30:00,2020-07-20 15:22:55,4.9,1339,39
2813,CZ3190,,20:00:00,23:30:00,2020-07-21 14:58:28,4.9,1340,38
2858,CZ3190,,20:00:00,23:30:00,2020-07-22 15:03:32,4.9,1350,37
2913,CZ3190,,20:00:00,23:30:00,2020-07-23 14:09:09,4.9,1337,36
2939,CZ3190,,20:00:00,23:30:00,2020-07-24 14:09:38,4.9,1337,35
3027,CZ3190,,20:00:00,23:30:00,2020-07-26 14:09:26,4.9,1337,33
3090,CZ3190,,20:00:00,23:30:00,2020-07-27 15:41:35,4.9,1340,32
3144,CZ3190,,20:00:00,23:30:00,2020-07-28 16:49:36,4.9,1337,31
3205,CZ3190,,20:00:00,23:30:00,2020-07-29 15:30:37,4.9,1336,30
3264,CZ3190,,20:00:00,23:30:00,2020-07-30 14:07:52,2.0,543,29
3324,CZ3190,,20:00:00,23:30:00,2020-07-31 14:12:29,2.0,550,28
3387,CZ3190,,20:00:00,23:30:00,2020-08-01 15:27:07,2.0,550,27
3444,CZ3190,,20:00:00,23:30:00,2020-08-02 16:54:02,2.0,537,26
3505,CZ3190,,20:00:00,23:30:00,2020-08-03 13:08:47,2.0,537,25
3564,CZ3190,,20:00:00,23:30:00,2020-08-04 14:16:08,2.0,538,24
3624,CZ3190,,20:00:00,23:30:00,2020-08-05 15:47:43,1.8,500,23
3689,CZ3190,,20:00:00,23:30:00,2020-08-06 14:23:57,1.8,487,22
3745,CZ3190,,20:00:00,23:30:00,2020-08-07 14:13:11,1.8,488,21
3783,CZ3190,,20:00:00,23:30:00,2020-08-08 15:44:50,1.8,487,20
3864,CZ3190,,20:00:00,23:30:00,2020-08-09 15:20:46,1.8,500,19
3924,CZ3190,,20:00:00,23:30:00,2020-08-10 16:35:27,1.8,486,18
3987,CZ3190,,20:00:00,23:30:00,2020-08-11 15:06:30,1.8,484,17
4045,CZ3190,,20:00:00,23:30:00,2020-08-12 14:13:29,1.8,486,16
4104,CZ3190,,20:00:00,23:30:00,2020-08-13 15:03:09,1.8,500,15
4166,CZ3190,,20:00:00,23:30:00,2020-08-14 15:33:01,1.8,500,14
4224,CZ3190,,20:00:00,23:30:00,2020-08-15 15:02:10,1.7,464,13
4284,CZ3190,,20:00:00,23:30:00,2020-08-16 15:03:44,1.8,500,12
4347,CZ3190,,20:00:00,23:30:00,2020-08-17 15:16:17,1.8,500,11
4404,CZ3190,,20:00:00,23:30:00,2020-08-18 14:08:13,1.7,464,10
4444,CZ3190,,20:00:00,23:30:00,2020-08-19 14:10:15,1.8,500,9
4526,CZ3190,,20:00:00,23:30:00,2020-08-20 15:16:05,1.7,464,8
4586,CZ3190,,20:00:00,23:30:00,2020-08-21 16:48:23,1.8,500,7
4645,CZ3190,,20:00:00,23:30:00,2020-08-22 14:59:27,1.7,477,6
4705,CZ3190,,20:00:00,23:30:00,2020-08-23 14:35:16,1.7,477,5
4743,CZ3190,,20:00:00,23:30:00,2020-08-24 17:52:36,1.8,500,4
4826,CZ3190,,20:00:00,23:30:00,2020-08-25 15:25:30,1.7,474,3
4884,CZ3190,,20:00:00,23:30:00,2020-08-26 16:30:17,5.2,1427,2
4945,CZ3190,,20:00:00,23:30:00,2020-08-27 14:29:32,5.3,1470,1
5016,CZ3190,,20:00:00,23:30:00,2020-08-28 14:20:23,5.7,1574,0
5037,CZ3190,,20:00:00,23:30:00,2020-08-29 14:31:21,5.8,1605,0
3086,CZ3192,,10:00:00,13:25:00,2020-07-27 15:41:35,3.0,825,32
3104,CZ3192,,10:00:00,13:25:00,2020-07-28 16:49:36,3.0,823,31
3201,CZ3192,,10:00:00,13:25:00,2020-07-29 15:30:37,3.0,823,30
3260,CZ3192,,10:00:00,13:25:00,2020-07-30 14:07:52,3.0,823,29
3320,CZ3192,,10:00:00,13:25:00,2020-07-31 14:12:29,3.0,830,28
3383,CZ3192,,10:00:00,13:25:00,2020-08-01 15:27:07,3.0,830,27
3440,CZ3192,,10:00:00,13:25:00,2020-08-02 16:54:02,3.0,816,26
3501,CZ3192,,10:00:00,13:25:00,2020-08-03 13:08:47,2.0,538,25
3560,CZ3192,,10:00:00,13:25:00,2020-08-04 14:16:08,2.0,538,24
3620,CZ3192,,10:00:00,13:25:00,2020-08-05 15:47:43,2.0,550,23
3685,CZ3192,,10:00:00,13:25:00,2020-08-06 14:23:57,2.0,537,22
3741,CZ3192,,10:00:00,13:25:00,2020-08-07 14:13:11,2.0,538,21
3787,CZ3192,,10:00:00,13:25:00,2020-08-08 15:44:50,2.0,537,20
3860,CZ3192,,10:00:00,13:25:00,2020-08-09 15:20:46,2.0,550,19
3920,CZ3192,,10:00:00,13:25:00,2020-08-10 16:35:27,1.9,536,18
3983,CZ3192,,10:00:00,13:25:00,2020-08-11 15:06:30,1.9,535,17
4041,CZ3192,,10:00:00,13:25:00,2020-08-12 14:13:29,1.9,536,16
4100,CZ3192,,10:00:00,13:25:00,2020-08-13 15:03:09,2.0,550,15
4162,CZ3192,,10:00:00,13:25:00,2020-08-14 15:33:01,1.9,520,14
4220,CZ3192,,10:00:00,13:25:00,2020-08-15 15:02:10,1.7,478,13
4280,CZ3192,,10:00:00,13:25:00,2020-08-16 15:03:44,1.9,520,12
4343,CZ3192,,10:00:00,13:25:00,2020-08-17 15:16:17,1.9,520,11
4401,CZ3192,,10:00:00,13:25:00,2020-08-18 14:08:13,1.7,478,10
4448,CZ3192,,10:00:00,13:25:00,2020-08-19 14:10:15,1.9,520,9
4522,CZ3192,,10:00:00,13:25:00,2020-08-20 15:16:05,1.7,478,8
4582,CZ3192,,10:00:00,13:25:00,2020-08-21 16:48:23,1.9,520,7
4641,CZ3192,,10:00:00,13:25:00,2020-08-22 14:59:27,1.8,488,6
4701,CZ3192,,10:00:00,13:25:00,2020-08-23 14:35:16,1.8,488,5
4747,CZ3192,,10:00:00,13:25:00,2020-08-24 17:52:36,1.9,520,4
4822,CZ3192,,10:00:00,13:25:00,2020-08-25 15:25:30,1.8,494,3
4881,CZ3192,,10:00:00,13:25:00,2020-08-26 16:30:17,5.8,1594,2
4941,CZ3192,,10:00:00,13:25:00,2020-08-27 14:29:32,5.9,1630,1
5019,CZ3192,,10:00:00,13:25:00,2020-08-28 14:20:23,6.7,1854,0
2386,CZ3256,,07:55:00,12:50:00,2020-07-14 15:56:48,3.0,830,45
2447,CZ3256,,07:55:00,12:50:00,2020-07-15 15:28:22,3.0,823,44
2511,CZ3256,,07:55:00,12:50:00,2020-07-16 15:24:07,3.0,823,43
2530,CZ3256,,07:55:00,12:50:00,2020-07-17 16:37:59,2.5,684,42
2629,CZ3256,,07:55:00,12:50:00,2020-07-18 17:29:09,2.5,683,41
2688,CZ3256,,07:55:00,12:50:00,2020-07-19 14:11:51,2.5,683,40
2748,CZ3256,,07:55:00,12:50:00,2020-07-20 15:22:55,2.5,683,39
2770,CZ3256,,07:55:00,12:50:00,2020-07-21 14:58:28,2.5,684,38
2868,CZ3256,,07:55:00,12:50:00,2020-07-22 15:03:32,2.5,690,37
2923,CZ3256,,07:55:00,12:50:00,2020-07-23 14:09:09,2.5,683,36
2984,CZ3256,,07:55:00,12:50:00,2020-07-24 14:09:38,2.5,683,35
3036,CZ3256,,07:55:00,12:50:00,2020-07-26 14:09:26,2.5,683,33
3100,CZ3256,,07:55:00,12:50:00,2020-07-27 15:41:35,2.5,685,32
3155,CZ3256,,07:55:00,12:50:00,2020-07-28 16:49:36,2.5,683,31
3216,CZ3256,,07:55:00,12:50:00,2020-07-29 15:30:37,2.5,683,30
3275,CZ3256,,07:55:00,12:50:00,2020-07-30 14:07:52,2.0,543,29
3335,CZ3256,,07:55:00,12:50:00,2020-07-31 14:12:29,1.8,500,28
3398,CZ3256,,07:55:00,12:50:00,2020-08-01 15:27:07,1.9,509,27
3455,CZ3256,,07:55:00,12:50:00,2020-08-02 16:54:02,1.8,486,26
3516,CZ3256,,07:55:00,12:50:00,2020-08-03 13:08:47,1.8,486,25
3575,CZ3256,,07:55:00,12:50:00,2020-08-04 14:16:08,1.8,486,24
3635,CZ3256,,07:55:00,12:50:00,2020-08-05 15:47:43,1.8,500,23
3700,CZ3256,,07:55:00,12:50:00,2020-08-06 14:23:57,1.8,487,22
3755,CZ3256,,07:55:00,12:50:00,2020-08-07 14:13:11,1.8,488,21
3771,CZ3256,,07:55:00,12:50:00,2020-08-08 15:44:50,1.8,487,20
3875,CZ3256,,07:55:00,12:50:00,2020-08-09 15:20:46,1.8,500,19
3935,CZ3256,,07:55:00,12:50:00,2020-08-10 16:35:27,1.8,486,18
3998,CZ3256,,07:55:00,12:50:00,2020-08-11 15:06:30,1.6,437,17
4056,CZ3256,,07:55:00,12:50:00,2020-08-12 14:13:29,1.6,437,16
4115,CZ3256,,07:55:00,12:50:00,2020-08-13 15:03:09,1.6,450,15
4177,CZ3256,,07:55:00,12:50:00,2020-08-14 15:33:01,1.6,450,14
4235,CZ3256,,07:55:00,12:50:00,2020-08-15 15:02:10,1.6,435,13
4295,CZ3256,,07:55:00,12:50:00,2020-08-16 15:03:44,1.6,450,12
4358,CZ3256,,07:55:00,12:50:00,2020-08-17 15:16:17,1.6,450,11
4415,CZ3256,,07:55:00,12:50:00,2020-08-18 14:08:13,1.6,429,10
4433,CZ3256,,07:55:00,12:50:00,2020-08-19 14:10:15,1.6,450,9
4537,CZ3256,,07:55:00,12:50:00,2020-08-20 15:16:05,1.6,429,8
4597,CZ3256,,07:55:00,12:50:00,2020-08-21 16:48:23,1.6,450,7
4656,CZ3256,,07:55:00,12:50:00,2020-08-22 14:59:27,1.6,428,6
4716,CZ3256,,07:55:00,12:50:00,2020-08-23 14:35:16,1.6,434,5
4732,CZ3256,,07:55:00,12:50:00,2020-08-24 17:52:36,1.6,450,4
4837,CZ3256,,07:55:00,12:50:00,2020-08-25 15:25:30,1.5,424,3
4895,CZ3256,,07:55:00,12:50:00,2020-08-26 16:30:17,3.7,1026,2
4956,CZ3256,,07:55:00,12:50:00,2020-08-27 14:29:32,4.9,1350,1
5005,CZ3256,,07:55:00,12:50:00,2020-08-28 14:20:23,4.7,1302,0
2378,CZ3961,,17:00:00,20:35:00,2020-07-14 15:56:48,4.9,1350,45
2439,CZ3961,,17:00:00,20:35:00,2020-07-15 15:28:22,4.9,1339,44
2503,CZ3961,,17:00:00,20:35:00,2020-07-16 15:24:07,4.9,1339,43
2538,CZ3961,,17:00:00,20:35:00,2020-07-17 16:37:59,4.9,1340,42
2621,CZ3961,,17:00:00,20:35:00,2020-07-18 17:29:09,4.9,1339,41
2680,CZ3961,,17:00:00,20:35:00,2020-07-19 14:11:51,4.9,1339,40
2740,CZ3961,,17:00:00,20:35:00,2020-07-20 15:22:55,4.9,1339,39
2815,CZ3961,,17:00:00,20:35:00,2020-07-21 14:58:28,4.9,1340,38
2860,CZ3961,,17:00:00,20:35:00,2020-07-22 15:03:32,4.9,1350,37
2915,CZ3961,,17:00:00,20:35:00,2020-07-23 14:09:09,4.9,1337,36
2977,CZ3961,,17:00:00,20:35:00,2020-07-24 14:09:38,4.9,1337,35
3029,CZ3961,,17:00:00,20:35:00,2020-07-26 14:09:26,4.9,1337,33
3092,CZ3961,,17:00:00,20:35:00,2020-07-27 15:41:35,4.9,1340,32
3146,CZ3961,,17:00:00,20:35:00,2020-07-28 16:49:36,4.9,1337,31
3207,CZ3961,,17:00:00,20:35:00,2020-07-29 15:30:37,4.9,1336,30
3266,CZ3961,,17:00:00,20:35:00,2020-07-30 14:07:52,2.0,543,29
3326,CZ3961,,17:00:00,20:35:00,2020-07-31 14:12:29,2.0,550,28
3389,CZ3961,,17:00:00,20:35:00,2020-08-01 15:27:07,2.0,550,27
3446,CZ3961,,17:00:00,20:35:00,2020-08-02 16:54:02,2.0,537,26
3507,CZ3961,,17:00:00,20:35:00,2020-08-03 13:08:47,2.0,537,25
3566,CZ3961,,17:00:00,20:35:00,2020-08-04 14:16:08,2.0,538,24
3626,CZ3961,,17:00:00,20:35:00,2020-08-05 15:47:43,2.0,550,23
3691,CZ3961,,17:00:00,20:35:00,2020-08-06 14:23:57,2.0,537,22
3747,CZ3961,,17:00:00,20:35:00,2020-08-07 14:13:11,2.0,538,21
3781,CZ3961,,17:00:00,20:35:00,2020-08-08 15:44:50,2.0,537,20
3866,CZ3961,,17:00:00,20:35:00,2020-08-09 15:20:46,2.0,550,19
3926,CZ3961,,17:00:00,20:35:00,2020-08-10 16:35:27,1.9,536,18
3989,CZ3961,,17:00:00,20:35:00,2020-08-11 15:06:30,1.9,535,17
4047,CZ3961,,17:00:00,20:35:00,2020-08-12 14:13:29,1.9,536,16
4106,CZ3961,,17:00:00,20:35:00,2020-08-13 15:03:09,2.0,550,15
4168,CZ3961,,17:00:00,20:35:00,2020-08-14 15:33:01,1.9,520,14
4226,CZ3961,,17:00:00,20:35:00,2020-08-15 15:02:10,1.7,478,13
4286,CZ3961,,17:00:00,20:35:00,2020-08-16 15:03:44,1.9,520,12
4349,CZ3961,,17:00:00,20:35:00,2020-08-17 15:16:17,1.9,520,11
4406,CZ3961,,17:00:00,20:35:00,2020-08-18 14:08:13,1.7,478,10
4442,CZ3961,,17:00:00,20:35:00,2020-08-19 14:10:15,1.9,520,9
4528,CZ3961,,17:00:00,20:35:00,2020-08-20 15:16:05,1.7,478,8
4588,CZ3961,,17:00:00,20:35:00,2020-08-21 16:48:23,1.9,520,7
4647,CZ3961,,17:00:00,20:35:00,2020-08-22 14:59:27,1.8,488,6
4707,CZ3961,,17:00:00,20:35:00,2020-08-23 14:35:16,1.8,488,5
4741,CZ3961,,17:00:00,20:35:00,2020-08-24 17:52:36,1.9,520,4
4828,CZ3961,,17:00:00,20:35:00,2020-08-25 15:25:30,1.8,494,3
4886,CZ3961,,17:00:00,20:35:00,2020-08-26 16:30:17,5.8,1594,2
4947,CZ3961,,17:00:00,20:35:00,2020-08-27 14:29:32,5.9,1630,1
5014,CZ3961,,17:00:00,20:35:00,2020-08-28 14:20:23,6.7,1854,0
5034,CZ3961,,17:00:00,20:35:00,2020-08-29 14:31:21,6.9,1885,0
2371,HU7701,,16:00:00,19:20:00,2020-07-14 15:56:48,4.2,1050,45
2432,HU7701,,16:00:00,19:20:00,2020-07-15 15:28:22,4.2,1040,44
2496,HU7701,,16:00:00,19:20:00,2020-07-16 15:24:07,4.2,1040,43
2545,HU7701,,16:00:00,19:20:00,2020-07-17 16:37:59,4.2,1050,42
2614,HU7701,,16:00:00,19:20:00,2020-07-18 17:29:09,4.2,1040,41
2673,HU7701,,16:00:00,19:20:00,2020-07-19 14:11:51,4.2,1040,40
2733,HU7701,,16:00:00,19:20:00,2020-07-20 15:22:55,4.2,1040,39
2808,HU7701,,16:00:00,19:20:00,2020-07-21 14:58:28,4.2,1040,38
2853,HU7701,,16:00:00,19:20:00,2020-07-22 15:03:32,4.2,1040,37
2908,HU7701,,16:00:00,19:20:00,2020-07-23 14:09:09,4.2,1040,36
2972,HU7701,,16:00:00,19:20:00,2020-07-24 14:09:38,4.2,1040,35
3023,HU7701,,16:00:00,19:20:00,2020-07-26 14:09:26,4.2,1040,33
3085,HU7701,,16:00:00,19:20:00,2020-07-27 15:41:35,4.2,1040,32
3139,HU7701,,16:00:00,19:20:00,2020-07-28 16:49:36,4.1,1035,31
3199,HU7701,,16:00:00,19:20:00,2020-07-29 15:30:37,4.2,1040,30
3258,HU7701,,16:00:00,19:20:00,2020-07-30 14:07:52,4.2,1040,29
3318,HU7701,,16:00:00,19:20:00,2020-07-31 14:12:29,4.2,1040,28
3381,HU7701,,16:00:00,19:20:00,2020-08-01 15:27:07,4.2,1040,27
3438,HU7701,,16:00:00,19:20:00,2020-08-02 16:54:02,3.3,830,26
3499,HU7701,,16:00:00,19:20:00,2020-08-03 13:08:47,4.2,1040,25
3558,HU7701,,16:00:00,19:20:00,2020-08-04 14:16:08,4.2,1040,24
3618,HU7701,,16:00:00,19:20:00,2020-08-05 15:47:43,4.2,1040,23
3682,HU7701,,16:00:00,19:20:00,2020-08-06 14:23:57,4.2,1040,22
3739,HU7701,,16:00:00,19:20:00,2020-08-07 14:13:11,4.1,1030,21
3789,HU7701,,16:00:00,19:20:00,2020-08-08 15:44:50,2.5,621,20
3858,HU7701,,16:00:00,19:20:00,2020-08-09 15:20:46,2.5,625,19
3918,HU7701,,16:00:00,19:20:00,2020-08-10 16:35:27,2.5,620,18
3981,HU7701,,16:00:00,19:20:00,2020-08-11 15:06:30,2.1,520,17
4039,HU7701,,16:00:00,19:20:00,2020-08-12 14:13:29,2.1,520,16
4098,HU7701,,16:00:00,19:20:00,2020-08-13 15:03:09,2.1,525,15
4160,HU7701,,16:00:00,19:20:00,2020-08-14 15:33:01,2.1,525,14
4218,HU7701,,16:00:00,19:20:00,2020-08-15 15:02:10,2.0,500,13
4278,HU7701,,16:00:00,19:20:00,2020-08-16 15:03:44,2.1,525,12
4341,HU7701,,16:00:00,19:20:00,2020-08-17 15:16:17,2.1,525,11
4399,HU7701,,16:00:00,19:20:00,2020-08-18 14:08:13,2.0,500,10
4450,HU7701,,16:00:00,19:20:00,2020-08-19 14:10:15,2.1,525,9
4520,HU7701,,16:00:00,19:20:00,2020-08-20 15:16:05,1.9,480,8
4580,HU7701,,16:00:00,19:20:00,2020-08-21 16:48:23,2.0,495,7
4639,HU7701,,16:00:00,19:20:00,2020-08-22 14:59:27,1.9,480,6
4699,HU7701,,16:00:00,19:20:00,2020-08-23 14:35:16,1.9,480,5
4749,HU7701,,16:00:00,19:20:00,2020-08-24 17:52:36,2.0,495,4
4820,HU7701,,16:00:00,19:20:00,2020-08-25 15:25:30,1.9,480,3
4879,HU7701,,16:00:00,19:20:00,2020-08-26 16:30:17,4.6,1140,2
4939,HU7701,,16:00:00,19:20:00,2020-08-27 14:29:32,5.4,1340,1
4999,HU7701,,16:00:00,19:20:00,2020-08-28 14:20:23,5.3,1333,0
5041,HU7701,,16:00:00,19:20:00,2020-08-29 14:31:21,6.0,1500,0
2347,HU7703,,07:35:00,11:00:00,2020-07-14 15:56:48,3.6,900,45
2408,HU7703,,07:35:00,11:00:00,2020-07-15 15:28:22,3.6,895,44
2468,HU7703,,07:35:00,11:00:00,2020-07-16 15:24:07,3.6,895,43
2382,HU7705,,15:00:00,18:30:00,2020-07-14 15:56:48,4.2,1050,45
2443,HU7705,,15:00:00,18:30:00,2020-07-15 15:28:22,4.2,1040,44
2507,HU7705,,15:00:00,18:30:00,2020-07-16 15:24:07,4.2,1040,43
2534,HU7705,,15:00:00,18:30:00,2020-07-17 16:37:59,4.2,1050,42
2625,HU7705,,15:00:00,18:30:00,2020-07-18 17:29:09,4.2,1040,41
2684,HU7705,,15:00:00,18:30:00,2020-07-19 14:11:51,4.2,1040,40
2744,HU7705,,15:00:00,18:30:00,2020-07-20 15:22:55,4.2,1040,39
2759,HU7705,,15:00:00,18:30:00,2020-07-21 14:58:28,4.2,1040,38
2864,HU7705,,15:00:00,18:30:00,2020-07-22 15:03:32,4.2,1040,37
2919,HU7705,,15:00:00,18:30:00,2020-07-23 14:09:09,4.2,1040,36
2981,HU7705,,15:00:00,18:30:00,2020-07-24 14:09:38,4.2,1040,35
3033,HU7705,,15:00:00,18:30:00,2020-07-26 14:09:26,4.2,1040,33
3097,HU7705,,15:00:00,18:30:00,2020-07-27 15:41:35,4.2,1040,32
3152,HU7705,,15:00:00,18:30:00,2020-07-28 16:49:36,4.1,1035,31
3213,HU7705,,15:00:00,18:30:00,2020-07-29 15:30:37,4.2,1040,30
3272,HU7705,,15:00:00,18:30:00,2020-07-30 14:07:52,4.2,1040,29
3332,HU7705,,15:00:00,18:30:00,2020-07-31 14:12:29,4.2,1040,28
3395,HU7705,,15:00:00,18:30:00,2020-08-01 15:27:07,4.2,1040,27
3452,HU7705,,15:00:00,18:30:00,2020-08-02 16:54:02,3.3,830,26
3513,HU7705,,15:00:00,18:30:00,2020-08-03 13:08:47,4.2,1040,25
3572,HU7705,,15:00:00,18:30:00,2020-08-04 14:16:08,4.2,1040,24
3632,HU7705,,15:00:00,18:30:00,2020-08-05 15:47:43,4.2,1040,23
3697,HU7705,,15:00:00,18:30:00,2020-08-06 14:23:57,4.2,1040,22
3752,HU7705,,15:00:00,18:30:00,2020-08-07 14:13:11,4.1,1030,21
3768,HU7705,,15:00:00,18:30:00,2020-08-08 15:44:50,2.0,491,20
3872,HU7705,,15:00:00,18:30:00,2020-08-09 15:20:46,2.0,495,19
3932,HU7705,,15:00:00,18:30:00,2020-08-10 16:35:27,2.0,490,18
3995,HU7705,,15:00:00,18:30:00,2020-08-11 15:06:30,2.0,490,17
4053,HU7705,,15:00:00,18:30:00,2020-08-12 14:13:29,2.0,492,16
4112,HU7705,,15:00:00,18:30:00,2020-08-13 15:03:09,2.0,495,15
4174,HU7705,,15:00:00,18:30:00,2020-08-14 15:33:01,2.0,495,14
4232,HU7705,,15:00:00,18:30:00,2020-08-15 15:02:10,1.9,480,13
4292,HU7705,,15:00:00,18:30:00,2020-08-16 15:03:44,2.1,525,12
4355,HU7705,,15:00:00,18:30:00,2020-08-17 15:16:17,2.1,525,11
4412,HU7705,,15:00:00,18:30:00,2020-08-18 14:08:13,2.0,500,10
4436,HU7705,,15:00:00,18:30:00,2020-08-19 14:10:15,2.1,525,9
4534,HU7705,,15:00:00,18:30:00,2020-08-20 15:16:05,1.9,480,8
4594,HU7705,,15:00:00,18:30:00,2020-08-21 16:48:23,2.0,495,7
4653,HU7705,,15:00:00,18:30:00,2020-08-22 14:59:27,1.9,480,6
4713,HU7705,,15:00:00,18:30:00,2020-08-23 14:35:16,1.9,480,5
4735,HU7705,,15:00:00,18:30:00,2020-08-24 17:52:36,2.0,495,4
4834,HU7705,,15:00:00,18:30:00,2020-08-25 15:25:30,1.9,480,3
4892,HU7705,,15:00:00,18:30:00,2020-08-26 16:30:17,4.6,1140,2
4953,HU7705,,15:00:00,18:30:00,2020-08-27 14:29:32,5.4,1340,1
5008,HU7705,,15:00:00,18:30:00,2020-08-28 14:20:23,5.3,1333,0
2340,HU7707,,21:15:00,00:30:00,2020-07-14 15:56:48,3.6,900,45
2401,HU7707,,21:15:00,00:30:00,2020-07-15 15:28:22,3.6,895,44
2463,HU7707,,21:15:00,00:30:00,2020-07-16 15:24:07,3.6,895,43
2576,HU7707,,21:15:00,00:30:00,2020-07-17 16:37:59,3.6,900,42
2588,HU7707,,21:15:00,00:30:00,2020-07-18 17:29:09,3.6,895,41
2643,HU7707,,21:15:00,00:30:00,2020-07-19 14:11:51,3.6,895,40
2703,HU7707,,21:15:00,00:30:00,2020-07-20 15:22:55,3.6,895,39
2775,HU7707,,21:15:00,00:30:00,2020-07-21 14:58:28,3.6,895,38
2823,HU7707,,21:15:00,00:30:00,2020-07-22 15:03:32,3.2,795,37
2889,HU7707,,21:15:00,00:30:00,2020-07-23 14:09:09,3.2,795,36
2943,HU7707,,21:15:00,00:30:00,2020-07-24 14:09:38,3.2,795,35
2994,HU7707,,21:15:00,00:30:00,2020-07-26 14:09:26,3.2,795,33
3054,HU7707,,21:15:00,00:30:00,2020-07-27 15:41:35,3.2,795,32
3108,HU7707,,21:15:00,00:30:00,2020-07-28 16:49:36,3.2,792,31
3168,HU7707,,21:15:00,00:30:00,2020-07-29 15:30:37,3.2,795,30
3228,HU7707,,21:15:00,00:30:00,2020-07-30 14:07:52,3.2,795,29
3288,HU7707,,21:15:00,00:30:00,2020-07-31 14:12:29,3.2,795,28
3348,HU7707,,21:15:00,00:30:00,2020-08-01 15:27:07,3.2,795,27
3408,HU7707,,21:15:00,00:30:00,2020-08-02 16:54:02,3.2,800,26
3468,HU7707,,21:15:00,00:30:00,2020-08-03 13:08:47,3.2,795,25
3528,HU7707,,21:15:00,00:30:00,2020-08-04 14:16:08,3.2,795,24
3588,HU7707,,21:15:00,00:30:00,2020-08-05 15:47:43,3.2,795,23
3648,HU7707,,21:15:00,00:30:00,2020-08-06 14:23:57,3.2,795,22
3708,HU7707,,21:15:00,00:30:00,2020-08-07 14:13:11,3.2,789,21
3820,HU7707,,21:15:00,00:30:00,2020-08-08 15:44:50,2.0,491,20
3828,HU7707,,21:15:00,00:30:00,2020-08-09 15:20:46,2.0,495,19
3888,HU7707,,21:15:00,00:30:00,2020-08-10 16:35:27,1.6,397,18
3948,HU7707,,21:15:00,00:30:00,2020-08-11 15:06:30,1.6,393,17
4008,HU7707,,21:15:00,00:30:00,2020-08-12 14:13:29,2.0,490,16
4068,HU7707,,21:15:00,00:30:00,2020-08-13 15:03:09,2.0,495,15
4128,HU7707,,21:15:00,00:30:00,2020-08-14 15:33:01,2.0,495,14
4188,HU7707,,21:15:00,00:30:00,2020-08-15 15:02:10,1.9,480,13
4248,HU7707,,21:15:00,00:30:00,2020-08-16 15:03:44,2.0,495,12
4308,HU7707,,21:15:00,00:30:00,2020-08-17 15:16:17,2.0,495,11
4368,HU7707,,21:15:00,00:30:00,2020-08-18 14:08:13,1.9,480,10
4481,HU7707,,21:15:00,00:30:00,2020-08-19 14:10:15,2.0,495,9
4489,HU7707,,21:15:00,00:30:00,2020-08-20 15:16:05,1.5,381,8
4549,HU7707,,21:15:00,00:30:00,2020-08-21 16:48:23,1.6,400,7
4608,HU7707,,21:15:00,00:30:00,2020-08-22 14:59:27,1.5,380,6
4668,HU7707,,21:15:00,00:30:00,2020-08-23 14:35:16,1.5,384,5
4779,HU7707,,21:15:00,00:30:00,2020-08-24 17:52:36,1.6,404,4
4788,HU7707,,21:15:00,00:30:00,2020-08-25 15:25:30,1.6,389,3
4848,HU7707,,21:15:00,00:30:00,2020-08-26 16:30:17,4.0,1000,2
4908,HU7707,,21:15:00,00:30:00,2020-08-27 14:29:32,4.2,1040,1
4968,HU7707,,21:15:00,00:30:00,2020-08-28 14:20:23,4.7,1183,0
5038,HU7707,,21:15:00,00:30:00,2020-08-29 14:31:21,5.3,1336,0
2353,HU7709,,12:00:00,15:20:00,2020-07-14 15:56:48,4.2,1050,45
2414,HU7709,,12:00:00,15:20:00,2020-07-15 15:28:22,4.2,1040,44
2475,HU7709,,12:00:00,15:20:00,2020-07-16 15:24:07,4.2,1040,43
2564,HU7709,,12:00:00,15:20:00,2020-07-17 16:37:59,4.2,1050,42
2595,HU7709,,12:00:00,15:20:00,2020-07-18 17:29:09,4.2,1040,41
2655,HU7709,,12:00:00,15:20:00,2020-07-19 14:11:51,4.2,1040,40
2715,HU7709,,12:00:00,15:20:00,2020-07-20 15:22:55,4.2,1040,39
2787,HU7709,,12:00:00,15:20:00,2020-07-21 14:58:28,4.2,1040,38
2835,HU7709,,12:00:00,15:20:00,2020-07-22 15:03:32,4.2,1040,37
2882,HU7709,,12:00:00,15:20:00,2020-07-23 14:09:09,4.2,1040,36
2954,HU7709,,12:00:00,15:20:00,2020-07-24 14:09:38,4.2,1040,35
3005,HU7709,,12:00:00,15:20:00,2020-07-26 14:09:26,4.2,1040,33
3065,HU7709,,12:00:00,15:20:00,2020-07-27 15:41:35,4.2,1040,32
3121,HU7709,,12:00:00,15:20:00,2020-07-28 16:49:36,4.1,1035,31
3181,HU7709,,12:00:00,15:20:00,2020-07-29 15:30:37,4.2,1040,30
3241,HU7709,,12:00:00,15:20:00,2020-07-30 14:07:52,4.2,1040,29
3301,HU7709,,12:00:00,15:20:00,2020-07-31 14:12:29,4.2,1040,28
3361,HU7709,,12:00:00,15:20:00,2020-08-01 15:27:07,4.2,1040,27
3421,HU7709,,12:00:00,15:20:00,2020-08-02 16:54:02,3.3,830,26
3481,HU7709,,12:00:00,15:20:00,2020-08-03 13:08:47,4.2,1040,25
3541,HU7709,,12:00:00,15:20:00,2020-08-04 14:16:08,4.2,1040,24
3601,HU7709,,12:00:00,15:20:00,2020-08-05 15:47:43,4.2,1040,23
3661,HU7709,,12:00:00,15:20:00,2020-08-06 14:23:57,4.2,1040,22
3721,HU7709,,12:00:00,15:20:00,2020-08-07 14:13:11,4.1,1030,21
3807,HU7709,,12:00:00,15:20:00,2020-08-08 15:44:50,2.5,621,20
3841,HU7709,,12:00:00,15:20:00,2020-08-09 15:20:46,2.5,625,19
3901,HU7709,,12:00:00,15:20:00,2020-08-10 16:35:27,2.5,620,18
3961,HU7709,,12:00:00,15:20:00,2020-08-11 15:06:30,2.1,520,17
4021,HU7709,,12:00:00,15:20:00,2020-08-12 14:13:29,2.1,520,16
4081,HU7709,,12:00:00,15:20:00,2020-08-13 15:03:09,2.1,525,15
4141,HU7709,,12:00:00,15:20:00,2020-08-14 15:33:01,2.1,525,14
4201,HU7709,,12:00:00,15:20:00,2020-08-15 15:02:10,2.0,500,13
4261,HU7709,,12:00:00,15:20:00,2020-08-16 15:03:44,2.1,525,12
4321,HU7709,,12:00:00,15:20:00,2020-08-17 15:16:17,2.1,525,11
4381,HU7709,,12:00:00,15:20:00,2020-08-18 14:08:13,2.0,500,10
4468,HU7709,,12:00:00,15:20:00,2020-08-19 14:10:15,2.1,525,9
4502,HU7709,,12:00:00,15:20:00,2020-08-20 15:16:05,1.9,480,8
4562,HU7709,,12:00:00,15:20:00,2020-08-21 16:48:23,2.0,495,7
4621,HU7709,,12:00:00,15:20:00,2020-08-22 14:59:27,1.9,480,6
4681,HU7709,,12:00:00,15:20:00,2020-08-23 14:35:16,1.9,480,5
4766,HU7709,,12:00:00,15:20:00,2020-08-24 17:52:36,2.0,495,4
4801,HU7709,,12:00:00,15:20:00,2020-08-25 15:25:30,1.9,480,3
4861,HU7709,,12:00:00,15:20:00,2020-08-26 16:30:17,4.0,1000,2
4921,HU7709,,12:00:00,15:20:00,2020-08-27 14:29:32,6.0,1490,1
4981,HU7709,,12:00:00,15:20:00,2020-08-28 14:20:23,5.9,1483,0
2337,HU7711,,09:05:00,12:30:00,2020-07-14 15:56:48,4.8,1200,45
2398,HU7711,,09:05:00,12:30:00,2020-07-15 15:28:22,4.8,1190,44
2459,HU7711,,09:05:00,12:30:00,2020-07-16 15:24:07,4.8,1190,43
2578,HU7711,,09:05:00,12:30:00,2020-07-17 16:37:59,4.8,1200,42
2591,HU7711,,09:05:00,12:30:00,2020-07-18 17:29:09,4.8,1190,41
2640,HU7711,,09:05:00,12:30:00,2020-07-19 14:11:51,4.8,1190,40
2700,HU7711,,09:05:00,12:30:00,2020-07-20 15:22:55,4.8,1190,39
2772,HU7711,,09:05:00,12:30:00,2020-07-21 14:58:28,4.8,1190,38
2820,HU7711,,09:05:00,12:30:00,2020-07-22 15:03:32,4.8,1190,37
2886,HU7711,,09:05:00,12:30:00,2020-07-23 14:09:09,4.8,1190,36
2940,HU7711,,09:05:00,12:30:00,2020-07-24 14:09:38,4.8,1190,35
3045,HU7711,,09:05:00,12:30:00,2020-07-26 14:09:26,4.8,1190,33
3051,HU7711,,09:05:00,12:30:00,2020-07-27 15:41:35,4.8,1190,32
3105,HU7711,,09:05:00,12:30:00,2020-07-28 16:49:36,4.7,1185,31
3165,HU7711,,09:05:00,12:30:00,2020-07-29 15:30:37,4.8,1190,30
3225,HU7711,,09:05:00,12:30:00,2020-07-30 14:07:52,4.8,1190,29
3285,HU7711,,09:05:00,12:30:00,2020-07-31 14:12:29,4.8,1190,28
3345,HU7711,,09:05:00,12:30:00,2020-08-01 15:27:07,4.8,1190,27
3405,HU7711,,09:05:00,12:30:00,2020-08-02 16:54:02,3.3,830,26
3465,HU7711,,09:05:00,12:30:00,2020-08-03 13:08:47,4.8,1190,25
3525,HU7711,,09:05:00,12:30:00,2020-08-04 14:16:08,4.8,1190,24
3585,HU7711,,09:05:00,12:30:00,2020-08-05 15:47:43,4.8,1190,23
3645,HU7711,,09:05:00,12:30:00,2020-08-06 14:23:57,4.8,1190,22
3705,HU7711,,09:05:00,12:30:00,2020-08-07 14:13:11,4.7,1184,21
3823,HU7711,,09:05:00,12:30:00,2020-08-08 15:44:50,2.0,491,20
3825,HU7711,,09:05:00,12:30:00,2020-08-09 15:20:46,2.0,495,19
3885,HU7711,,09:05:00,12:30:00,2020-08-10 16:35:27,2.0,490,18
3945,HU7711,,09:05:00,12:30:00,2020-08-11 15:06:30,2.0,490,17
4005,HU7711,,09:05:00,12:30:00,2020-08-12 14:13:29,2.0,490,16
4065,HU7711,,09:05:00,12:30:00,2020-08-13 15:03:09,2.0,495,15
4125,HU7711,,09:05:00,12:30:00,2020-08-14 15:33:01,2.0,495,14
4185,HU7711,,09:05:00,12:30:00,2020-08-15 15:02:10,1.9,480,13
4245,HU7711,,09:05:00,12:30:00,2020-08-16 15:03:44,2.0,500,12
4305,HU7711,,09:05:00,12:30:00,2020-08-17 15:16:17,2.0,495,11
4365,HU7711,,09:05:00,12:30:00,2020-08-18 14:08:13,1.9,480,10
4425,HU7711,,09:05:00,12:30:00,2020-08-19 14:10:15,2.0,495,9
4486,HU7711,,09:05:00,12:30:00,2020-08-20 15:16:05,1.9,480,8
4546,HU7711,,09:05:00,12:30:00,2020-08-21 16:48:23,2.0,495,7
4605,HU7711,,09:05:00,12:30:00,2020-08-22 14:59:27,1.9,480,6
4665,HU7711,,09:05:00,12:30:00,2020-08-23 14:35:16,1.9,480,5
4782,HU7711,,09:05:00,12:30:00,2020-08-24 17:52:36,2.0,495,4
4785,HU7711,,09:05:00,12:30:00,2020-08-25 15:25:30,1.9,480,3
4845,HU7711,,09:05:00,12:30:00,2020-08-26 16:30:17,3.9,969,2
4905,HU7711,,09:05:00,12:30:00,2020-08-27 14:29:32,5.4,1340,1
4965,HU7711,,09:05:00,12:30:00,2020-08-28 14:20:23,5.3,1333,0
2361,HU7713,,20:15:00,23:40:00,2020-07-14 15:56:48,4.2,1050,45
2422,HU7713,,20:15:00,23:40:00,2020-07-15 15:28:22,4.2,1040,44
2483,HU7713,,20:15:00,23:40:00,2020-07-16 15:24:07,4.2,1040,43
2556,HU7713,,20:15:00,23:40:00,2020-07-17 16:37:59,4.2,1050,42
2603,HU7713,,20:15:00,23:40:00,2020-07-18 17:29:09,4.2,1040,41
2663,HU7713,,20:15:00,23:40:00,2020-07-19 14:11:51,4.2,1040,40
2723,HU7713,,20:15:00,23:40:00,2020-07-20 15:22:55,4.2,1040,39
2797,HU7713,,20:15:00,23:40:00,2020-07-21 14:58:28,4.2,1040,38
2842,HU7713,,20:15:00,23:40:00,2020-07-22 15:03:32,4.2,1040,37
2897,HU7713,,20:15:00,23:40:00,2020-07-23 14:09:09,4.2,1040,36
2961,HU7713,,20:15:00,23:40:00,2020-07-24 14:09:38,4.2,1040,35
3012,HU7713,,20:15:00,23:40:00,2020-07-26 14:09:26,4.2,1040,33
3074,HU7713,,20:15:00,23:40:00,2020-07-27 15:41:35,4.2,1040,32
3129,HU7713,,20:15:00,23:40:00,2020-07-28 16:49:36,4.1,1035,31
3189,HU7713,,20:15:00,23:40:00,2020-07-29 15:30:37,4.2,1040,30
3249,HU7713,,20:15:00,23:40:00,2020-07-30 14:07:52,4.2,1040,29
3309,HU7713,,20:15:00,23:40:00,2020-07-31 14:12:29,4.2,1040,28
3369,HU7713,,20:15:00,23:40:00,2020-08-01 15:27:07,4.2,1040,27
3429,HU7713,,20:15:00,23:40:00,2020-08-02 16:54:02,3.3,830,26
3489,HU7713,,20:15:00,23:40:00,2020-08-03 13:08:47,4.2,1040,25
3549,HU7713,,20:15:00,23:40:00,2020-08-04 14:16:08,4.2,1040,24
3609,HU7713,,20:15:00,23:40:00,2020-08-05 15:47:43,4.2,1040,23
3669,HU7713,,20:15:00,23:40:00,2020-08-06 14:23:57,4.2,1040,22
3729,HU7713,,20:15:00,23:40:00,2020-08-07 14:13:11,4.1,1035,21
3799,HU7713,,20:15:00,23:40:00,2020-08-08 15:44:50,2.0,491,20
3849,HU7713,,20:15:00,23:40:00,2020-08-09 15:20:46,2.0,495,19
3909,HU7713,,20:15:00,23:40:00,2020-08-10 16:35:27,1.6,401,18
3969,HU7713,,20:15:00,23:40:00,2020-08-11 15:06:30,1.6,398,17
4029,HU7713,,20:15:00,23:40:00,2020-08-12 14:13:29,2.0,490,16
4089,HU7713,,20:15:00,23:40:00,2020-08-13 15:03:09,2.0,495,15
4149,HU7713,,20:15:00,23:40:00,2020-08-14 15:33:01,2.0,495,14
4209,HU7713,,20:15:00,23:40:00,2020-08-15 15:02:10,1.9,480,13
4269,HU7713,,20:15:00,23:40:00,2020-08-16 15:03:44,2.0,495,12
4329,HU7713,,20:15:00,23:40:00,2020-08-17 15:16:17,2.0,495,11
4389,HU7713,,20:15:00,23:40:00,2020-08-18 14:08:13,1.9,480,10
4460,HU7713,,20:15:00,23:40:00,2020-08-19 14:10:15,2.0,495,9
4510,HU7713,,20:15:00,23:40:00,2020-08-20 15:16:05,1.6,390,8
4570,HU7713,,20:15:00,23:40:00,2020-08-21 16:48:23,1.6,405,7
4629,HU7713,,20:15:00,23:40:00,2020-08-22 14:59:27,1.5,383,6
4689,HU7713,,20:15:00,23:40:00,2020-08-23 14:35:16,1.6,388,5
4758,HU7713,,20:15:00,23:40:00,2020-08-24 17:52:36,2.1,525,4
4809,HU7713,,20:15:00,23:40:00,2020-08-25 15:25:30,1.6,388,3
4869,HU7713,,20:15:00,23:40:00,2020-08-26 16:30:17,4.0,1000,2
4929,HU7713,,20:15:00,23:40:00,2020-08-27 14:29:32,4.8,1190,1
4989,HU7713,,20:15:00,23:40:00,2020-08-28 14:20:23,4.7,1183,0
5026,HU7713,,20:15:00,23:40:00,2020-08-29 14:31:21,5.3,1336,0
2389,KY9102,ZH9102,12:10:00,15:55:00,2020-07-14 15:56:48,4.9,1350,45
2450,KY9102,ZH9102,12:10:00,15:55:00,2020-07-15 15:28:22,4.9,1350,44
2514,KY9102,ZH9102,12:10:00,15:55:00,2020-07-16 15:24:07,4.9,1350,43
2527,KY9102,ZH9102,12:10:00,15:55:00,2020-07-17 16:37:59,4.9,1350,42
2632,KY9102,ZH9102,12:10:00,15:55:00,2020-07-18 17:29:09,4.9,1350,41
2691,KY9102,ZH9102,12:10:00,15:55:00,2020-07-19 14:11:51,4.9,1350,40
2751,KY9102,ZH9102,12:10:00,15:55:00,2020-07-20 15:22:55,4.9,1350,39
2767,KY9102,ZH9102,12:10:00,15:55:00,2020-07-21 14:58:28,4.9,1350,38
2871,KY9102,ZH9102,12:10:00,15:55:00,2020-07-22 15:03:32,4.9,1350,37
2926,KY9102,ZH9102,12:10:00,15:55:00,2020-07-23 14:09:09,4.9,1350,36
2987,KY9102,ZH9102,12:10:00,15:55:00,2020-07-24 14:09:38,4.9,1350,35
3039,KY9102,ZH9102,12:10:00,15:55:00,2020-07-26 14:09:26,2.5,690,33
3103,KY9102,ZH9102,12:10:00,15:55:00,2020-07-27 15:41:35,2.5,690,32
3158,KY9102,ZH9102,12:10:00,15:55:00,2020-07-28 16:49:36,2.5,690,31
3219,KY9102,ZH9102,12:10:00,15:55:00,2020-07-29 15:30:37,2.5,690,30
3278,KY9102,ZH9102,12:10:00,15:55:00,2020-07-30 14:07:52,2.5,690,29
3338,KY9102,ZH9102,12:10:00,15:55:00,2020-07-31 14:12:29,2.5,690,28
3401,KY9102,ZH9102,12:10:00,15:55:00,2020-08-01 15:27:07,2.5,690,27
3458,KY9102,ZH9102,12:10:00,15:55:00,2020-08-02 16:54:02,2.5,690,26
3519,KY9102,ZH9102,12:10:00,15:55:00,2020-08-03 13:08:47,2.0,550,25
3578,KY9102,ZH9102,12:10:00,15:55:00,2020-08-04 14:16:08,2.0,550,24
3638,KY9102,ZH9102,12:10:00,15:55:00,2020-08-05 15:47:43,2.0,550,23
3703,KY9102,ZH9102,12:10:00,15:55:00,2020-08-06 14:23:57,2.0,550,22
3758,KY9102,ZH9102,12:10:00,15:55:00,2020-08-07 14:13:11,2.0,550,21
3774,KY9102,ZH9102,12:10:00,15:55:00,2020-08-08 15:44:50,2.0,550,20
3878,KY9102,ZH9102,12:10:00,15:55:00,2020-08-09 15:20:46,2.0,550,19
3938,KY9102,ZH9102,12:10:00,15:55:00,2020-08-10 16:35:27,2.0,550,18
4001,KY9102,ZH9102,12:10:00,15:55:00,2020-08-11 15:06:30,2.0,550,17
4059,KY9102,ZH9102,12:10:00,15:55:00,2020-08-12 14:13:29,2.0,550,16
4118,KY9102,ZH9102,12:10:00,15:55:00,2020-08-13 15:03:09,2.0,550,15
4180,KY9102,ZH9102,12:10:00,15:55:00,2020-08-14 15:33:01,2.0,550,14
4238,KY9102,ZH9102,12:10:00,15:55:00,2020-08-15 15:02:10,1.9,520,13
4298,KY9102,ZH9102,12:10:00,15:55:00,2020-08-16 15:03:44,1.9,520,12
4361,KY9102,ZH9102,12:10:00,15:55:00,2020-08-17 15:16:17,1.9,520,11
4418,KY9102,ZH9102,12:10:00,15:55:00,2020-08-18 14:08:13,1.9,520,10
4430,KY9102,ZH9102,12:10:00,15:55:00,2020-08-19 14:10:15,1.9,520,9
4540,KY9102,ZH9102,12:10:00,15:55:00,2020-08-20 15:16:05,1.9,520,8
4600,KY9102,ZH9102,12:10:00,15:55:00,2020-08-21 16:48:23,1.9,520,7
4659,KY9102,ZH9102,12:10:00,15:55:00,2020-08-22 14:59:27,1.9,520,6
4718,KY9102,ZH9102,12:10:00,15:55:00,2020-08-23 14:35:16,1.9,520,5
4729,KY9102,ZH9102,12:10:00,15:55:00,2020-08-24 17:52:36,1.9,520,4
4840,KY9102,ZH9102,12:10:00,15:55:00,2020-08-25 15:25:30,1.9,520,3
4898,KY9102,ZH9102,12:10:00,15:55:00,2020-08-26 16:30:17,7.4,2040,2
4959,KY9102,ZH9102,12:10:00,15:55:00,2020-08-27 14:29:32,7.4,2040,1
5002,KY9102,ZH9102,12:10:00,15:55:00,2020-08-28 14:20:23,7.4,2040,0
2341,KY9104,ZH9104,14:25:00,17:45:00,2020-07-14 15:56:48,4.9,1350,45
2402,KY9104,ZH9104,14:25:00,17:45:00,2020-07-15 15:28:22,4.9,1350,44
2464,KY9104,ZH9104,14:25:00,17:45:00,2020-07-16 15:24:07,4.9,1350,43
2575,KY9104,ZH9104,14:25:00,17:45:00,2020-07-17 16:37:59,4.9,1350,42
2587,KY9104,ZH9104,14:25:00,17:45:00,2020-07-18 17:29:09,4.9,1350,41
2644,KY9104,ZH9104,14:25:00,17:45:00,2020-07-19 14:11:51,4.9,1350,40
2704,KY9104,ZH9104,14:25:00,17:45:00,2020-07-20 15:22:55,4.9,1350,39
2776,KY9104,ZH9104,14:25:00,17:45:00,2020-07-21 14:58:28,4.9,1350,38
2824,KY9104,ZH9104,14:25:00,17:45:00,2020-07-22 15:03:32,4.9,1350,37
2890,KY9104,ZH9104,14:25:00,17:45:00,2020-07-23 14:09:09,4.9,1350,36
2944,KY9104,ZH9104,14:25:00,17:45:00,2020-07-24 14:09:38,4.9,1350,35
2995,KY9104,ZH9104,14:25:00,17:45:00,2020-07-26 14:09:26,4.0,1100,33
3055,KY9104,ZH9104,14:25:00,17:45:00,2020-07-27 15:41:35,4.0,1100,32
3109,KY9104,ZH9104,14:25:00,17:45:00,2020-07-28 16:49:36,4.0,1100,31
3169,KY9104,ZH9104,14:25:00,17:45:00,2020-07-29 15:30:37,4.0,1100,30
3229,KY9104,ZH9104,14:25:00,17:45:00,2020-07-30 14:07:52,4.0,1100,29
3289,KY9104,ZH9104,14:25:00,17:45:00,2020-07-31 14:12:29,2.5,690,28
3349,KY9104,ZH9104,14:25:00,17:45:00,2020-08-01 15:27:07,2.5,690,27
3409,KY9104,ZH9104,14:25:00,17:45:00,2020-08-02 16:54:02,2.5,690,26
3469,KY9104,ZH9104,14:25:00,17:45:00,2020-08-03 13:08:47,2.0,550,25
3529,KY9104,ZH9104,14:25:00,17:45:00,2020-08-04 14:16:08,2.0,550,24
3589,KY9104,ZH9104,14:25:00,17:45:00,2020-08-05 15:47:43,2.0,550,23
3649,KY9104,ZH9104,14:25:00,17:45:00,2020-08-06 14:23:57,2.0,550,22
3709,KY9104,ZH9104,14:25:00,17:45:00,2020-08-07 14:13:11,2.0,550,21
3819,KY9104,ZH9104,14:25:00,17:45:00,2020-08-08 15:44:50,2.0,550,20
3829,KY9104,ZH9104,14:25:00,17:45:00,2020-08-09 15:20:46,2.0,550,19
3889,KY9104,ZH9104,14:25:00,17:45:00,2020-08-10 16:35:27,2.0,550,18
3949,KY9104,ZH9104,14:25:00,17:45:00,2020-08-11 15:06:30,2.0,550,17
4009,KY9104,ZH9104,14:25:00,17:45:00,2020-08-12 14:13:29,2.0,550,16
4069,KY9104,ZH9104,14:25:00,17:45:00,2020-08-13 15:03:09,2.0,550,15
4129,KY9104,ZH9104,14:25:00,17:45:00,2020-08-14 15:33:01,2.0,550,14
4189,KY9104,ZH9104,14:25:00,17:45:00,2020-08-15 15:02:10,1.9,520,13
4249,KY9104,ZH9104,14:25:00,17:45:00,2020-08-16 15:03:44,1.9,520,12
4309,KY9104,ZH9104,14:25:00,17:45:00,2020-08-17 15:16:17,1.9,520,11
4369,KY9104,ZH9104,14:25:00,17:45:00,2020-08-18 14:08:13,1.9,520,10
4480,KY9104,ZH9104,14:25:00,17:45:00,2020-08-19 14:10:15,1.9,520,9
4490,KY9104,ZH9104,14:25:00,17:45:00,2020-08-20 15:16:05,1.9,520,8
4550,KY9104,ZH9104,14:25:00,17:45:00,2020-08-21 16:48:23,1.9,520,7
4609,KY9104,ZH9104,14:25:00,17:45:00,2020-08-22 14:59:27,1.9,520,6
4669,KY9104,ZH9104,14:25:00,17:45:00,2020-08-23 14:35:16,1.9,520,5
4778,KY9104,ZH9104,14:25:00,17:45:00,2020-08-24 17:52:36,1.9,520,4
4789,KY9104,ZH9104,14:25:00,17:45:00,2020-08-25 15:25:30,1.9,520,3
4849,KY9104,ZH9104,14:25:00,17:45:00,2020-08-26 16:30:17,7.4,2040,2
4909,KY9104,ZH9104,14:25:00,17:45:00,2020-08-27 14:29:32,7.4,2040,1
4969,KY9104,ZH9104,14:25:00,17:45:00,2020-08-28 14:20:23,7.4,2040,0
2383,KY9106,ZH9106,16:55:00,20:20:00,2020-07-14 15:56:48,4.9,1350,45
2444,KY9106,ZH9106,16:55:00,20:20:00,2020-07-15 15:28:22,4.9,1350,44
2508,KY9106,ZH9106,16:55:00,20:20:00,2020-07-16 15:24:07,4.9,1350,43
2533,KY9106,ZH9106,16:55:00,20:20:00,2020-07-17 16:37:59,4.9,1350,42
2626,KY9106,ZH9106,16:55:00,20:20:00,2020-07-18 17:29:09,4.9,1350,41
2685,KY9106,ZH9106,16:55:00,20:20:00,2020-07-19 14:11:51,4.9,1350,40
2745,KY9106,ZH9106,16:55:00,20:20:00,2020-07-20 15:22:55,4.9,1350,39
2789,KY9106,ZH9106,16:55:00,20:20:00,2020-07-21 14:58:28,4.9,1350,38
2865,KY9106,ZH9106,16:55:00,20:20:00,2020-07-22 15:03:32,4.9,1350,37
2920,KY9106,ZH9106,16:55:00,20:20:00,2020-07-23 14:09:09,4.9,1350,36
2982,KY9106,ZH9106,16:55:00,20:20:00,2020-07-24 14:09:38,4.9,1350,35
3034,KY9106,ZH9106,16:55:00,20:20:00,2020-07-26 14:09:26,4.0,1100,33
3098,KY9106,ZH9106,16:55:00,20:20:00,2020-07-27 15:41:35,4.0,1100,32
3153,KY9106,ZH9106,16:55:00,20:20:00,2020-07-28 16:49:36,4.0,1100,31
3214,KY9106,ZH9106,16:55:00,20:20:00,2020-07-29 15:30:37,4.0,1100,30
3273,KY9106,ZH9106,16:55:00,20:20:00,2020-07-30 14:07:52,4.0,1100,29
3333,KY9106,ZH9106,16:55:00,20:20:00,2020-07-31 14:12:29,2.5,690,28
3396,KY9106,ZH9106,16:55:00,20:20:00,2020-08-01 15:27:07,2.5,690,27
3453,KY9106,ZH9106,16:55:00,20:20:00,2020-08-02 16:54:02,2.5,690,26
3514,KY9106,ZH9106,16:55:00,20:20:00,2020-08-03 13:08:47,2.0,550,25
3573,KY9106,ZH9106,16:55:00,20:20:00,2020-08-04 14:16:08,2.0,550,24
3633,KY9106,ZH9106,16:55:00,20:20:00,2020-08-05 15:47:43,2.0,550,23
3698,KY9106,ZH9106,16:55:00,20:20:00,2020-08-06 14:23:57,2.0,550,22
3753,KY9106,ZH9106,16:55:00,20:20:00,2020-08-07 14:13:11,2.0,550,21
3769,KY9106,ZH9106,16:55:00,20:20:00,2020-08-08 15:44:50,2.0,550,20
3873,KY9106,ZH9106,16:55:00,20:20:00,2020-08-09 15:20:46,2.0,550,19
3933,KY9106,ZH9106,16:55:00,20:20:00,2020-08-10 16:35:27,2.0,550,18
3996,KY9106,ZH9106,16:55:00,20:20:00,2020-08-11 15:06:30,2.0,550,17
4054,KY9106,ZH9106,16:55:00,20:20:00,2020-08-12 14:13:29,2.0,550,16
4113,KY9106,ZH9106,16:55:00,20:20:00,2020-08-13 15:03:09,2.0,550,15
4175,KY9106,ZH9106,16:55:00,20:20:00,2020-08-14 15:33:01,2.0,550,14
4233,KY9106,ZH9106,16:55:00,20:20:00,2020-08-15 15:02:10,1.9,520,13
4293,KY9106,ZH9106,16:55:00,20:20:00,2020-08-16 15:03:44,1.9,520,12
4356,KY9106,ZH9106,16:55:00,20:20:00,2020-08-17 15:16:17,1.9,520,11
4413,KY9106,ZH9106,16:55:00,20:20:00,2020-08-18 14:08:13,1.9,520,10
4435,KY9106,ZH9106,16:55:00,20:20:00,2020-08-19 14:10:15,1.9,520,9
4535,KY9106,ZH9106,16:55:00,20:20:00,2020-08-20 15:16:05,1.9,520,8
4595,KY9106,ZH9106,16:55:00,20:20:00,2020-08-21 16:48:23,1.9,520,7
4654,KY9106,ZH9106,16:55:00,20:20:00,2020-08-22 14:59:27,1.9,520,6
4714,KY9106,ZH9106,16:55:00,20:20:00,2020-08-23 14:35:16,1.9,520,5
4734,KY9106,ZH9106,16:55:00,20:20:00,2020-08-24 17:52:36,1.9,520,4
4835,KY9106,ZH9106,16:55:00,20:20:00,2020-08-25 15:25:30,1.9,520,3
4893,KY9106,ZH9106,16:55:00,20:20:00,2020-08-26 16:30:17,7.4,2040,2
4954,KY9106,ZH9106,16:55:00,20:20:00,2020-08-27 14:29:32,7.4,2040,1
5007,KY9106,ZH9106,16:55:00,20:20:00,2020-08-28 14:20:23,7.4,2040,0
5032,KY9106,ZH9106,16:55:00,20:20:00,2020-08-29 14:31:21,7.4,2040,0
2351,KY9108,ZH9108,18:50:00,22:35:00,2020-07-14 15:56:48,4.9,1350,45
2412,KY9108,ZH9108,18:50:00,22:35:00,2020-07-15 15:28:22,4.9,1350,44
2472,KY9108,ZH9108,18:50:00,22:35:00,2020-07-16 15:24:07,4.9,1350,43
2566,KY9108,ZH9108,18:50:00,22:35:00,2020-07-17 16:37:59,4.9,1350,42
2593,KY9108,ZH9108,18:50:00,22:35:00,2020-07-18 17:29:09,4.9,1350,41
2653,KY9108,ZH9108,18:50:00,22:35:00,2020-07-19 14:11:51,4.9,1350,40
2713,KY9108,ZH9108,18:50:00,22:35:00,2020-07-20 15:22:55,4.9,1350,39
2785,KY9108,ZH9108,18:50:00,22:35:00,2020-07-21 14:58:28,4.9,1350,38
2833,KY9108,ZH9108,18:50:00,22:35:00,2020-07-22 15:03:32,4.9,1350,37
2880,KY9108,ZH9108,18:50:00,22:35:00,2020-07-23 14:09:09,4.9,1350,36
2951,KY9108,ZH9108,18:50:00,22:35:00,2020-07-24 14:09:38,4.9,1350,35
3002,KY9108,ZH9108,18:50:00,22:35:00,2020-07-26 14:09:26,4.0,1100,33
3063,KY9108,ZH9108,18:50:00,22:35:00,2020-07-27 15:41:35,4.0,1100,32
3119,KY9108,ZH9108,18:50:00,22:35:00,2020-07-28 16:49:36,4.0,1100,31
3179,KY9108,ZH9108,18:50:00,22:35:00,2020-07-29 15:30:37,4.0,1100,30
3239,KY9108,ZH9108,18:50:00,22:35:00,2020-07-30 14:07:52,4.0,1100,29
3299,KY9108,ZH9108,18:50:00,22:35:00,2020-07-31 14:12:29,2.5,690,28
3359,KY9108,ZH9108,18:50:00,22:35:00,2020-08-01 15:27:07,2.5,690,27
3419,KY9108,ZH9108,18:50:00,22:35:00,2020-08-02 16:54:02,2.5,690,26
3479,KY9108,ZH9108,18:50:00,22:35:00,2020-08-03 13:08:47,2.0,550,25
3539,KY9108,ZH9108,18:50:00,22:35:00,2020-08-04 14:16:08,2.0,550,24
3599,KY9108,ZH9108,18:50:00,22:35:00,2020-08-05 15:47:43,2.0,550,23
3659,KY9108,ZH9108,18:50:00,22:35:00,2020-08-06 14:23:57,2.0,550,22
3719,KY9108,ZH9108,18:50:00,22:35:00,2020-08-07 14:13:11,2.0,550,21
3809,KY9108,ZH9108,18:50:00,22:35:00,2020-08-08 15:44:50,2.0,550,20
3839,KY9108,ZH9108,18:50:00,22:35:00,2020-08-09 15:20:46,2.0,550,19
3899,KY9108,ZH9108,18:50:00,22:35:00,2020-08-10 16:35:27,2.0,550,18
3959,KY9108,ZH9108,18:50:00,22:35:00,2020-08-11 15:06:30,2.0,550,17
4019,KY9108,ZH9108,18:50:00,22:35:00,2020-08-12 14:13:29,2.0,550,16
4079,KY9108,ZH9108,18:50:00,22:35:00,2020-08-13 15:03:09,2.0,550,15
4139,KY9108,ZH9108,18:50:00,22:35:00,2020-08-14 15:33:01,2.0,550,14
4199,KY9108,ZH9108,18:50:00,22:35:00,2020-08-15 15:02:10,1.9,520,13
4259,KY9108,ZH9108,18:50:00,22:35:00,2020-08-16 15:03:44,1.9,520,12
4319,KY9108,ZH9108,18:50:00,22:35:00,2020-08-17 15:16:17,1.9,520,11
4379,KY9108,ZH9108,18:50:00,22:35:00,2020-08-18 14:08:13,1.9,520,10
4470,KY9108,ZH9108,18:50:00,22:35:00,2020-08-19 14:10:15,1.9,520,9
4500,KY9108,ZH9108,18:50:00,22:35:00,2020-08-20 15:16:05,1.9,520,8
4560,KY9108,ZH9108,18:50:00,22:35:00,2020-08-21 16:48:23,1.9,520,7
4619,KY9108,ZH9108,18:50:00,22:35:00,2020-08-22 14:59:27,1.9,520,6
4679,KY9108,ZH9108,18:50:00,22:35:00,2020-08-23 14:35:16,1.9,520,5
4768,KY9108,ZH9108,18:50:00,22:35:00,2020-08-24 17:52:36,1.9,520,4
4799,KY9108,ZH9108,18:50:00,22:35:00,2020-08-25 15:25:30,1.9,520,3
4859,KY9108,ZH9108,18:50:00,22:35:00,2020-08-26 16:30:17,6.4,1760,2
4919,KY9108,ZH9108,18:50:00,22:35:00,2020-08-27 14:29:32,6.4,1760,1
4979,KY9108,ZH9108,18:50:00,22:35:00,2020-08-28 14:20:23,6.4,1760,0
5030,KY9108,ZH9108,18:50:00,22:35:00,2020-08-29 14:31:21,6.4,1760,0
2396,KY9110,ZH9110,21:00:00,00:10:00,2020-07-14 15:56:48,3.5,950,45
2457,KY9110,ZH9110,21:00:00,00:10:00,2020-07-15 15:28:22,3.5,950,44
2461,KY9110,ZH9110,21:00:00,00:10:00,2020-07-16 15:24:07,3.5,950,43
2520,KY9110,ZH9110,21:00:00,00:10:00,2020-07-17 16:37:59,3.5,950,42
2579,KY9110,ZH9110,21:00:00,00:10:00,2020-07-18 17:29:09,3.5,950,41
2698,KY9110,ZH9110,21:00:00,00:10:00,2020-07-19 14:11:51,3.5,950,40
2758,KY9110,ZH9110,21:00:00,00:10:00,2020-07-20 15:22:55,3.5,950,39
2760,KY9110,ZH9110,21:00:00,00:10:00,2020-07-21 14:58:28,3.5,950,38
2878,KY9110,ZH9110,21:00:00,00:10:00,2020-07-22 15:03:32,3.5,950,37
2935,KY9110,ZH9110,21:00:00,00:10:00,2020-07-23 14:09:09,2.5,690,36
2992,KY9110,ZH9110,21:00:00,00:10:00,2020-07-24 14:09:38,2.5,690,35
3044,KY9110,ZH9110,21:00:00,00:10:00,2020-07-26 14:09:26,2.5,690,33
3069,KY9110,ZH9110,21:00:00,00:10:00,2020-07-27 15:41:35,2.5,690,32
3163,KY9110,ZH9110,21:00:00,00:10:00,2020-07-28 16:49:36,2.5,690,31
3164,KY9110,ZH9110,21:00:00,00:10:00,2020-07-29 15:30:37,2.5,690,30
3283,KY9110,ZH9110,21:00:00,00:10:00,2020-07-30 14:07:52,2.5,690,29
3343,KY9110,ZH9110,21:00:00,00:10:00,2020-07-31 14:12:29,1.9,530,28
3375,KY9110,ZH9110,21:00:00,00:10:00,2020-08-01 15:27:07,1.9,530,27
3463,KY9110,ZH9110,21:00:00,00:10:00,2020-08-02 16:54:02,1.9,530,26
3464,KY9110,ZH9110,21:00:00,00:10:00,2020-08-03 13:08:47,1.9,530,25
3583,KY9110,ZH9110,21:00:00,00:10:00,2020-08-04 14:16:08,1.9,530,24
3643,KY9110,ZH9110,21:00:00,00:10:00,2020-08-05 15:47:43,1.8,500,23
3684,KY9110,ZH9110,21:00:00,00:10:00,2020-08-06 14:23:57,1.8,500,22
3763,KY9110,ZH9110,21:00:00,00:10:00,2020-08-07 14:13:11,1.8,500,21
3779,KY9110,ZH9110,21:00:00,00:10:00,2020-08-08 15:44:50,1.8,500,20
3883,KY9110,ZH9110,21:00:00,00:10:00,2020-08-09 15:20:46,1.8,500,19
3943,KY9110,ZH9110,21:00:00,00:10:00,2020-08-10 16:35:27,1.8,500,18
3975,KY9110,ZH9110,21:00:00,00:10:00,2020-08-11 15:06:30,1.8,500,17
4004,KY9110,ZH9110,21:00:00,00:10:00,2020-08-12 14:13:29,1.8,500,16
4123,KY9110,ZH9110,21:00:00,00:10:00,2020-08-13 15:03:09,1.8,500,15
4154,KY9110,ZH9110,21:00:00,00:10:00,2020-08-14 15:33:01,1.8,500,14
4243,KY9110,ZH9110,21:00:00,00:10:00,2020-08-15 15:02:10,1.8,500,13
4303,KY9110,ZH9110,21:00:00,00:10:00,2020-08-16 15:03:44,1.8,500,12
4335,KY9110,ZH9110,21:00:00,00:10:00,2020-08-17 15:16:17,1.8,500,11
4423,KY9110,ZH9110,21:00:00,00:10:00,2020-08-18 14:08:13,1.8,500,10
4424,KY9110,ZH9110,21:00:00,00:10:00,2020-08-19 14:10:15,1.8,500,9
4485,KY9110,ZH9110,21:00:00,00:10:00,2020-08-20 15:16:05,1.8,500,8
4545,KY9110,ZH9110,21:00:00,00:10:00,2020-08-21 16:48:23,1.8,500,7
4604,KY9110,ZH9110,21:00:00,00:10:00,2020-08-22 14:59:27,1.6,450,6
4723,KY9110,ZH9110,21:00:00,00:10:00,2020-08-23 14:35:16,1.6,450,5
4783,KY9110,ZH9110,21:00:00,00:10:00,2020-08-24 17:52:36,1.6,450,4
4814,KY9110,ZH9110,21:00:00,00:10:00,2020-08-25 15:25:30,1.6,450,3
4903,KY9110,ZH9110,21:00:00,00:10:00,2020-08-26 16:30:17,6.4,1760,2
4904,KY9110,ZH9110,21:00:00,00:10:00,2020-08-27 14:29:32,6.4,1760,1
5020,KY9110,ZH9110,21:00:00,00:10:00,2020-08-28 14:20:23,6.4,1760,0
5036,KY9110,ZH9110,21:00:00,00:10:00,2020-08-29 14:31:21,6.4,1760,0
2381,KY9112,ZH9112,06:25:00,11:55:00,2020-07-14 15:56:48,4.9,1350,45
2442,KY9112,ZH9112,06:25:00,11:55:00,2020-07-15 15:28:22,4.9,1350,44
2506,KY9112,ZH9112,06:25:00,11:55:00,2020-07-16 15:24:07,4.9,1350,43
2535,KY9112,ZH9112,06:25:00,11:55:00,2020-07-17 16:37:59,4.9,1350,42
2624,KY9112,ZH9112,06:25:00,11:55:00,2020-07-18 17:29:09,4.9,1350,41
2683,KY9112,ZH9112,06:25:00,11:55:00,2020-07-19 14:11:51,4.9,1350,40
2743,KY9112,ZH9112,06:25:00,11:55:00,2020-07-20 15:22:55,4.9,1350,39
2818,KY9112,ZH9112,06:25:00,11:55:00,2020-07-21 14:58:28,4.9,1350,38
2863,KY9112,ZH9112,06:25:00,11:55:00,2020-07-22 15:03:32,4.9,1350,37
2918,KY9112,ZH9112,06:25:00,11:55:00,2020-07-23 14:09:09,4.9,1350,36
2980,KY9112,ZH9112,06:25:00,11:55:00,2020-07-24 14:09:38,4.9,1350,35
3032,KY9112,ZH9112,06:25:00,11:55:00,2020-07-26 14:09:26,4.9,1350,33
3095,KY9112,ZH9112,06:25:00,11:55:00,2020-07-27 15:41:35,4.9,1350,32
3150,KY9112,ZH9112,06:25:00,11:55:00,2020-07-28 16:49:36,4.9,1350,31
3211,KY9112,ZH9112,06:25:00,11:55:00,2020-07-29 15:30:37,4.9,1350,30
3270,KY9112,ZH9112,06:25:00,11:55:00,2020-07-30 14:07:52,4.0,1100,29
3330,KY9112,ZH9112,06:25:00,11:55:00,2020-07-31 14:12:29,3.0,830,28
3393,KY9112,ZH9112,06:25:00,11:55:00,2020-08-01 15:27:07,3.0,830,27
3450,KY9112,ZH9112,06:25:00,11:55:00,2020-08-02 16:54:02,3.0,830,26
3511,KY9112,ZH9112,06:25:00,11:55:00,2020-08-03 13:08:47,3.0,830,25
3570,KY9112,ZH9112,06:25:00,11:55:00,2020-08-04 14:16:08,2.6,720,24
3630,KY9112,ZH9112,06:25:00,11:55:00,2020-08-05 15:47:43,2.6,720,23
3695,KY9112,ZH9112,06:25:00,11:55:00,2020-08-06 14:23:57,1.8,500,22
3704,KY9112,ZH9112,06:25:00,11:55:00,2020-08-07 14:13:11,1.8,500,21
3766,KY9112,ZH9112,06:25:00,11:55:00,2020-08-08 15:44:50,1.8,500,20
3870,KY9112,ZH9112,06:25:00,11:55:00,2020-08-09 15:20:46,1.8,500,19
3930,KY9112,ZH9112,06:25:00,11:55:00,2020-08-10 16:35:27,1.8,500,18
3993,KY9112,ZH9112,06:25:00,11:55:00,2020-08-11 15:06:30,1.8,500,17
4051,KY9112,ZH9112,06:25:00,11:55:00,2020-08-12 14:13:29,1.8,500,16
4110,KY9112,ZH9112,06:25:00,11:55:00,2020-08-13 15:03:09,1.8,500,15
4172,KY9112,ZH9112,06:25:00,11:55:00,2020-08-14 15:33:01,1.6,450,14
4230,KY9112,ZH9112,06:25:00,11:55:00,2020-08-15 15:02:10,1.6,450,13
4290,KY9112,ZH9112,06:25:00,11:55:00,2020-08-16 15:03:44,1.6,450,12
4353,KY9112,ZH9112,06:25:00,11:55:00,2020-08-17 15:16:17,1.6,450,11
4410,KY9112,ZH9112,06:25:00,11:55:00,2020-08-18 14:08:13,1.8,500,10
4438,KY9112,ZH9112,06:25:00,11:55:00,2020-08-19 14:10:15,1.5,402,9
4532,KY9112,ZH9112,06:25:00,11:55:00,2020-08-20 15:16:05,1.5,400,8
4592,KY9112,ZH9112,06:25:00,11:55:00,2020-08-21 16:48:23,1.5,400,7
4651,KY9112,ZH9112,06:25:00,11:55:00,2020-08-22 14:59:27,1.5,400,6
4711,KY9112,ZH9112,06:25:00,11:55:00,2020-08-23 14:35:16,1.5,400,5
4737,KY9112,ZH9112,06:25:00,11:55:00,2020-08-24 17:52:36,1.5,400,4
4832,KY9112,ZH9112,06:25:00,11:55:00,2020-08-25 15:25:30,1.5,400,3
4890,KY9112,ZH9112,06:25:00,11:55:00,2020-08-26 16:30:17,1.8,505,2
4951,KY9112,ZH9112,06:25:00,11:55:00,2020-08-27 14:29:32,4.9,1350,1
5010,KY9112,ZH9112,06:25:00,11:55:00,2020-08-28 14:20:23,4.9,1350,0
2370,KY9114,ZH9114,07:45:00,10:55:00,2020-07-14 15:56:48,3.5,950,45
2431,KY9114,ZH9114,07:45:00,10:55:00,2020-07-15 15:28:22,3.5,950,44
2495,KY9114,ZH9114,07:45:00,10:55:00,2020-07-16 15:24:07,3.5,950,43
2546,KY9114,ZH9114,07:45:00,10:55:00,2020-07-17 16:37:59,3.5,950,42
2613,KY9114,ZH9114,07:45:00,10:55:00,2020-07-18 17:29:09,3.5,950,41
2672,KY9114,ZH9114,07:45:00,10:55:00,2020-07-19 14:11:51,3.5,950,40
2732,KY9114,ZH9114,07:45:00,10:55:00,2020-07-20 15:22:55,3.5,950,39
2807,KY9114,ZH9114,07:45:00,10:55:00,2020-07-21 14:58:28,3.5,950,38
2852,KY9114,ZH9114,07:45:00,10:55:00,2020-07-22 15:03:32,3.5,950,37
2907,KY9114,ZH9114,07:45:00,10:55:00,2020-07-23 14:09:09,2.5,690,36
2970,KY9114,ZH9114,07:45:00,10:55:00,2020-07-24 14:09:38,2.5,690,35
3021,KY9114,ZH9114,07:45:00,10:55:00,2020-07-26 14:09:26,2.5,690,33
3083,KY9114,ZH9114,07:45:00,10:55:00,2020-07-27 15:41:35,2.5,690,32
3138,KY9114,ZH9114,07:45:00,10:55:00,2020-07-28 16:49:36,2.5,690,31
3198,KY9114,ZH9114,07:45:00,10:55:00,2020-07-29 15:30:37,2.5,690,30
3257,KY9114,ZH9114,07:45:00,10:55:00,2020-07-30 14:07:52,2.5,690,29
3317,KY9114,ZH9114,07:45:00,10:55:00,2020-07-31 14:12:29,2.5,690,28
3380,KY9114,ZH9114,07:45:00,10:55:00,2020-08-01 15:27:07,2.5,690,27
3437,KY9114,ZH9114,07:45:00,10:55:00,2020-08-02 16:54:02,2.5,690,26
3498,KY9114,ZH9114,07:45:00,10:55:00,2020-08-03 13:08:47,2.0,550,25
3557,KY9114,ZH9114,07:45:00,10:55:00,2020-08-04 14:16:08,2.0,550,24
3617,KY9114,ZH9114,07:45:00,10:55:00,2020-08-05 15:47:43,1.8,500,23
3681,KY9114,ZH9114,07:45:00,10:55:00,2020-08-06 14:23:57,1.8,500,22
3738,KY9114,ZH9114,07:45:00,10:55:00,2020-08-07 14:13:11,1.8,500,21
3790,KY9114,ZH9114,07:45:00,10:55:00,2020-08-08 15:44:50,1.8,500,20
3857,KY9114,ZH9114,07:45:00,10:55:00,2020-08-09 15:20:46,1.8,500,19
3917,KY9114,ZH9114,07:45:00,10:55:00,2020-08-10 16:35:27,1.8,500,18
3980,KY9114,ZH9114,07:45:00,10:55:00,2020-08-11 15:06:30,1.8,500,17
4038,KY9114,ZH9114,07:45:00,10:55:00,2020-08-12 14:13:29,1.8,500,16
4097,KY9114,ZH9114,07:45:00,10:55:00,2020-08-13 15:03:09,1.8,500,15
4159,KY9114,ZH9114,07:45:00,10:55:00,2020-08-14 15:33:01,1.8,500,14
4217,KY9114,ZH9114,07:45:00,10:55:00,2020-08-15 15:02:10,1.8,500,13
4277,KY9114,ZH9114,07:45:00,10:55:00,2020-08-16 15:03:44,1.8,500,12
4340,KY9114,ZH9114,07:45:00,10:55:00,2020-08-17 15:16:17,1.8,500,11
4398,KY9114,ZH9114,07:45:00,10:55:00,2020-08-18 14:08:13,1.8,500,10
4451,KY9114,ZH9114,07:45:00,10:55:00,2020-08-19 14:10:15,1.8,500,9
4519,KY9114,ZH9114,07:45:00,10:55:00,2020-08-20 15:16:05,1.8,500,8
4579,KY9114,ZH9114,07:45:00,10:55:00,2020-08-21 16:48:23,1.8,500,7
4638,KY9114,ZH9114,07:45:00,10:55:00,2020-08-22 14:59:27,1.8,500,6
4698,KY9114,ZH9114,07:45:00,10:55:00,2020-08-23 14:35:16,1.8,500,5
4750,KY9114,ZH9114,07:45:00,10:55:00,2020-08-24 17:52:36,1.8,500,4
4819,KY9114,ZH9114,07:45:00,10:55:00,2020-08-25 15:25:30,1.8,500,3
4878,KY9114,ZH9114,07:45:00,10:55:00,2020-08-26 16:30:17,6.4,1760,2
4938,KY9114,ZH9114,07:45:00,10:55:00,2020-08-27 14:29:32,6.4,1760,1
4998,KY9114,ZH9114,07:45:00,10:55:00,2020-08-28 14:20:23,6.4,1760,0
2356,MF1045,CZ3152,13:00:00,16:25:00,2020-07-14 15:56:48,4.9,1350,45
2417,MF1045,CZ3152,13:00:00,16:25:00,2020-07-15 15:28:22,4.9,1350,44
2478,MF1045,CZ3152,13:00:00,16:25:00,2020-07-16 15:24:07,4.9,1350,43
2561,MF1045,CZ3152,13:00:00,16:25:00,2020-07-17 16:37:59,4.9,1350,42
2598,MF1045,CZ3152,13:00:00,16:25:00,2020-07-18 17:29:09,4.9,1350,41
2658,MF1045,CZ3152,13:00:00,16:25:00,2020-07-19 14:11:51,4.9,1350,40
2718,MF1045,CZ3152,13:00:00,16:25:00,2020-07-20 15:22:55,4.9,1350,39
2792,MF1045,CZ3152,13:00:00,16:25:00,2020-07-21 14:58:28,4.9,1350,38
2838,MF1045,CZ3152,13:00:00,16:25:00,2020-07-22 15:03:32,4.9,1350,37
2885,MF1045,CZ3152,13:00:00,16:25:00,2020-07-23 14:09:09,4.9,1350,36
2955,MF1045,CZ3152,13:00:00,16:25:00,2020-07-24 14:09:38,4.9,1350,35
3006,MF1045,CZ3152,13:00:00,16:25:00,2020-07-26 14:09:26,4.9,1350,33
3067,MF1045,CZ3152,13:00:00,16:25:00,2020-07-27 15:41:35,4.9,1350,32
3123,MF1045,CZ3152,13:00:00,16:25:00,2020-07-28 16:49:36,4.9,1350,31
3183,MF1045,CZ3152,13:00:00,16:25:00,2020-07-29 15:30:37,4.9,1350,30
3243,MF1045,CZ3152,13:00:00,16:25:00,2020-07-30 14:07:52,2.0,550,29
3304,MF1045,CZ3152,13:00:00,16:25:00,2020-07-31 14:12:29,2.0,550,28
3364,MF1045,CZ3152,13:00:00,16:25:00,2020-08-01 15:27:07,2.0,550,27
3424,MF1045,CZ3152,13:00:00,16:25:00,2020-08-02 16:54:02,2.0,550,26
3484,MF1045,CZ3152,13:00:00,16:25:00,2020-08-03 13:08:47,2.0,550,25
3544,MF1045,CZ3152,13:00:00,16:25:00,2020-08-04 14:16:08,2.0,550,24
3604,MF1045,CZ3152,13:00:00,16:25:00,2020-08-05 15:47:43,2.0,550,23
3664,MF1045,CZ3152,13:00:00,16:25:00,2020-08-06 14:23:57,2.0,550,22
3724,MF1045,CZ3152,13:00:00,16:25:00,2020-08-07 14:13:11,2.0,550,21
3804,MF1045,CZ3152,13:00:00,16:25:00,2020-08-08 15:44:50,2.0,550,20
3844,MF1045,CZ3152,13:00:00,16:25:00,2020-08-09 15:20:46,2.0,550,19
3904,MF1045,CZ3152,13:00:00,16:25:00,2020-08-10 16:35:27,2.0,550,18
3964,MF1045,CZ3152,13:00:00,16:25:00,2020-08-11 15:06:30,2.0,550,17
4024,MF1045,CZ3152,13:00:00,16:25:00,2020-08-12 14:13:29,2.0,550,16
4084,MF1045,CZ3152,13:00:00,16:25:00,2020-08-13 15:03:09,2.0,550,15
4144,MF1045,CZ3152,13:00:00,16:25:00,2020-08-14 15:33:01,1.9,520,14
4204,MF1045,CZ3152,13:00:00,16:25:00,2020-08-15 15:02:10,1.9,520,13
4264,MF1045,CZ3152,13:00:00,16:25:00,2020-08-16 15:03:44,1.9,520,12
4324,MF1045,CZ3152,13:00:00,16:25:00,2020-08-17 15:16:17,1.9,520,11
4384,MF1045,CZ3152,13:00:00,16:25:00,2020-08-18 14:08:13,1.9,520,10
4465,MF1045,CZ3152,13:00:00,16:25:00,2020-08-19 14:10:15,1.9,520,9
4505,MF1045,CZ3152,13:00:00,16:25:00,2020-08-20 15:16:05,1.9,520,8
4565,MF1045,CZ3152,13:00:00,16:25:00,2020-08-21 16:48:23,1.9,520,7
4624,MF1045,CZ3152,13:00:00,16:25:00,2020-08-22 14:59:27,1.9,520,6
4684,MF1045,CZ3152,13:00:00,16:25:00,2020-08-23 14:35:16,1.9,520,5
4763,MF1045,CZ3152,13:00:00,16:25:00,2020-08-24 17:52:36,1.9,520,4
4804,MF1045,CZ3152,13:00:00,16:25:00,2020-08-25 15:25:30,1.9,520,3
4864,MF1045,CZ3152,13:00:00,16:25:00,2020-08-26 16:30:17,5.9,1630,2
4924,MF1045,CZ3152,13:00:00,16:25:00,2020-08-27 14:29:32,5.9,1630,1
4984,MF1045,CZ3152,13:00:00,16:25:00,2020-08-28 14:20:23,6.9,1910,0
3117,MF1049,CZ3156,09:00:00,12:25:00,2020-07-28 16:49:36,3.0,830,31
3177,MF1049,CZ3156,09:00:00,12:25:00,2020-07-29 15:30:37,3.0,830,30
3237,MF1049,CZ3156,09:00:00,12:25:00,2020-07-30 14:07:52,3.0,830,29
3297,MF1049,CZ3156,09:00:00,12:25:00,2020-07-31 14:12:29,3.0,830,28
3357,MF1049,CZ3156,09:00:00,12:30:00,2020-08-01 15:27:07,3.0,830,27
3417,MF1049,CZ3156,09:00:00,12:30:00,2020-08-02 16:54:02,3.0,830,26
3477,MF1049,CZ3156,09:00:00,12:30:00,2020-08-03 13:08:47,2.0,550,25
3537,MF1049,CZ3156,09:00:00,12:30:00,2020-08-04 14:16:08,2.0,550,24
3597,MF1049,CZ3156,09:00:00,12:30:00,2020-08-05 15:47:43,2.0,550,23
3657,MF1049,CZ3156,09:00:00,12:30:00,2020-08-06 14:23:57,2.0,550,22
3717,MF1049,CZ3156,09:00:00,12:30:00,2020-08-07 14:13:11,2.0,550,21
3811,MF1049,CZ3156,09:00:00,12:30:00,2020-08-08 15:44:50,2.0,550,20
3837,MF1049,CZ3156,09:00:00,12:30:00,2020-08-09 15:20:46,2.0,550,19
3897,MF1049,CZ3156,09:00:00,12:30:00,2020-08-10 16:35:27,2.0,550,18
3957,MF1049,CZ3156,09:00:00,12:30:00,2020-08-11 15:06:30,2.0,550,17
4017,MF1049,CZ3156,09:00:00,12:30:00,2020-08-12 14:13:29,2.0,550,16
4077,MF1049,CZ3156,09:00:00,12:30:00,2020-08-13 15:03:09,2.0,550,15
4137,MF1049,CZ3156,09:00:00,12:30:00,2020-08-14 15:33:01,1.9,520,14
4197,MF1049,CZ3156,09:00:00,12:30:00,2020-08-15 15:02:10,1.9,520,13
4257,MF1049,CZ3156,09:00:00,12:30:00,2020-08-16 15:03:44,1.9,520,12
4317,MF1049,CZ3156,09:00:00,12:30:00,2020-08-17 15:16:17,1.9,520,11
4377,MF1049,CZ3156,09:00:00,12:30:00,2020-08-18 14:08:13,1.9,520,10
4472,MF1049,CZ3156,09:00:00,12:30:00,2020-08-19 14:10:15,1.9,520,9
4498,MF1049,CZ3156,09:00:00,12:30:00,2020-08-20 15:16:05,1.9,520,8
4558,MF1049,CZ3156,09:00:00,12:30:00,2020-08-21 16:48:23,1.9,520,7
4617,MF1049,CZ3156,09:00:00,12:30:00,2020-08-22 14:59:27,1.9,520,6
4677,MF1049,CZ3156,09:00:00,12:30:00,2020-08-23 14:35:16,1.9,520,5
4770,MF1049,CZ3156,09:00:00,12:30:00,2020-08-24 17:52:36,1.9,520,4
4797,MF1049,CZ3156,09:00:00,12:30:00,2020-08-25 15:25:30,1.9,520,3
4857,MF1049,CZ3156,09:00:00,12:30:00,2020-08-26 16:30:17,5.9,1630,2
4917,MF1049,CZ3156,09:00:00,12:30:00,2020-08-27 14:29:32,5.9,1630,1
4977,MF1049,CZ3156,09:00:00,12:30:00,2020-08-28 14:20:23,6.9,1910,0
2369,MF1053,CZ3160,15:15:00,18:30:00,2020-07-14 15:56:48,4.9,1350,45
2430,MF1053,CZ3160,15:15:00,18:30:00,2020-07-15 15:28:22,4.9,1350,44
2494,MF1053,CZ3160,15:15:00,18:30:00,2020-07-16 15:24:07,4.9,1350,43
2547,MF1053,CZ3160,15:15:00,18:30:00,2020-07-17 16:37:59,4.9,1350,42
2612,MF1053,CZ3160,15:15:00,18:30:00,2020-07-18 17:29:09,4.9,1350,41
2671,MF1053,CZ3160,15:15:00,18:30:00,2020-07-19 14:11:51,4.9,1350,40
2731,MF1053,CZ3160,15:15:00,18:30:00,2020-07-20 15:22:55,4.9,1350,39
2806,MF1053,CZ3160,15:15:00,18:30:00,2020-07-21 14:58:28,4.9,1350,38
2851,MF1053,CZ3160,15:15:00,18:30:00,2020-07-22 15:03:32,4.9,1350,37
2906,MF1053,CZ3160,15:15:00,18:30:00,2020-07-23 14:09:09,4.9,1350,36
2969,MF1053,CZ3160,15:15:00,18:30:00,2020-07-24 14:09:38,4.9,1350,35
3020,MF1053,CZ3160,15:15:00,18:30:00,2020-07-26 14:09:26,4.9,1350,33
3082,MF1053,CZ3160,15:15:00,18:30:00,2020-07-27 15:41:35,4.9,1350,32
3137,MF1053,CZ3160,15:15:00,18:30:00,2020-07-28 16:49:36,4.9,1350,31
3197,MF1053,CZ3160,15:15:00,18:30:00,2020-07-29 15:30:37,4.9,1350,30
3256,MF1053,CZ3160,15:15:00,18:30:00,2020-07-30 14:07:52,2.0,550,29
3316,MF1053,CZ3160,15:15:00,18:30:00,2020-07-31 14:12:29,2.0,550,28
3379,MF1053,CZ3160,15:15:00,18:30:00,2020-08-01 15:27:07,2.0,550,27
3436,MF1053,CZ3160,15:15:00,18:30:00,2020-08-02 16:54:02,2.0,550,26
3497,MF1053,CZ3160,15:15:00,18:30:00,2020-08-03 13:08:47,2.0,550,25
3556,MF1053,CZ3160,15:15:00,18:30:00,2020-08-04 14:16:08,2.0,550,24
3616,MF1053,CZ3160,15:15:00,18:30:00,2020-08-05 15:47:43,2.0,550,23
3680,MF1053,CZ3160,15:15:00,18:30:00,2020-08-06 14:23:57,2.0,550,22
3737,MF1053,CZ3160,15:15:00,18:30:00,2020-08-07 14:13:11,2.0,550,21
3791,MF1053,CZ3160,15:15:00,18:30:00,2020-08-08 15:44:50,2.0,550,20
3856,MF1053,CZ3160,15:15:00,18:30:00,2020-08-09 15:20:46,2.0,550,19
3916,MF1053,CZ3160,15:15:00,18:30:00,2020-08-10 16:35:27,2.0,550,18
3979,MF1053,CZ3160,15:15:00,18:30:00,2020-08-11 15:06:30,2.0,550,17
4037,MF1053,CZ3160,15:15:00,18:30:00,2020-08-12 14:13:29,2.0,550,16
4096,MF1053,CZ3160,15:15:00,18:30:00,2020-08-13 15:03:09,2.0,550,15
4158,MF1053,CZ3160,15:15:00,18:30:00,2020-08-14 15:33:01,1.9,520,14
4216,MF1053,CZ3160,15:15:00,18:30:00,2020-08-15 15:02:10,1.9,520,13
4276,MF1053,CZ3160,15:15:00,18:30:00,2020-08-16 15:03:44,1.9,520,12
4339,MF1053,CZ3160,15:15:00,18:30:00,2020-08-17 15:16:17,1.9,520,11
4397,MF1053,CZ3160,15:15:00,18:30:00,2020-08-18 14:08:13,1.9,520,10
4452,MF1053,CZ3160,15:15:00,18:30:00,2020-08-19 14:10:15,1.9,520,9
4518,MF1053,CZ3160,15:15:00,18:30:00,2020-08-20 15:16:05,1.9,520,8
4578,MF1053,CZ3160,15:15:00,18:30:00,2020-08-21 16:48:23,1.9,520,7
4637,MF1053,CZ3160,15:15:00,18:30:00,2020-08-22 14:59:27,1.9,520,6
4697,MF1053,CZ3160,15:15:00,18:30:00,2020-08-23 14:35:16,1.9,520,5
4751,MF1053,CZ3160,15:15:00,18:30:00,2020-08-24 17:52:36,1.9,520,4
4818,MF1053,CZ3160,15:15:00,18:30:00,2020-08-25 15:25:30,1.9,520,3
4877,MF1053,CZ3160,15:15:00,18:30:00,2020-08-26 16:30:17,5.9,1630,2
4937,MF1053,CZ3160,15:15:00,18:30:00,2020-08-27 14:29:32,5.9,1630,1
4997,MF1053,CZ3160,15:15:00,18:30:00,2020-08-28 14:20:23,6.9,1910,0
2379,MF1077,CZ3190,20:00:00,23:30:00,2020-07-14 15:56:48,4.9,1350,45
2440,MF1077,CZ3190,20:00:00,23:30:00,2020-07-15 15:28:22,4.9,1350,44
2504,MF1077,CZ3190,20:00:00,23:30:00,2020-07-16 15:24:07,4.9,1350,43
2537,MF1077,CZ3190,20:00:00,23:30:00,2020-07-17 16:37:59,4.9,1350,42
2622,MF1077,CZ3190,20:00:00,23:30:00,2020-07-18 17:29:09,4.9,1350,41
2681,MF1077,CZ3190,20:00:00,23:30:00,2020-07-19 14:11:51,4.9,1350,40
2741,MF1077,CZ3190,20:00:00,23:30:00,2020-07-20 15:22:55,4.9,1350,39
2816,MF1077,CZ3190,20:00:00,23:30:00,2020-07-21 14:58:28,4.9,1350,38
2861,MF1077,CZ3190,20:00:00,23:30:00,2020-07-22 15:03:32,4.9,1350,37
2916,MF1077,CZ3190,20:00:00,23:30:00,2020-07-23 14:09:09,4.9,1350,36
2978,MF1077,CZ3190,20:00:00,23:30:00,2020-07-24 14:09:38,4.9,1350,35
3030,MF1077,CZ3190,20:00:00,23:30:00,2020-07-26 14:09:26,4.9,1350,33
3093,MF1077,CZ3190,20:00:00,23:30:00,2020-07-27 15:41:35,4.9,1350,32
3148,MF1077,CZ3190,20:00:00,23:30:00,2020-07-28 16:49:36,4.9,1350,31
3209,MF1077,CZ3190,20:00:00,23:30:00,2020-07-29 15:30:37,4.9,1350,30
3268,MF1077,CZ3190,20:00:00,23:30:00,2020-07-30 14:07:52,2.0,550,29
3328,MF1077,CZ3190,20:00:00,23:30:00,2020-07-31 14:12:29,2.0,550,28
3391,MF1077,CZ3190,20:00:00,23:30:00,2020-08-01 15:27:07,2.0,550,27
3448,MF1077,CZ3190,20:00:00,23:30:00,2020-08-02 16:54:02,2.0,550,26
3509,MF1077,CZ3190,20:00:00,23:30:00,2020-08-03 13:08:47,2.0,550,25
3568,MF1077,CZ3190,20:00:00,23:30:00,2020-08-04 14:16:08,2.0,550,24
3628,MF1077,CZ3190,20:00:00,23:30:00,2020-08-05 15:47:43,2.0,550,23
3693,MF1077,CZ3190,20:00:00,23:30:00,2020-08-06 14:23:57,1.8,500,22
3749,MF1077,CZ3190,20:00:00,23:30:00,2020-08-07 14:13:11,1.8,500,21
3764,MF1077,CZ3190,20:00:00,23:30:00,2020-08-08 15:44:50,1.8,500,20
3868,MF1077,CZ3190,20:00:00,23:30:00,2020-08-09 15:20:46,1.8,500,19
3928,MF1077,CZ3190,20:00:00,23:30:00,2020-08-10 16:35:27,1.8,500,18
3991,MF1077,CZ3190,20:00:00,23:30:00,2020-08-11 15:06:30,1.8,500,17
4049,MF1077,CZ3190,20:00:00,23:30:00,2020-08-12 14:13:29,1.8,500,16
4108,MF1077,CZ3190,20:00:00,23:30:00,2020-08-13 15:03:09,1.8,500,15
4170,MF1077,CZ3190,20:00:00,23:30:00,2020-08-14 15:33:01,1.8,500,14
4228,MF1077,CZ3190,20:00:00,23:30:00,2020-08-15 15:02:10,1.8,500,13
4288,MF1077,CZ3190,20:00:00,23:30:00,2020-08-16 15:03:44,1.8,500,12
4351,MF1077,CZ3190,20:00:00,23:30:00,2020-08-17 15:16:17,1.8,500,11
4408,MF1077,CZ3190,20:00:00,23:30:00,2020-08-18 14:08:13,1.8,500,10
4440,MF1077,CZ3190,20:00:00,23:30:00,2020-08-19 14:10:15,1.8,500,9
4530,MF1077,CZ3190,20:00:00,23:30:00,2020-08-20 15:16:05,1.8,500,8
4590,MF1077,CZ3190,20:00:00,23:30:00,2020-08-21 16:48:23,1.8,500,7
4649,MF1077,CZ3190,20:00:00,23:30:00,2020-08-22 14:59:27,1.8,500,6
4709,MF1077,CZ3190,20:00:00,23:30:00,2020-08-23 14:35:16,1.8,500,5
4739,MF1077,CZ3190,20:00:00,23:30:00,2020-08-24 17:52:36,1.8,500,4
4830,MF1077,CZ3190,20:00:00,23:30:00,2020-08-25 15:25:30,1.8,500,3
4888,MF1077,CZ3190,20:00:00,23:30:00,2020-08-26 16:30:17,5.3,1470,2
4949,MF1077,CZ3190,20:00:00,23:30:00,2020-08-27 14:29:32,5.3,1470,1
5012,MF1077,CZ3190,20:00:00,23:30:00,2020-08-28 14:20:23,5.9,1630,0
5033,MF1077,CZ3190,20:00:00,23:30:00,2020-08-29 14:31:21,5.9,1630,0
3058,MF1079,CZ3192,10:00:00,13:25:00,2020-07-27 15:41:35,3.0,830,32
3113,MF1079,CZ3192,10:00:00,13:25:00,2020-07-28 16:49:36,3.0,830,31
3173,MF1079,CZ3192,10:00:00,13:25:00,2020-07-29 15:30:37,3.0,830,30
3233,MF1079,CZ3192,10:00:00,13:25:00,2020-07-30 14:07:52,3.0,830,29
3293,MF1079,CZ3192,10:00:00,13:25:00,2020-07-31 14:12:29,3.0,830,28
3353,MF1079,CZ3192,10:00:00,13:25:00,2020-08-01 15:27:07,3.0,830,27
3413,MF1079,CZ3192,10:00:00,13:25:00,2020-08-02 16:54:02,3.0,830,26
3473,MF1079,CZ3192,10:00:00,13:25:00,2020-08-03 13:08:47,2.0,550,25
3533,MF1079,CZ3192,10:00:00,13:25:00,2020-08-04 14:16:08,2.0,550,24
3593,MF1079,CZ3192,10:00:00,13:25:00,2020-08-05 15:47:43,2.0,550,23
3653,MF1079,CZ3192,10:00:00,13:25:00,2020-08-06 14:23:57,2.0,550,22
3713,MF1079,CZ3192,10:00:00,13:25:00,2020-08-07 14:13:11,2.0,550,21
3815,MF1079,CZ3192,10:00:00,13:25:00,2020-08-08 15:44:50,2.0,550,20
3833,MF1079,CZ3192,10:00:00,13:25:00,2020-08-09 15:20:46,2.0,550,19
3893,MF1079,CZ3192,10:00:00,13:25:00,2020-08-10 16:35:27,2.0,550,18
3953,MF1079,CZ3192,10:00:00,13:25:00,2020-08-11 15:06:30,2.0,550,17
4013,MF1079,CZ3192,10:00:00,13:25:00,2020-08-12 14:13:29,2.0,550,16
4073,MF1079,CZ3192,10:00:00,13:25:00,2020-08-13 15:03:09,2.0,550,15
4133,MF1079,CZ3192,10:00:00,13:25:00,2020-08-14 15:33:01,1.9,520,14
4193,MF1079,CZ3192,10:00:00,13:25:00,2020-08-15 15:02:10,1.9,520,13
4253,MF1079,CZ3192,10:00:00,13:25:00,2020-08-16 15:03:44,1.9,520,12
4313,MF1079,CZ3192,10:00:00,13:25:00,2020-08-17 15:16:17,1.9,520,11
4373,MF1079,CZ3192,10:00:00,13:25:00,2020-08-18 14:08:13,1.9,520,10
4476,MF1079,CZ3192,10:00:00,13:25:00,2020-08-19 14:10:15,1.9,520,9
4494,MF1079,CZ3192,10:00:00,13:25:00,2020-08-20 15:16:05,1.9,520,8
4554,MF1079,CZ3192,10:00:00,13:25:00,2020-08-21 16:48:23,1.9,520,7
4613,MF1079,CZ3192,10:00:00,13:25:00,2020-08-22 14:59:27,1.9,520,6
4673,MF1079,CZ3192,10:00:00,13:25:00,2020-08-23 14:35:16,1.9,520,5
4774,MF1079,CZ3192,10:00:00,13:25:00,2020-08-24 17:52:36,1.9,520,4
4793,MF1079,CZ3192,10:00:00,13:25:00,2020-08-25 15:25:30,1.9,520,3
4853,MF1079,CZ3192,10:00:00,13:25:00,2020-08-26 16:30:17,5.9,1630,2
4913,MF1079,CZ3192,10:00:00,13:25:00,2020-08-27 14:29:32,5.9,1630,1
4973,MF1079,CZ3192,10:00:00,13:25:00,2020-08-28 14:20:23,6.9,1910,0
2372,MF1486,CZ3961,17:00:00,20:35:00,2020-07-14 15:56:48,4.9,1350,45
2433,MF1486,CZ3961,17:00:00,20:35:00,2020-07-15 15:28:22,4.9,1350,44
2497,MF1486,CZ3961,17:00:00,20:35:00,2020-07-16 15:24:07,4.9,1350,43
2544,MF1486,CZ3961,17:00:00,20:35:00,2020-07-17 16:37:59,4.9,1350,42
2615,MF1486,CZ3961,17:00:00,20:35:00,2020-07-18 17:29:09,4.9,1350,41
2674,MF1486,CZ3961,17:00:00,20:35:00,2020-07-19 14:11:51,4.9,1350,40
2734,MF1486,CZ3961,17:00:00,20:35:00,2020-07-20 15:22:55,4.9,1350,39
2809,MF1486,CZ3961,17:00:00,20:35:00,2020-07-21 14:58:28,4.9,1350,38
2854,MF1486,CZ3961,17:00:00,20:35:00,2020-07-22 15:03:32,4.9,1350,37
2909,MF1486,CZ3961,17:00:00,20:35:00,2020-07-23 14:09:09,4.9,1350,36
2971,MF1486,CZ3961,17:00:00,20:35:00,2020-07-24 14:09:38,4.9,1350,35
3022,MF1486,CZ3961,17:00:00,20:35:00,2020-07-26 14:09:26,4.9,1350,33
3084,MF1486,CZ3961,17:00:00,20:35:00,2020-07-27 15:41:35,4.9,1350,32
3140,MF1486,CZ3961,17:00:00,20:35:00,2020-07-28 16:49:36,4.9,1350,31
3200,MF1486,CZ3961,17:00:00,20:35:00,2020-07-29 15:30:37,4.9,1350,30
3259,MF1486,CZ3961,17:00:00,20:35:00,2020-07-30 14:07:52,2.0,550,29
3319,MF1486,CZ3961,17:00:00,20:35:00,2020-07-31 14:12:29,2.0,550,28
3382,MF1486,CZ3961,17:00:00,20:35:00,2020-08-01 15:27:07,2.0,550,27
3439,MF1486,CZ3961,17:00:00,20:35:00,2020-08-02 16:54:02,2.0,550,26
3500,MF1486,CZ3961,17:00:00,20:35:00,2020-08-03 13:08:47,2.0,550,25
3559,MF1486,CZ3961,17:00:00,20:35:00,2020-08-04 14:16:08,2.0,550,24
3619,MF1486,CZ3961,17:00:00,20:35:00,2020-08-05 15:47:43,2.0,550,23
3683,MF1486,CZ3961,17:00:00,20:35:00,2020-08-06 14:23:57,2.0,550,22
3740,MF1486,CZ3961,17:00:00,20:35:00,2020-08-07 14:13:11,2.0,550,21
3788,MF1486,CZ3961,17:00:00,20:35:00,2020-08-08 15:44:50,2.0,550,20
3859,MF1486,CZ3961,17:00:00,20:35:00,2020-08-09 15:20:46,2.0,550,19
3919,MF1486,CZ3961,17:00:00,20:35:00,2020-08-10 16:35:27,2.0,550,18
3982,MF1486,CZ3961,17:00:00,20:35:00,2020-08-11 15:06:30,2.0,550,17
4040,MF1486,CZ3961,17:00:00,20:35:00,2020-08-12 14:13:29,2.0,550,16
4099,MF1486,CZ3961,17:00:00,20:35:00,2020-08-13 15:03:09,2.0,550,15
4161,MF1486,CZ3961,17:00:00,20:35:00,2020-08-14 15:33:01,1.9,520,14
4219,MF1486,CZ3961,17:00:00,20:35:00,2020-08-15 15:02:10,1.9,520,13
4279,MF1486,CZ3961,17:00:00,20:35:00,2020-08-16 15:03:44,1.9,520,12
4342,MF1486,CZ3961,17:00:00,20:35:00,2020-08-17 15:16:17,1.9,520,11
4400,MF1486,CZ3961,17:00:00,20:35:00,2020-08-18 14:08:13,1.9,520,10
4449,MF1486,CZ3961,17:00:00,20:35:00,2020-08-19 14:10:15,1.9,520,9
4521,MF1486,CZ3961,17:00:00,20:35:00,2020-08-20 15:16:05,1.9,520,8
4581,MF1486,CZ3961,17:00:00,20:35:00,2020-08-21 16:48:23,1.9,520,7
4640,MF1486,CZ3961,17:00:00,20:35:00,2020-08-22 14:59:27,1.9,520,6
4700,MF1486,CZ3961,17:00:00,20:35:00,2020-08-23 14:35:16,1.9,520,5
4748,MF1486,CZ3961,17:00:00,20:35:00,2020-08-24 17:52:36,1.9,520,4
4821,MF1486,CZ3961,17:00:00,20:35:00,2020-08-25 15:25:30,1.9,520,3
4880,MF1486,CZ3961,17:00:00,20:35:00,2020-08-26 16:30:17,5.9,1630,2
4940,MF1486,CZ3961,17:00:00,20:35:00,2020-08-27 14:29:32,5.9,1630,1
5001,MF1486,CZ3961,17:00:00,20:35:00,2020-08-28 14:20:23,6.9,1910,0
5042,MF1486,CZ3961,17:00:00,20:35:00,2020-08-29 14:31:21,6.9,1910,0
2338,MU5391,,09:05:00,12:25:00,2020-07-14 15:56:48,3.4,780,45
2399,MU5391,,09:05:00,12:25:00,2020-07-15 15:28:22,3.4,780,44
2460,MU5391,,09:05:00,12:25:00,2020-07-16 15:24:07,3.4,780,43
2577,MU5391,,09:05:00,12:25:00,2020-07-17 16:37:59,2.9,660,42
2590,MU5391,,09:05:00,12:25:00,2020-07-18 17:29:09,2.9,660,41
2641,MU5391,,09:05:00,12:25:00,2020-07-19 14:11:51,2.9,660,40
2701,MU5391,,09:05:00,12:25:00,2020-07-20 15:22:55,3.1,710,39
2773,MU5391,,09:05:00,12:25:00,2020-07-21 14:58:28,2.9,660,38
2821,MU5391,,09:05:00,12:25:00,2020-07-22 15:03:32,2.9,660,37
2887,MU5391,,09:05:00,12:25:00,2020-07-23 14:09:09,2.9,660,36
2941,MU5391,,09:05:00,12:25:00,2020-07-24 14:09:38,2.9,660,35
3046,MU5391,,09:05:00,12:25:00,2020-07-26 14:09:26,2.9,660,33
3052,MU5391,,09:05:00,12:25:00,2020-07-27 15:41:35,2.9,660,32
3106,MU5391,,09:05:00,12:25:00,2020-07-28 16:49:36,2.9,660,31
3166,MU5391,,09:05:00,12:25:00,2020-07-29 15:30:37,2.9,660,30
3226,MU5391,,09:05:00,12:25:00,2020-07-30 14:07:52,2.9,660,29
3286,MU5391,,09:05:00,12:25:00,2020-07-31 14:12:29,2.2,510,28
3346,MU5391,,09:05:00,12:25:00,2020-08-01 15:27:07,2.2,510,27
3406,MU5391,,09:05:00,12:25:00,2020-08-02 16:54:02,2.2,510,26
3466,MU5391,,09:05:00,12:25:00,2020-08-03 13:08:47,2.2,510,25
3526,MU5391,,09:05:00,12:25:00,2020-08-04 14:16:08,2.2,510,24
3586,MU5391,,09:05:00,12:25:00,2020-08-05 15:47:43,2.2,510,23
3646,MU5391,,09:05:00,12:25:00,2020-08-06 14:23:57,2.2,510,22
3706,MU5391,,09:05:00,12:25:00,2020-08-07 14:13:11,2.2,510,21
3822,MU5391,,09:05:00,12:25:00,2020-08-08 15:44:50,2.2,510,20
3826,MU5391,,09:05:00,12:25:00,2020-08-09 15:20:46,2.2,510,19
3886,MU5391,,09:05:00,12:25:00,2020-08-10 16:35:27,2.2,510,18
3946,MU5391,,09:05:00,12:25:00,2020-08-11 15:06:30,2.2,510,17
4006,MU5391,,09:05:00,12:25:00,2020-08-12 14:13:29,2.2,510,16
4066,MU5391,,09:05:00,12:25:00,2020-08-13 15:03:09,2.2,510,15
4126,MU5391,,09:05:00,12:25:00,2020-08-14 15:33:01,2.2,510,14
4186,MU5391,,09:05:00,12:25:00,2020-08-15 15:02:10,2.3,520,13
4246,MU5391,,09:05:00,12:25:00,2020-08-16 15:03:44,2.3,520,12
4306,MU5391,,09:05:00,12:25:00,2020-08-17 15:16:17,2.4,545,11
4366,MU5391,,09:05:00,12:25:00,2020-08-18 14:08:13,2.2,510,10
4483,MU5391,,09:05:00,12:25:00,2020-08-19 14:10:15,2.4,545,9
4487,MU5391,,09:05:00,12:25:00,2020-08-20 15:16:05,2.2,510,8
4547,MU5391,,09:05:00,12:25:00,2020-08-21 16:48:23,2.4,545,7
4606,MU5391,,09:05:00,12:25:00,2020-08-22 14:59:27,2.2,510,6
4666,MU5391,,09:05:00,12:25:00,2020-08-23 14:35:16,2.2,510,5
4781,MU5391,,09:05:00,12:25:00,2020-08-24 17:52:36,2.4,545,4
4786,MU5391,,09:05:00,12:25:00,2020-08-25 15:25:30,2.2,510,3
4846,MU5391,,09:05:00,12:25:00,2020-08-26 16:30:17,4.6,1060,2
4906,MU5391,,09:05:00,12:25:00,2020-08-27 14:29:32,5.8,1315,1
4966,MU5391,,09:05:00,12:25:00,2020-08-28 14:20:23,6.1,1400,0
2343,Y87711,HU7711,09:05:00,12:30:00,2020-07-14 15:56:48,7.6,1900,45
2404,Y87711,HU7711,09:05:00,12:30:00,2020-07-15 15:28:22,7.6,1900,44
2518,Y87711,HU7711,09:05:00,12:30:00,2020-07-16 15:24:07,7.6,1900,43
2573,Y87711,HU7711,09:05:00,12:30:00,2020-07-17 16:37:59,7.6,1900,42
2585,Y87711,HU7711,09:05:00,12:30:00,2020-07-18 17:29:09,7.6,1900,41
2646,Y87711,HU7711,09:05:00,12:30:00,2020-07-19 14:11:51,7.6,1900,40
2706,Y87711,HU7711,09:05:00,12:30:00,2020-07-20 15:22:55,7.6,1900,39
2778,Y87711,HU7711,09:05:00,12:30:00,2020-07-21 14:58:28,7.6,1900,38
2826,Y87711,HU7711,09:05:00,12:30:00,2020-07-22 15:03:32,7.6,1900,37
2892,Y87711,HU7711,09:05:00,12:30:00,2020-07-23 14:09:09,7.6,1900,36
2946,Y87711,HU7711,09:05:00,12:30:00,2020-07-24 14:09:38,7.6,1900,35
2997,Y87711,HU7711,09:05:00,12:30:00,2020-07-26 14:09:26,7.6,1900,33
3056,Y87711,HU7711,09:05:00,12:30:00,2020-07-27 15:41:35,7.6,1900,32
3111,Y87711,HU7711,09:05:00,12:30:00,2020-07-28 16:49:36,7.6,1900,31
3171,Y87711,HU7711,09:05:00,12:30:00,2020-07-29 15:30:37,7.6,1900,30
3231,Y87711,HU7711,09:05:00,12:30:00,2020-07-30 14:07:52,7.6,1900,29
3291,Y87711,HU7711,09:05:00,12:30:00,2020-07-31 14:12:29,7.6,1900,28
3351,Y87711,HU7711,09:05:00,12:30:00,2020-08-01 15:27:07,7.6,1900,27
3411,Y87711,HU7711,09:05:00,12:30:00,2020-08-02 16:54:02,7.6,1900,26
3471,Y87711,HU7711,09:05:00,12:30:00,2020-08-03 13:08:47,7.6,1900,25
3531,Y87711,HU7711,09:05:00,12:30:00,2020-08-04 14:16:08,7.6,1900,24
3591,Y87711,HU7711,09:05:00,12:30:00,2020-08-05 15:47:43,7.6,1900,23
3651,Y87711,HU7711,09:05:00,12:30:00,2020-08-06 14:23:57,7.6,1900,22
3711,Y87711,HU7711,09:05:00,12:30:00,2020-08-07 14:13:11,7.6,1900,21
3817,Y87711,HU7711,09:05:00,12:30:00,2020-08-08 15:44:50,7.6,1900,20
3831,Y87711,HU7711,09:05:00,12:30:00,2020-08-09 15:20:46,7.6,1900,19
3891,Y87711,HU7711,09:05:00,12:30:00,2020-08-10 16:35:27,7.6,1900,18
3951,Y87711,HU7711,09:05:00,12:30:00,2020-08-11 15:06:30,7.6,1900,17
4011,Y87711,HU7711,09:05:00,12:30:00,2020-08-12 14:13:29,7.6,1900,16
4071,Y87711,HU7711,09:05:00,12:30:00,2020-08-13 15:03:09,7.6,1900,15
4131,Y87711,HU7711,09:05:00,12:30:00,2020-08-14 15:33:01,7.6,1900,14
4191,Y87711,HU7711,09:05:00,12:30:00,2020-08-15 15:02:10,7.6,1900,13
4251,Y87711,HU7711,09:05:00,12:30:00,2020-08-16 15:03:44,7.6,1900,12
4311,Y87711,HU7711,09:05:00,12:30:00,2020-08-17 15:16:17,7.6,1900,11
4371,Y87711,HU7711,09:05:00,12:30:00,2020-08-18 14:08:13,7.6,1900,10
4478,Y87711,HU7711,09:05:00,12:30:00,2020-08-19 14:10:15,7.6,1900,9
4492,Y87711,HU7711,09:05:00,12:30:00,2020-08-20 15:16:05,7.6,1900,8
4552,Y87711,HU7711,09:05:00,12:30:00,2020-08-21 16:48:23,2.0,500,7
4611,Y87711,HU7711,09:05:00,12:30:00,2020-08-22 14:59:27,2.0,500,6
4671,Y87711,HU7711,09:05:00,12:30:00,2020-08-23 14:35:16,2.0,500,5
4776,Y87711,HU7711,09:05:00,12:30:00,2020-08-24 17:52:36,2.0,500,4
4791,Y87711,HU7711,09:05:00,12:30:00,2020-08-25 15:25:30,2.0,500,3
4851,Y87711,HU7711,09:05:00,12:30:00,2020-08-26 16:30:17,4.2,1050,2
4911,Y87711,HU7711,09:05:00,12:30:00,2020-08-27 14:29:32,5.4,1350,1
4971,Y87711,HU7711,09:05:00,12:30:00,2020-08-28 14:20:23,5.4,1350,0
2339,ZH1303,CA1303,13:15:00,16:55:00,2020-07-14 15:56:48,5.0,1380,45
2400,ZH1303,CA1303,13:15:00,16:55:00,2020-07-15 15:28:22,4.4,1219,44
2462,ZH1303,CA1303,13:15:00,16:55:00,2020-07-16 15:24:07,4.9,1351,43
2519,ZH1303,CA1303,13:15:00,16:55:00,2020-07-17 16:37:59,4.4,1223,42
2589,ZH1303,CA1303,13:15:00,16:55:00,2020-07-18 17:29:09,4.4,1219,41
2642,ZH1303,CA1303,13:15:00,16:55:00,2020-07-19 14:11:51,4.4,1219,40
2702,ZH1303,CA1303,13:15:00,16:55:00,2020-07-20 15:22:55,4.4,1219,39
2774,ZH1303,CA1303,13:15:00,16:55:00,2020-07-21 14:58:28,4.4,1219,38
2822,ZH1303,CA1303,13:15:00,16:55:00,2020-07-22 15:03:32,5.0,1380,37
2888,ZH1303,CA1303,13:15:00,16:55:00,2020-07-23 14:09:09,4.9,1361,36
2942,ZH1303,CA1303,13:15:00,16:55:00,2020-07-24 14:09:38,4.5,1248,35
2993,ZH1303,CA1303,13:15:00,16:55:00,2020-07-26 14:09:26,4.4,1219,33
3053,ZH1303,CA1303,13:15:00,16:55:00,2020-07-27 15:41:35,4.4,1218,32
3107,ZH1303,CA1303,13:15:00,16:55:00,2020-07-28 16:49:36,4.0,1088,31
3167,ZH1303,CA1303,13:15:00,16:55:00,2020-07-29 15:30:37,3.9,1059,30
3227,ZH1303,CA1303,13:15:00,16:55:00,2020-07-30 14:07:52,3.8,1055,29
3287,ZH1303,CA1303,13:15:00,16:55:00,2020-07-31 14:12:29,5.0,1380,28
3347,ZH1303,CA1303,13:15:00,16:55:00,2020-08-01 15:27:07,5.0,1380,27
3407,ZH1303,CA1303,13:15:00,16:55:00,2020-08-02 16:54:02,1.9,528,26
3467,ZH1303,CA1303,13:15:00,16:55:00,2020-08-03 13:08:47,1.9,528,25
3527,ZH1303,CA1303,13:15:00,16:55:00,2020-08-04 14:16:08,1.9,528,24
3587,ZH1303,CA1303,13:15:00,16:55:00,2020-08-05 15:47:43,4.9,1350,23
3647,ZH1303,CA1303,13:15:00,16:55:00,2020-08-06 14:23:57,2.0,541,22
3707,ZH1303,CA1303,13:15:00,16:55:00,2020-08-07 14:13:11,1.9,527,21
3821,ZH1303,CA1303,13:15:00,16:55:00,2020-08-08 15:44:50,2.0,538,20
3827,ZH1303,CA1303,13:15:00,16:55:00,2020-08-09 15:20:46,5.0,1380,19
3887,ZH1303,CA1303,13:15:00,16:55:00,2020-08-10 16:35:27,1.9,527,18
3947,ZH1303,CA1303,13:15:00,16:55:00,2020-08-11 15:06:30,1.9,527,17
4007,ZH1303,CA1303,13:15:00,16:55:00,2020-08-12 14:13:29,1.9,526,16
4067,ZH1303,CA1303,13:15:00,16:55:00,2020-08-13 15:03:09,5.0,1380,15
4127,ZH1303,CA1303,13:15:00,16:55:00,2020-08-14 15:33:01,5.0,1380,14
4187,ZH1303,CA1303,13:15:00,16:55:00,2020-08-15 15:02:10,1.8,499,13
4247,ZH1303,CA1303,13:15:00,16:55:00,2020-08-16 15:03:44,5.0,1380,12
4307,ZH1303,CA1303,13:15:00,16:55:00,2020-08-17 15:16:17,5.0,1380,11
4367,ZH1303,CA1303,13:15:00,16:55:00,2020-08-18 14:08:13,1.8,496,10
4482,ZH1303,CA1303,13:15:00,16:55:00,2020-08-19 14:10:15,5.0,1380,9
4488,ZH1303,CA1303,13:15:00,16:55:00,2020-08-20 15:16:05,1.8,498,8
4548,ZH1303,CA1303,13:15:00,16:55:00,2020-08-21 16:48:23,5.0,1380,7
4607,ZH1303,CA1303,13:15:00,16:55:00,2020-08-22 14:59:27,1.8,497,6
4667,ZH1303,CA1303,13:15:00,16:55:00,2020-08-23 14:35:16,1.8,497,5
4780,ZH1303,CA1303,13:15:00,16:55:00,2020-08-24 17:52:36,5.0,1380,4
4787,ZH1303,CA1303,13:15:00,16:55:00,2020-08-25 15:25:30,1.8,499,3
4847,ZH1303,CA1303,13:15:00,16:55:00,2020-08-26 16:30:17,5.8,1605,2
4907,ZH1303,CA1303,13:15:00,16:55:00,2020-08-27 14:29:32,7.6,2090,1
4967,ZH1303,CA1303,13:15:00,16:55:00,2020-08-28 14:20:23,6.8,1879,0
2391,ZH1305,CA1305,18:25:00,21:50:00,2020-07-14 15:56:48,5.0,1380,45
2452,ZH1305,CA1305,18:25:00,21:50:00,2020-07-15 15:28:22,4.4,1219,44
2516,ZH1305,CA1305,18:25:00,21:50:00,2020-07-16 15:24:07,3.9,1059,43
2525,ZH1305,CA1305,18:25:00,21:50:00,2020-07-17 16:37:59,4.0,1088,42
2634,ZH1305,CA1305,18:25:00,21:50:00,2020-07-18 17:29:09,3.9,1059,41
2693,ZH1305,CA1305,18:25:00,21:50:00,2020-07-19 14:11:51,4.0,1087,40
2753,ZH1305,CA1305,18:25:00,21:50:00,2020-07-20 15:22:55,3.9,1059,39
2765,ZH1305,CA1305,18:25:00,21:50:00,2020-07-21 14:58:28,3.9,1059,38
2873,ZH1305,CA1305,18:25:00,21:50:00,2020-07-22 15:03:32,5.0,1380,37
2928,ZH1305,CA1305,18:25:00,21:50:00,2020-07-23 14:09:09,3.9,1064,36
2989,ZH1305,CA1305,18:25:00,21:50:00,2020-07-24 14:09:38,3.9,1059,35
3041,ZH1305,CA1305,18:25:00,21:50:00,2020-07-26 14:09:26,3.9,1059,33
3048,ZH1305,CA1305,18:25:00,21:50:00,2020-07-27 15:41:35,4.0,1087,32
3160,ZH1305,CA1305,18:25:00,21:50:00,2020-07-28 16:49:36,4.0,1087,31
3221,ZH1305,CA1305,18:25:00,21:50:00,2020-07-29 15:30:37,3.9,1059,30
3280,ZH1305,CA1305,18:25:00,21:50:00,2020-07-30 14:07:52,3.8,1055,29
3340,ZH1305,CA1305,18:25:00,21:50:00,2020-07-31 14:12:29,5.0,1380,28
3403,ZH1305,CA1305,18:25:00,21:50:00,2020-08-01 15:27:07,5.0,1380,27
3460,ZH1305,CA1305,18:25:00,21:50:00,2020-08-02 16:54:02,1.9,528,26
3521,ZH1305,CA1305,18:25:00,21:50:00,2020-08-03 13:08:47,1.9,528,25
3580,ZH1305,CA1305,18:25:00,21:50:00,2020-08-04 14:16:08,1.9,528,24
3640,ZH1305,CA1305,18:25:00,21:50:00,2020-08-05 15:47:43,4.9,1350,23
3674,ZH1305,CA1305,18:25:00,21:50:00,2020-08-06 14:23:57,2.0,541,22
3760,ZH1305,CA1305,18:25:00,21:50:00,2020-08-07 14:13:11,1.9,527,21
3776,ZH1305,CA1305,18:25:00,21:50:00,2020-08-08 15:44:50,2.0,538,20
3880,ZH1305,CA1305,18:25:00,21:50:00,2020-08-09 15:20:46,5.0,1380,19
3940,ZH1305,CA1305,18:25:00,21:50:00,2020-08-10 16:35:27,1.9,510,18
4003,ZH1305,CA1305,18:25:00,21:50:00,2020-08-11 15:06:30,1.8,498,17
4061,ZH1305,CA1305,18:25:00,21:50:00,2020-08-12 14:13:29,1.8,497,16
4120,ZH1305,CA1305,18:25:00,21:50:00,2020-08-13 15:03:09,5.0,1380,15
4182,ZH1305,CA1305,18:25:00,21:50:00,2020-08-14 15:33:01,5.0,1380,14
4240,ZH1305,CA1305,18:25:00,21:50:00,2020-08-15 15:02:10,1.8,499,13
4300,ZH1305,CA1305,18:25:00,21:50:00,2020-08-16 15:03:44,5.0,1380,12
4363,ZH1305,CA1305,18:25:00,21:50:00,2020-08-17 15:16:17,5.0,1380,11
4420,ZH1305,CA1305,18:25:00,21:50:00,2020-08-18 14:08:13,1.8,496,10
4428,ZH1305,CA1305,18:25:00,21:50:00,2020-08-19 14:10:15,5.0,1380,9
4542,ZH1305,CA1305,18:25:00,21:50:00,2020-08-20 15:16:05,1.8,498,8
4602,ZH1305,CA1305,18:25:00,21:50:00,2020-08-21 16:48:23,5.0,1380,7
4661,ZH1305,CA1305,18:25:00,21:50:00,2020-08-22 14:59:27,1.8,497,6
4720,ZH1305,CA1305,18:25:00,21:50:00,2020-08-23 14:35:16,1.8,497,5
4727,ZH1305,CA1305,18:25:00,21:50:00,2020-08-24 17:52:36,5.0,1380,4
4842,ZH1305,CA1305,18:25:00,21:50:00,2020-08-25 15:25:30,1.8,499,3
4900,ZH1305,CA1305,18:25:00,21:50:00,2020-08-26 16:30:17,5.3,1452,2
4961,ZH1305,CA1305,18:25:00,21:50:00,2020-08-27 14:29:32,6.6,1820,1
5023,ZH1305,CA1305,18:25:00,21:50:00,2020-08-28 14:20:23,5.8,1605,0
5028,ZH1305,CA1305,18:25:00,21:50:00,2020-08-29 14:31:21,6.0,1640,0
2384,ZH1307,CA1307,20:30:00,23:50:00,2020-07-14 15:56:48,5.0,1380,45
2445,ZH1307,CA1307,20:30:00,23:50:00,2020-07-15 15:28:22,4.4,1219,44
2509,ZH1307,CA1307,20:30:00,23:50:00,2020-07-16 15:24:07,3.3,916,43
2532,ZH1307,CA1307,20:30:00,23:50:00,2020-07-17 16:37:59,3.3,916,42
2627,ZH1307,CA1307,20:30:00,23:50:00,2020-07-18 17:29:09,3.3,916,41
2686,ZH1307,CA1307,20:30:00,23:50:00,2020-07-19 14:11:51,3.3,916,40
2746,ZH1307,CA1307,20:30:00,23:50:00,2020-07-20 15:22:55,3.4,923,39
2790,ZH1307,CA1307,20:30:00,23:50:00,2020-07-21 14:58:28,3.3,916,38
2866,ZH1307,CA1307,20:30:00,23:50:00,2020-07-22 15:03:32,5.0,1380,37
2921,ZH1307,CA1307,20:30:00,23:50:00,2020-07-23 14:09:09,2.9,791,36
2350,ZH1313,CA1313,11:15:00,14:50:00,2020-07-14 15:56:48,5.0,1380,45
2411,ZH1313,CA1313,11:15:00,14:50:00,2020-07-15 15:28:22,4.4,1219,44
2471,ZH1313,CA1313,11:15:00,14:50:00,2020-07-16 15:24:07,4.9,1351,43
2567,ZH1313,CA1313,11:15:00,14:50:00,2020-07-17 16:37:59,4.4,1223,42
2592,ZH1313,CA1313,11:15:00,14:50:00,2020-07-18 17:29:09,4.4,1219,41
2652,ZH1313,CA1313,11:15:00,14:50:00,2020-07-19 14:11:51,4.4,1219,40
2712,ZH1313,CA1313,11:15:00,14:50:00,2020-07-20 15:22:55,4.4,1219,39
2784,ZH1313,CA1313,11:15:00,14:50:00,2020-07-21 14:58:28,4.4,1219,38
2832,ZH1313,CA1313,11:15:00,14:50:00,2020-07-22 15:03:32,5.0,1380,37
2879,ZH1313,CA1313,11:15:00,14:50:00,2020-07-23 14:09:09,4.9,1361,36
2950,ZH1313,CA1313,11:15:00,14:50:00,2020-07-24 14:09:38,4.5,1248,35
3001,ZH1313,CA1313,11:15:00,14:50:00,2020-07-26 14:09:26,4.4,1219,33
3062,ZH1313,CA1313,11:15:00,14:50:00,2020-07-27 15:41:35,4.4,1218,32
3118,ZH1313,CA1313,11:15:00,14:50:00,2020-07-28 16:49:36,2.9,789,31
3178,ZH1313,CA1313,11:15:00,14:50:00,2020-07-29 15:30:37,2.9,789,30
3238,ZH1313,CA1313,11:15:00,14:50:00,2020-07-30 14:07:52,2.9,789,29
3298,ZH1313,CA1313,11:15:00,14:50:00,2020-07-31 14:12:29,5.0,1380,28
3358,ZH1313,CA1313,11:15:00,14:50:00,2020-08-01 15:27:07,5.0,1380,27
3418,ZH1313,CA1313,11:15:00,14:50:00,2020-08-02 16:54:02,2.4,665,26
3478,ZH1313,CA1313,11:15:00,14:50:00,2020-08-03 13:08:47,2.4,667,25
3538,ZH1313,CA1313,11:15:00,14:50:00,2020-08-04 14:16:08,1.9,528,24
3598,ZH1313,CA1313,11:15:00,14:50:00,2020-08-05 15:47:43,4.9,1350,23
3658,ZH1313,CA1313,11:15:00,14:50:00,2020-08-06 14:23:57,2.0,541,22
3718,ZH1313,CA1313,11:15:00,14:50:00,2020-08-07 14:13:11,1.9,527,21
3810,ZH1313,CA1313,11:15:00,14:50:00,2020-08-08 15:44:50,2.0,538,20
3838,ZH1313,CA1313,11:15:00,14:50:00,2020-08-09 15:20:46,5.0,1380,19
3898,ZH1313,CA1313,11:15:00,14:50:00,2020-08-10 16:35:27,1.9,527,18
3958,ZH1313,CA1313,11:15:00,14:50:00,2020-08-11 15:06:30,1.9,527,17
4018,ZH1313,CA1313,11:15:00,14:50:00,2020-08-12 14:13:29,1.9,526,16
4078,ZH1313,CA1313,11:15:00,14:50:00,2020-08-13 15:03:09,5.0,1380,15
4138,ZH1313,CA1313,11:15:00,14:50:00,2020-08-14 15:33:01,5.0,1380,14
4198,ZH1313,CA1313,11:15:00,14:50:00,2020-08-15 15:02:10,1.8,499,13
4258,ZH1313,CA1313,11:15:00,14:50:00,2020-08-16 15:03:44,5.0,1380,12
4318,ZH1313,CA1313,11:15:00,14:50:00,2020-08-17 15:16:17,5.0,1380,11
4378,ZH1313,CA1313,11:15:00,14:50:00,2020-08-18 14:08:13,1.8,496,10
4471,ZH1313,CA1313,11:15:00,14:50:00,2020-08-19 14:10:15,5.0,1380,9
4499,ZH1313,CA1313,11:15:00,14:50:00,2020-08-20 15:16:05,1.8,498,8
4559,ZH1313,CA1313,11:15:00,14:50:00,2020-08-21 16:48:23,5.0,1380,7
4618,ZH1313,CA1313,11:15:00,14:50:00,2020-08-22 14:59:27,1.8,497,6
4678,ZH1313,CA1313,11:15:00,14:50:00,2020-08-23 14:35:16,1.8,497,5
4769,ZH1313,CA1313,11:15:00,14:50:00,2020-08-24 17:52:36,5.0,1380,4
4798,ZH1313,CA1313,11:15:00,14:50:00,2020-08-25 15:25:30,1.8,499,3
4858,ZH1313,CA1313,11:15:00,14:50:00,2020-08-26 16:30:17,5.8,1605,2
4918,ZH1313,CA1313,11:15:00,14:50:00,2020-08-27 14:29:32,7.6,2090,1
4978,ZH1313,CA1313,11:15:00,14:50:00,2020-08-28 14:20:23,6.8,1879,0
2357,ZH1357,CA1357,15:20:00,18:50:00,2020-07-14 15:56:48,5.0,1380,45
2418,ZH1357,CA1357,15:20:00,18:50:00,2020-07-15 15:28:22,4.4,1219,44
2479,ZH1357,CA1357,15:20:00,18:50:00,2020-07-16 15:24:07,4.9,1351,43
2560,ZH1357,CA1357,15:20:00,18:50:00,2020-07-17 16:37:59,4.4,1223,42
2600,ZH1357,CA1357,15:20:00,18:50:00,2020-07-18 17:29:09,4.4,1219,41
2660,ZH1357,CA1357,15:20:00,18:50:00,2020-07-19 14:11:51,4.4,1219,40
2720,ZH1357,CA1357,15:20:00,18:50:00,2020-07-20 15:22:55,4.4,1219,39
2794,ZH1357,CA1357,15:20:00,18:50:00,2020-07-21 14:58:28,4.4,1219,38
2840,ZH1357,CA1357,15:20:00,18:50:00,2020-07-22 15:03:32,5.0,1380,37
2894,ZH1357,CA1357,15:20:00,18:50:00,2020-07-23 14:09:09,4.9,1361,36
2958,ZH1357,CA1357,15:20:00,18:50:00,2020-07-24 14:09:38,4.5,1232,35
3009,ZH1357,CA1357,15:20:00,18:50:00,2020-07-26 14:09:26,4.4,1219,33
3071,ZH1357,CA1357,15:20:00,18:50:00,2020-07-27 15:41:35,4.4,1219,32
3126,ZH1357,CA1357,15:20:00,18:50:00,2020-07-28 16:49:36,4.0,1088,31
3186,ZH1357,CA1357,15:20:00,18:50:00,2020-07-29 15:30:37,3.9,1059,30
3246,ZH1357,CA1357,15:20:00,18:50:00,2020-07-30 14:07:52,3.8,1055,29
3305,ZH1357,CA1357,15:20:00,18:50:00,2020-07-31 14:12:29,5.0,1380,28
3365,ZH1357,CA1357,15:20:00,18:50:00,2020-08-01 15:27:07,5.0,1380,27
3425,ZH1357,CA1357,15:20:00,18:50:00,2020-08-02 16:54:02,1.9,528,26
3485,ZH1357,CA1357,15:20:00,18:50:00,2020-08-03 13:08:47,1.9,528,25
3545,ZH1357,CA1357,15:20:00,18:50:00,2020-08-04 14:16:08,1.9,528,24
3605,ZH1357,CA1357,15:20:00,18:50:00,2020-08-05 15:47:43,4.9,1350,23
3665,ZH1357,CA1357,15:20:00,18:50:00,2020-08-06 14:23:57,2.0,541,22
3725,ZH1357,CA1357,15:20:00,18:50:00,2020-08-07 14:13:11,1.9,527,21
3803,ZH1357,CA1357,15:20:00,18:50:00,2020-08-08 15:44:50,2.0,538,20
3845,ZH1357,CA1357,15:20:00,18:50:00,2020-08-09 15:20:46,5.0,1380,19
3905,ZH1357,CA1357,15:20:00,18:50:00,2020-08-10 16:35:27,1.9,527,18
3965,ZH1357,CA1357,15:20:00,18:50:00,2020-08-11 15:06:30,1.9,527,17
4025,ZH1357,CA1357,15:20:00,18:50:00,2020-08-12 14:13:29,1.9,526,16
4085,ZH1357,CA1357,15:20:00,18:50:00,2020-08-13 15:03:09,5.0,1380,15
4145,ZH1357,CA1357,15:20:00,18:50:00,2020-08-14 15:33:01,5.0,1380,14
4205,ZH1357,CA1357,15:20:00,18:50:00,2020-08-15 15:02:10,1.8,499,13
4265,ZH1357,CA1357,15:20:00,18:50:00,2020-08-16 15:03:44,5.0,1380,12
4325,ZH1357,CA1357,15:20:00,18:50:00,2020-08-17 15:16:17,5.0,1380,11
4385,ZH1357,CA1357,15:20:00,18:50:00,2020-08-18 14:08:13,1.8,496,10
4464,ZH1357,CA1357,15:20:00,18:50:00,2020-08-19 14:10:15,5.0,1380,9
4506,ZH1357,CA1357,15:20:00,18:50:00,2020-08-20 15:16:05,1.8,498,8
4566,ZH1357,CA1357,15:20:00,18:50:00,2020-08-21 16:48:23,5.0,1380,7
4625,ZH1357,CA1357,15:20:00,18:50:00,2020-08-22 14:59:27,1.8,497,6
4685,ZH1357,CA1357,15:20:00,18:50:00,2020-08-23 14:35:16,1.8,497,5
4762,ZH1357,CA1357,15:20:00,18:50:00,2020-08-24 17:52:36,5.0,1380,4
4805,ZH1357,CA1357,15:20:00,18:50:00,2020-08-25 15:25:30,1.8,499,3
4865,ZH1357,CA1357,15:20:00,18:50:00,2020-08-26 16:30:17,5.8,1605,2
4925,ZH1357,CA1357,15:20:00,18:50:00,2020-08-27 14:29:32,7.6,2090,1
4985,ZH1357,CA1357,15:20:00,18:50:00,2020-08-28 14:20:23,6.8,1879,0
2390,ZH1367,CA1367,09:15:00,12:45:00,2020-07-14 15:56:48,5.0,1380,45
2451,ZH1367,CA1367,09:15:00,12:45:00,2020-07-15 15:28:22,4.4,1219,44
2515,ZH1367,CA1367,09:15:00,12:45:00,2020-07-16 15:24:07,3.3,916,43
2526,ZH1367,CA1367,09:15:00,12:45:00,2020-07-17 16:37:59,3.3,916,42
2633,ZH1367,CA1367,09:15:00,12:45:00,2020-07-18 17:29:09,3.3,916,41
2692,ZH1367,CA1367,09:15:00,12:45:00,2020-07-19 14:11:51,3.3,916,40
2752,ZH1367,CA1367,09:15:00,12:45:00,2020-07-20 15:22:55,3.4,923,39
2766,ZH1367,CA1367,09:15:00,12:45:00,2020-07-21 14:58:28,3.3,916,38
2872,ZH1367,CA1367,09:15:00,12:45:00,2020-07-22 15:03:32,5.0,1380,37
2927,ZH1367,CA1367,09:15:00,12:45:00,2020-07-23 14:09:09,2.9,791,36
2988,ZH1367,CA1367,09:15:00,12:45:00,2020-07-24 14:09:38,2.9,791,35
3040,ZH1367,CA1367,09:15:00,12:45:00,2020-07-26 14:09:26,2.9,789,33
3047,ZH1367,CA1367,09:15:00,12:45:00,2020-07-27 15:41:35,3.0,818,32
3159,ZH1367,CA1367,09:15:00,12:45:00,2020-07-28 16:49:36,2.9,789,31
3220,ZH1367,CA1367,09:15:00,12:45:00,2020-07-29 15:30:37,2.9,789,30
3279,ZH1367,CA1367,09:15:00,12:45:00,2020-07-30 14:07:52,2.9,789,29
3339,ZH1367,CA1367,09:15:00,12:45:00,2020-07-31 14:12:29,5.0,1380,28
3402,ZH1367,CA1367,09:15:00,12:45:00,2020-08-01 15:27:07,5.0,1380,27
3459,ZH1367,CA1367,09:15:00,12:45:00,2020-08-02 16:54:02,2.4,665,26
3520,ZH1367,CA1367,09:15:00,12:45:00,2020-08-03 13:08:47,2.4,667,25
3579,ZH1367,CA1367,09:15:00,12:45:00,2020-08-04 14:16:08,1.9,528,24
3639,ZH1367,CA1367,09:15:00,12:45:00,2020-08-05 15:47:43,4.9,1350,23
3644,ZH1367,CA1367,09:15:00,12:45:00,2020-08-06 14:23:57,2.0,538,22
3759,ZH1367,CA1367,09:15:00,12:45:00,2020-08-07 14:13:11,1.9,527,21
3775,ZH1367,CA1367,09:15:00,12:45:00,2020-08-08 15:44:50,2.0,538,20
3879,ZH1367,CA1367,09:15:00,12:45:00,2020-08-09 15:20:46,5.0,1380,19
3939,ZH1367,CA1367,09:15:00,12:45:00,2020-08-10 16:35:27,1.9,527,18
4002,ZH1367,CA1367,09:15:00,12:45:00,2020-08-11 15:06:30,1.9,527,17
4060,ZH1367,CA1367,09:15:00,12:45:00,2020-08-12 14:13:29,1.9,526,16
4119,ZH1367,CA1367,09:15:00,12:45:00,2020-08-13 15:03:09,5.0,1380,15
4181,ZH1367,CA1367,09:15:00,12:45:00,2020-08-14 15:33:01,5.0,1380,14
4239,ZH1367,CA1367,09:15:00,12:45:00,2020-08-15 15:02:10,1.8,499,13
4299,ZH1367,CA1367,09:15:00,12:45:00,2020-08-16 15:03:44,5.0,1380,12
4362,ZH1367,CA1367,09:15:00,12:45:00,2020-08-17 15:16:17,5.0,1380,11
4419,ZH1367,CA1367,09:15:00,12:45:00,2020-08-18 14:08:13,1.8,496,10
4429,ZH1367,CA1367,09:15:00,12:45:00,2020-08-19 14:10:15,5.0,1380,9
4541,ZH1367,CA1367,09:15:00,12:45:00,2020-08-20 15:16:05,1.8,498,8
4601,ZH1367,CA1367,09:15:00,12:45:00,2020-08-21 16:48:23,5.0,1380,7
4660,ZH1367,CA1367,09:15:00,12:45:00,2020-08-22 14:59:27,1.8,497,6
4719,ZH1367,CA1367,09:15:00,12:45:00,2020-08-23 14:35:16,1.8,497,5
4728,ZH1367,CA1367,09:15:00,12:45:00,2020-08-24 17:52:36,5.0,1380,4
4841,ZH1367,CA1367,09:15:00,12:45:00,2020-08-25 15:25:30,1.8,499,3
4899,ZH1367,CA1367,09:15:00,12:45:00,2020-08-26 16:30:17,5.8,1605,2
4960,ZH1367,CA1367,09:15:00,12:45:00,2020-08-27 14:29:32,7.6,2090,1
5000,ZH1367,CA1367,09:15:00,12:45:00,2020-08-28 14:20:23,6.8,1879,0
2342,ZH1383,CA1383,10:15:00,13:45:00,2020-07-14 15:56:48,5.0,1380,45
2403,ZH1383,CA1383,10:15:00,13:45:00,2020-07-15 15:28:22,4.4,1219,44
2465,ZH1383,CA1383,10:15:00,13:45:00,2020-07-16 15:24:07,3.9,1059,43
2574,ZH1383,CA1383,10:15:00,13:45:00,2020-07-17 16:37:59,4.0,1088,42
2586,ZH1383,CA1383,10:15:00,13:45:00,2020-07-18 17:29:09,3.9,1059,41
2645,ZH1383,CA1383,10:15:00,13:45:00,2020-07-19 14:11:51,4.0,1087,40
2705,ZH1383,CA1383,10:15:00,13:45:00,2020-07-20 15:22:55,3.9,1059,39
2777,ZH1383,CA1383,10:15:00,13:45:00,2020-07-21 14:58:28,3.9,1059,38
2825,ZH1383,CA1383,10:15:00,13:45:00,2020-07-22 15:03:32,5.0,1380,37
2891,ZH1383,CA1383,10:15:00,13:45:00,2020-07-23 14:09:09,3.9,1064,36
2336,ZH1397,CA1397,14:15:00,17:45:00,2020-07-14 15:56:48,5.0,1380,45
2427,ZH1397,CA1397,14:15:00,17:45:00,2020-07-15 15:28:22,4.4,1219,44
2491,ZH1397,CA1397,14:15:00,17:45:00,2020-07-16 15:24:07,4.9,1351,43
2550,ZH1397,CA1397,14:15:00,17:45:00,2020-07-17 16:37:59,4.4,1223,42
2609,ZH1397,CA1397,14:15:00,17:45:00,2020-07-18 17:29:09,4.4,1219,41
2639,ZH1397,CA1397,14:15:00,17:45:00,2020-07-19 14:11:51,4.4,1219,40
2699,ZH1397,CA1397,14:15:00,17:45:00,2020-07-20 15:22:55,4.4,1219,39
2803,ZH1397,CA1397,14:15:00,17:45:00,2020-07-21 14:58:28,4.4,1219,38
2848,ZH1397,CA1397,14:15:00,17:45:00,2020-07-22 15:03:32,5.0,1380,37
2903,ZH1397,CA1397,14:15:00,17:45:00,2020-07-23 14:09:09,4.9,1361,36
2375,ZH1895,CA1895,08:05:00,11:45:00,2020-07-14 15:56:48,5.0,1380,45
2436,ZH1895,CA1895,08:05:00,11:45:00,2020-07-15 15:28:22,4.4,1219,44
2500,ZH1895,CA1895,08:05:00,11:45:00,2020-07-16 15:24:07,3.3,916,43
2541,ZH1895,CA1895,08:05:00,11:45:00,2020-07-17 16:37:59,3.3,916,42
2618,ZH1895,CA1895,08:05:00,11:45:00,2020-07-18 17:29:09,3.3,916,41
2677,ZH1895,CA1895,08:05:00,11:45:00,2020-07-19 14:11:51,3.3,916,40
2737,ZH1895,CA1895,08:05:00,11:45:00,2020-07-20 15:22:55,3.4,923,39
2812,ZH1895,CA1895,08:05:00,11:45:00,2020-07-21 14:58:28,3.3,916,38
2857,ZH1895,CA1895,08:05:00,11:45:00,2020-07-22 15:03:32,5.0,1380,37
2912,ZH1895,CA1895,08:05:00,11:45:00,2020-07-23 14:09:09,2.9,791,36
2975,ZH1895,CA1895,08:05:00,11:45:00,2020-07-24 14:09:38,2.9,791,35
3026,ZH1895,CA1895,08:05:00,11:45:00,2020-07-26 14:09:26,2.9,789,33
3089,ZH1895,CA1895,08:05:00,11:45:00,2020-07-27 15:41:35,3.0,818,32
3143,ZH1895,CA1895,08:05:00,11:45:00,2020-07-28 16:49:36,2.4,654,31
3204,ZH1895,CA1895,08:05:00,11:45:00,2020-07-29 15:30:37,2.4,654,30
3263,ZH1895,CA1895,08:05:00,11:45:00,2020-07-30 14:07:52,2.4,654,29
3323,ZH1895,CA1895,08:05:00,11:45:00,2020-07-31 14:12:29,5.0,1380,28
3386,ZH1895,CA1895,08:05:00,11:45:00,2020-08-01 15:27:07,5.0,1380,27
3443,ZH1895,CA1895,08:05:00,11:45:00,2020-08-02 16:54:02,2.4,665,26
3504,ZH1895,CA1895,08:05:00,11:45:00,2020-08-03 13:08:47,2.4,667,25
3563,ZH1895,CA1895,08:05:00,11:45:00,2020-08-04 14:16:08,1.9,528,24
3623,ZH1895,CA1895,08:05:00,11:45:00,2020-08-05 15:47:43,4.9,1350,23
3688,ZH1895,CA1895,08:05:00,11:45:00,2020-08-06 14:23:57,2.0,538,22
3744,ZH1895,CA1895,08:05:00,11:45:00,2020-08-07 14:13:11,1.9,527,21
3784,ZH1895,CA1895,08:05:00,11:45:00,2020-08-08 15:44:50,2.0,538,20
3863,ZH1895,CA1895,08:05:00,11:45:00,2020-08-09 15:20:46,5.0,1380,19
3923,ZH1895,CA1895,08:05:00,11:45:00,2020-08-10 16:35:27,1.9,527,18
3986,ZH1895,CA1895,08:05:00,11:45:00,2020-08-11 15:06:30,1.8,498,17
4044,ZH1895,CA1895,08:05:00,11:45:00,2020-08-12 14:13:29,1.8,497,16
4103,ZH1895,CA1895,08:05:00,11:45:00,2020-08-13 15:03:09,5.0,1380,15
4165,ZH1895,CA1895,08:05:00,11:45:00,2020-08-14 15:33:01,5.0,1380,14
4223,ZH1895,CA1895,08:05:00,11:45:00,2020-08-15 15:02:10,1.8,499,13
4283,ZH1895,CA1895,08:05:00,11:45:00,2020-08-16 15:03:44,5.0,1380,12
4346,ZH1895,CA1895,08:05:00,11:45:00,2020-08-17 15:16:17,5.0,1380,11
4364,ZH1895,CA1895,08:05:00,11:45:00,2020-08-18 14:08:13,1.8,496,10
4445,ZH1895,CA1895,08:05:00,11:45:00,2020-08-19 14:10:15,5.0,1380,9
4525,ZH1895,CA1895,08:05:00,11:45:00,2020-08-20 15:16:05,1.8,498,8
4585,ZH1895,CA1895,08:05:00,11:45:00,2020-08-21 16:48:23,5.0,1380,7
4644,ZH1895,CA1895,08:05:00,11:45:00,2020-08-22 14:59:27,1.8,497,6
4704,ZH1895,CA1895,08:05:00,11:45:00,2020-08-23 14:35:16,1.8,497,5
4744,ZH1895,CA1895,08:05:00,11:45:00,2020-08-24 17:52:36,5.0,1380,4
4825,ZH1895,CA1895,08:05:00,11:45:00,2020-08-25 15:25:30,1.8,499,3
4844,ZH1895,CA1895,08:05:00,11:45:00,2020-08-26 16:30:17,5.3,1452,2
4944,ZH1895,CA1895,08:05:00,11:45:00,2020-08-27 14:29:32,6.6,1820,1
5017,ZH1895,CA1895,08:05:00,11:45:00,2020-08-28 14:20:23,5.8,1605,0
2348,ZH9102,,12:10:00,15:55:00,2020-07-14 15:56:48,4.9,1350,45
2409,ZH9102,,12:10:00,15:55:00,2020-07-15 15:28:22,4.8,1314,44
2469,ZH9102,,12:10:00,15:55:00,2020-07-16 15:24:07,4.8,1322,43
2569,ZH9102,,12:10:00,15:55:00,2020-07-17 16:37:59,4.8,1322,42
2581,ZH9102,,12:10:00,15:55:00,2020-07-18 17:29:09,4.8,1319,41
2650,ZH9102,,12:10:00,15:55:00,2020-07-19 14:11:51,4.8,1326,40
2710,ZH9102,,12:10:00,15:55:00,2020-07-20 15:22:55,4.8,1326,39
2782,ZH9102,,12:10:00,15:55:00,2020-07-21 14:58:28,4.8,1326,38
2830,ZH9102,,12:10:00,15:55:00,2020-07-22 15:03:32,4.9,1350,37
2937,ZH9102,,12:10:00,15:55:00,2020-07-23 14:09:09,4.8,1310,36
2948,ZH9102,,12:10:00,15:55:00,2020-07-24 14:09:38,4.8,1314,35
2999,ZH9102,,12:10:00,15:55:00,2020-07-26 14:09:26,2.5,680,33
3060,ZH9102,,12:10:00,15:55:00,2020-07-27 15:41:35,2.5,680,32
3115,ZH9102,,12:10:00,15:55:00,2020-07-28 16:49:36,2.5,680,31
3175,ZH9102,,12:10:00,15:55:00,2020-07-29 15:30:37,2.5,680,30
3235,ZH9102,,12:10:00,15:55:00,2020-07-30 14:07:52,2.5,679,29
3295,ZH9102,,12:10:00,15:55:00,2020-07-31 14:12:29,2.5,690,28
3355,ZH9102,,12:10:00,15:55:00,2020-08-01 15:27:07,2.5,690,27
3415,ZH9102,,12:10:00,15:55:00,2020-08-02 16:54:02,2.5,690,26
3475,ZH9102,,12:10:00,15:55:00,2020-08-03 13:08:47,2.0,550,25
3535,ZH9102,,12:10:00,15:55:00,2020-08-04 14:16:08,2.0,550,24
3595,ZH9102,,12:10:00,15:55:00,2020-08-05 15:47:43,2.0,550,23
3655,ZH9102,,12:10:00,15:55:00,2020-08-06 14:23:57,2.0,550,22
3715,ZH9102,,12:10:00,15:55:00,2020-08-07 14:13:11,2.0,550,21
3813,ZH9102,,12:10:00,15:55:00,2020-08-08 15:44:50,2.0,550,20
3835,ZH9102,,12:10:00,15:55:00,2020-08-09 15:20:46,2.0,550,19
3895,ZH9102,,12:10:00,15:55:00,2020-08-10 16:35:27,2.0,550,18
3955,ZH9102,,12:10:00,15:55:00,2020-08-11 15:06:30,2.0,550,17
4015,ZH9102,,12:10:00,15:55:00,2020-08-12 14:13:29,2.0,537,16
4075,ZH9102,,12:10:00,15:55:00,2020-08-13 15:03:09,2.0,550,15
4135,ZH9102,,12:10:00,15:55:00,2020-08-14 15:33:01,1.9,520,14
4195,ZH9102,,12:10:00,15:55:00,2020-08-15 15:02:10,1.9,520,13
4255,ZH9102,,12:10:00,15:55:00,2020-08-16 15:03:44,1.9,520,12
4315,ZH9102,,12:10:00,15:55:00,2020-08-17 15:16:17,1.9,520,11
4375,ZH9102,,12:10:00,15:55:00,2020-08-18 14:08:13,1.9,520,10
4474,ZH9102,,12:10:00,15:55:00,2020-08-19 14:10:15,1.9,520,9
4496,ZH9102,,12:10:00,15:55:00,2020-08-20 15:16:05,1.9,520,8
4556,ZH9102,,12:10:00,15:55:00,2020-08-21 16:48:23,1.9,520,7
4615,ZH9102,,12:10:00,15:55:00,2020-08-22 14:59:27,1.9,520,6
4675,ZH9102,,12:10:00,15:55:00,2020-08-23 14:35:16,1.9,520,5
4772,ZH9102,,12:10:00,15:55:00,2020-08-24 17:52:36,1.9,520,4
4795,ZH9102,,12:10:00,15:55:00,2020-08-25 15:25:30,1.7,470,3
4855,ZH9102,,12:10:00,15:55:00,2020-08-26 16:30:17,6.9,1910,2
4915,ZH9102,,12:10:00,15:55:00,2020-08-27 14:29:32,6.9,1910,1
4975,ZH9102,,12:10:00,15:55:00,2020-08-28 14:20:23,6.9,1910,0
2362,ZH9104,,14:25:00,17:45:00,2020-07-14 15:56:48,4.9,1350,45
2423,ZH9104,,14:25:00,17:45:00,2020-07-15 15:28:22,4.8,1314,44
2484,ZH9104,,14:25:00,17:45:00,2020-07-16 15:24:07,4.8,1322,43
2555,ZH9104,,14:25:00,17:45:00,2020-07-17 16:37:59,4.8,1322,42
2604,ZH9104,,14:25:00,17:45:00,2020-07-18 17:29:09,4.8,1319,41
2664,ZH9104,,14:25:00,17:45:00,2020-07-19 14:11:51,4.8,1326,40
2724,ZH9104,,14:25:00,17:45:00,2020-07-20 15:22:55,4.8,1326,39
2798,ZH9104,,14:25:00,17:45:00,2020-07-21 14:58:28,4.8,1326,38
2843,ZH9104,,14:25:00,17:45:00,2020-07-22 15:03:32,4.9,1350,37
2898,ZH9104,,14:25:00,17:45:00,2020-07-23 14:09:09,4.8,1326,36
2962,ZH9104,,14:25:00,17:45:00,2020-07-24 14:09:38,4.8,1311,35
3013,ZH9104,,14:25:00,17:45:00,2020-07-26 14:09:26,3.9,1086,33
3075,ZH9104,,14:25:00,17:45:00,2020-07-27 15:41:35,4.0,1087,32
3130,ZH9104,,14:25:00,17:45:00,2020-07-28 16:49:36,3.9,1067,31
3190,ZH9104,,14:25:00,17:45:00,2020-07-29 15:30:37,3.9,1069,30
3250,ZH9104,,14:25:00,17:45:00,2020-07-30 14:07:52,3.9,1069,29
3310,ZH9104,,14:25:00,17:45:00,2020-07-31 14:12:29,2.5,690,28
3370,ZH9104,,14:25:00,17:45:00,2020-08-01 15:27:07,2.5,690,27
3430,ZH9104,,14:25:00,17:45:00,2020-08-02 16:54:02,2.5,690,26
3490,ZH9104,,14:25:00,17:45:00,2020-08-03 13:08:47,2.0,550,25
3550,ZH9104,,14:25:00,17:45:00,2020-08-04 14:16:08,2.0,550,24
3610,ZH9104,,14:25:00,17:45:00,2020-08-05 15:47:43,2.0,550,23
3670,ZH9104,,14:25:00,17:45:00,2020-08-06 14:23:57,2.0,550,22
3730,ZH9104,,14:25:00,17:45:00,2020-08-07 14:13:11,2.0,550,21
3798,ZH9104,,14:25:00,17:45:00,2020-08-08 15:44:50,2.0,550,20
3850,ZH9104,,14:25:00,17:45:00,2020-08-09 15:20:46,2.0,550,19
3910,ZH9104,,14:25:00,17:45:00,2020-08-10 16:35:27,2.0,550,18
3970,ZH9104,,14:25:00,17:45:00,2020-08-11 15:06:30,2.0,550,17
4030,ZH9104,,14:25:00,17:45:00,2020-08-12 14:13:29,2.0,537,16
4090,ZH9104,,14:25:00,17:45:00,2020-08-13 15:03:09,2.0,550,15
4150,ZH9104,,14:25:00,17:45:00,2020-08-14 15:33:01,1.9,520,14
4210,ZH9104,,14:25:00,17:45:00,2020-08-15 15:02:10,1.9,520,13
4270,ZH9104,,14:25:00,17:45:00,2020-08-16 15:03:44,1.9,520,12
4330,ZH9104,,14:25:00,17:45:00,2020-08-17 15:16:17,1.9,520,11
4390,ZH9104,,14:25:00,17:45:00,2020-08-18 14:08:13,1.9,520,10
4459,ZH9104,,14:25:00,17:45:00,2020-08-19 14:10:15,1.9,520,9
4511,ZH9104,,14:25:00,17:45:00,2020-08-20 15:16:05,1.9,520,8
4571,ZH9104,,14:25:00,17:45:00,2020-08-21 16:48:23,1.9,520,7
4630,ZH9104,,14:25:00,17:45:00,2020-08-22 14:59:27,1.9,520,6
4690,ZH9104,,14:25:00,17:45:00,2020-08-23 14:35:16,1.9,520,5
4757,ZH9104,,14:25:00,17:45:00,2020-08-24 17:52:36,1.9,520,4
4810,ZH9104,,14:25:00,17:45:00,2020-08-25 15:25:30,1.7,470,3
4870,ZH9104,,14:25:00,17:45:00,2020-08-26 16:30:17,6.9,1910,2
4930,ZH9104,,14:25:00,17:45:00,2020-08-27 14:29:32,6.9,1910,1
4990,ZH9104,,14:25:00,17:45:00,2020-08-28 14:20:23,6.9,1910,0
2365,ZH9106,,16:55:00,20:20:00,2020-07-14 15:56:48,4.9,1350,45
2426,ZH9106,,16:55:00,20:20:00,2020-07-15 15:28:22,4.8,1314,44
2487,ZH9106,,16:55:00,20:20:00,2020-07-16 15:24:07,4.8,1322,43
2552,ZH9106,,16:55:00,20:20:00,2020-07-17 16:37:59,4.8,1322,42
2607,ZH9106,,16:55:00,20:20:00,2020-07-18 17:29:09,4.8,1319,41
2667,ZH9106,,16:55:00,20:20:00,2020-07-19 14:11:51,4.8,1326,40
2727,ZH9106,,16:55:00,20:20:00,2020-07-20 15:22:55,4.8,1326,39
2801,ZH9106,,16:55:00,20:20:00,2020-07-21 14:58:28,4.8,1326,38
2846,ZH9106,,16:55:00,20:20:00,2020-07-22 15:03:32,4.9,1350,37
2901,ZH9106,,16:55:00,20:20:00,2020-07-23 14:09:09,4.8,1310,36
2965,ZH9106,,16:55:00,20:20:00,2020-07-24 14:09:38,4.8,1314,35
3016,ZH9106,,16:55:00,20:20:00,2020-07-26 14:09:26,3.9,1070,33
3078,ZH9106,,16:55:00,20:20:00,2020-07-27 15:41:35,4.0,1089,32
3133,ZH9106,,16:55:00,20:20:00,2020-07-28 16:49:36,3.9,1067,31
3193,ZH9106,,16:55:00,20:20:00,2020-07-29 15:30:37,3.9,1070,30
3253,ZH9106,,16:55:00,20:20:00,2020-07-30 14:07:52,3.9,1070,29
3313,ZH9106,,16:55:00,20:20:00,2020-07-31 14:12:29,2.5,690,28
3373,ZH9106,,16:55:00,20:20:00,2020-08-01 15:27:07,2.5,690,27
3433,ZH9106,,16:55:00,20:20:00,2020-08-02 16:54:02,2.5,690,26
3493,ZH9106,,16:55:00,20:20:00,2020-08-03 13:08:47,2.0,550,25
3553,ZH9106,,16:55:00,20:20:00,2020-08-04 14:16:08,2.0,550,24
3613,ZH9106,,16:55:00,20:20:00,2020-08-05 15:47:43,2.0,550,23
3673,ZH9106,,16:55:00,20:20:00,2020-08-06 14:23:57,2.0,550,22
3733,ZH9106,,16:55:00,20:20:00,2020-08-07 14:13:11,2.0,550,21
3795,ZH9106,,16:55:00,20:20:00,2020-08-08 15:44:50,2.0,550,20
3853,ZH9106,,16:55:00,20:20:00,2020-08-09 15:20:46,2.0,550,19
3913,ZH9106,,16:55:00,20:20:00,2020-08-10 16:35:27,2.0,550,18
3973,ZH9106,,16:55:00,20:20:00,2020-08-11 15:06:30,2.0,550,17
4033,ZH9106,,16:55:00,20:20:00,2020-08-12 14:13:29,2.0,537,16
4093,ZH9106,,16:55:00,20:20:00,2020-08-13 15:03:09,2.0,550,15
4153,ZH9106,,16:55:00,20:20:00,2020-08-14 15:33:01,1.9,520,14
4213,ZH9106,,16:55:00,20:20:00,2020-08-15 15:02:10,1.9,520,13
4273,ZH9106,,16:55:00,20:20:00,2020-08-16 15:03:44,1.9,520,12
4333,ZH9106,,16:55:00,20:20:00,2020-08-17 15:16:17,1.9,520,11
4393,ZH9106,,16:55:00,20:20:00,2020-08-18 14:08:13,1.9,520,10
4456,ZH9106,,16:55:00,20:20:00,2020-08-19 14:10:15,1.9,520,9
4514,ZH9106,,16:55:00,20:20:00,2020-08-20 15:16:05,1.9,520,8
4574,ZH9106,,16:55:00,20:20:00,2020-08-21 16:48:23,1.9,520,7
4633,ZH9106,,16:55:00,20:20:00,2020-08-22 14:59:27,1.9,520,6
4693,ZH9106,,16:55:00,20:20:00,2020-08-23 14:35:16,1.9,520,5
4754,ZH9106,,16:55:00,20:20:00,2020-08-24 17:52:36,1.9,520,4
4813,ZH9106,,16:55:00,20:20:00,2020-08-25 15:25:30,1.7,470,3
4873,ZH9106,,16:55:00,20:20:00,2020-08-26 16:30:17,6.9,1910,2
4933,ZH9106,,16:55:00,20:20:00,2020-08-27 14:29:32,6.9,1910,1
4993,ZH9106,,16:55:00,20:20:00,2020-08-28 14:20:23,6.9,1910,0
5024,ZH9106,,16:55:00,20:20:00,2020-08-29 14:31:21,6.9,1910,0
2377,ZH9108,,18:50:00,22:35:00,2020-07-14 15:56:48,4.9,1350,45
2438,ZH9108,,18:50:00,22:35:00,2020-07-15 15:28:22,4.8,1314,44
2502,ZH9108,,18:50:00,22:35:00,2020-07-16 15:24:07,4.8,1322,43
2539,ZH9108,,18:50:00,22:35:00,2020-07-17 16:37:59,4.8,1322,42
2620,ZH9108,,18:50:00,22:35:00,2020-07-18 17:29:09,4.8,1319,41
2679,ZH9108,,18:50:00,22:35:00,2020-07-19 14:11:51,4.8,1326,40
2739,ZH9108,,18:50:00,22:35:00,2020-07-20 15:22:55,4.8,1326,39
2814,ZH9108,,18:50:00,22:35:00,2020-07-21 14:58:28,4.8,1326,38
2859,ZH9108,,18:50:00,22:35:00,2020-07-22 15:03:32,4.9,1350,37
2914,ZH9108,,18:50:00,22:35:00,2020-07-23 14:09:09,4.8,1310,36
2976,ZH9108,,18:50:00,22:35:00,2020-07-24 14:09:38,4.8,1311,35
3028,ZH9108,,18:50:00,22:35:00,2020-07-26 14:09:26,3.9,1070,33
3091,ZH9108,,18:50:00,22:35:00,2020-07-27 15:41:35,4.0,1089,32
3145,ZH9108,,18:50:00,22:35:00,2020-07-28 16:49:36,3.9,1073,31
3206,ZH9108,,18:50:00,22:35:00,2020-07-29 15:30:37,3.9,1070,30
3265,ZH9108,,18:50:00,22:35:00,2020-07-30 14:07:52,3.9,1070,29
3325,ZH9108,,18:50:00,22:35:00,2020-07-31 14:12:29,2.5,690,28
3388,ZH9108,,18:50:00,22:35:00,2020-08-01 15:27:07,2.5,690,27
3445,ZH9108,,18:50:00,22:35:00,2020-08-02 16:54:02,2.5,690,26
3506,ZH9108,,18:50:00,22:35:00,2020-08-03 13:08:47,2.0,550,25
3565,ZH9108,,18:50:00,22:35:00,2020-08-04 14:16:08,2.0,550,24
3625,ZH9108,,18:50:00,22:35:00,2020-08-05 15:47:43,2.0,550,23
3690,ZH9108,,18:50:00,22:35:00,2020-08-06 14:23:57,2.0,550,22
3746,ZH9108,,18:50:00,22:35:00,2020-08-07 14:13:11,2.0,550,21
3782,ZH9108,,18:50:00,22:35:00,2020-08-08 15:44:50,2.0,550,20
3865,ZH9108,,18:50:00,22:35:00,2020-08-09 15:20:46,2.0,550,19
3925,ZH9108,,18:50:00,22:35:00,2020-08-10 16:35:27,2.0,550,18
3988,ZH9108,,18:50:00,22:35:00,2020-08-11 15:06:30,2.0,550,17
4046,ZH9108,,18:50:00,22:35:00,2020-08-12 14:13:29,2.0,537,16
4105,ZH9108,,18:50:00,22:35:00,2020-08-13 15:03:09,2.0,550,15
4167,ZH9108,,18:50:00,22:35:00,2020-08-14 15:33:01,1.9,520,14
4225,ZH9108,,18:50:00,22:35:00,2020-08-15 15:02:10,1.9,520,13
4285,ZH9108,,18:50:00,22:35:00,2020-08-16 15:03:44,1.9,520,12
4348,ZH9108,,18:50:00,22:35:00,2020-08-17 15:16:17,1.9,520,11
4405,ZH9108,,18:50:00,22:35:00,2020-08-18 14:08:13,1.9,520,10
4443,ZH9108,,18:50:00,22:35:00,2020-08-19 14:10:15,1.9,520,9
4527,ZH9108,,18:50:00,22:35:00,2020-08-20 15:16:05,1.9,520,8
4587,ZH9108,,18:50:00,22:35:00,2020-08-21 16:48:23,1.9,520,7
4646,ZH9108,,18:50:00,22:35:00,2020-08-22 14:59:27,1.9,520,6
4706,ZH9108,,18:50:00,22:35:00,2020-08-23 14:35:16,1.9,520,5
4742,ZH9108,,18:50:00,22:35:00,2020-08-24 17:52:36,1.9,520,4
4827,ZH9108,,18:50:00,22:35:00,2020-08-25 15:25:30,1.7,470,3
4885,ZH9108,,18:50:00,22:35:00,2020-08-26 16:30:17,5.9,1630,2
4946,ZH9108,,18:50:00,22:35:00,2020-08-27 14:29:32,5.9,1630,1
5015,ZH9108,,18:50:00,22:35:00,2020-08-28 14:20:23,5.9,1630,0
5035,ZH9108,,18:50:00,22:35:00,2020-08-29 14:31:21,5.9,1630,0
2385,ZH9110,,21:00:00,00:10:00,2020-07-14 15:56:48,3.5,950,45
2446,ZH9110,,21:00:00,00:10:00,2020-07-15 15:28:22,3.4,940,44
2510,ZH9110,,21:00:00,00:10:00,2020-07-16 15:24:07,3.4,940,43
2531,ZH9110,,21:00:00,00:10:00,2020-07-17 16:37:59,3.4,940,42
2628,ZH9110,,21:00:00,00:10:00,2020-07-18 17:29:09,3.4,940,41
2687,ZH9110,,21:00:00,00:10:00,2020-07-19 14:11:51,3.4,940,40
2747,ZH9110,,21:00:00,00:10:00,2020-07-20 15:22:55,3.5,950,39
2771,ZH9110,,21:00:00,00:10:00,2020-07-21 14:58:28,3.4,940,38
2867,ZH9110,,21:00:00,00:10:00,2020-07-22 15:03:32,2.5,690,37
2922,ZH9110,,21:00:00,00:10:00,2020-07-23 14:09:09,2.5,680,36
2983,ZH9110,,21:00:00,00:10:00,2020-07-24 14:09:38,2.5,680,35
3035,ZH9110,,21:00:00,00:10:00,2020-07-26 14:09:26,2.5,680,33
3099,ZH9110,,21:00:00,00:10:00,2020-07-27 15:41:35,2.5,680,32
3154,ZH9110,,21:00:00,00:10:00,2020-07-28 16:49:36,2.5,680,31
3215,ZH9110,,21:00:00,00:10:00,2020-07-29 15:30:37,2.5,690,30
3274,ZH9110,,21:00:00,00:10:00,2020-07-30 14:07:52,2.5,690,29
3334,ZH9110,,21:00:00,00:10:00,2020-07-31 14:12:29,1.9,530,28
3397,ZH9110,,21:00:00,00:10:00,2020-08-01 15:27:07,1.9,530,27
3454,ZH9110,,21:00:00,00:10:00,2020-08-02 16:54:02,1.9,530,26
3515,ZH9110,,21:00:00,00:10:00,2020-08-03 13:08:47,1.9,530,25
3574,ZH9110,,21:00:00,00:10:00,2020-08-04 14:16:08,1.9,530,24
3634,ZH9110,,21:00:00,00:10:00,2020-08-05 15:47:43,1.8,500,23
3699,ZH9110,,21:00:00,00:10:00,2020-08-06 14:23:57,1.8,500,22
3754,ZH9110,,21:00:00,00:10:00,2020-08-07 14:13:11,1.8,500,21
3770,ZH9110,,21:00:00,00:10:00,2020-08-08 15:44:50,1.8,500,20
3874,ZH9110,,21:00:00,00:10:00,2020-08-09 15:20:46,1.8,500,19
3934,ZH9110,,21:00:00,00:10:00,2020-08-10 16:35:27,1.8,500,18
3997,ZH9110,,21:00:00,00:10:00,2020-08-11 15:06:30,1.8,500,17
4055,ZH9110,,21:00:00,00:10:00,2020-08-12 14:13:29,1.8,488,16
4114,ZH9110,,21:00:00,00:10:00,2020-08-13 15:03:09,1.8,500,15
4176,ZH9110,,21:00:00,00:10:00,2020-08-14 15:33:01,1.8,500,14
4234,ZH9110,,21:00:00,00:10:00,2020-08-15 15:02:10,1.8,500,13
4294,ZH9110,,21:00:00,00:10:00,2020-08-16 15:03:44,1.8,500,12
4357,ZH9110,,21:00:00,00:10:00,2020-08-17 15:16:17,1.8,500,11
4414,ZH9110,,21:00:00,00:10:00,2020-08-18 14:08:13,1.8,500,10
4434,ZH9110,,21:00:00,00:10:00,2020-08-19 14:10:15,1.8,500,9
4536,ZH9110,,21:00:00,00:10:00,2020-08-20 15:16:05,1.8,500,8
4596,ZH9110,,21:00:00,00:10:00,2020-08-21 16:48:23,1.6,450,7
4655,ZH9110,,21:00:00,00:10:00,2020-08-22 14:59:27,1.6,450,6
4715,ZH9110,,21:00:00,00:10:00,2020-08-23 14:35:16,1.6,450,5
4733,ZH9110,,21:00:00,00:10:00,2020-08-24 17:52:36,1.6,450,4
4836,ZH9110,,21:00:00,00:10:00,2020-08-25 15:25:30,1.6,450,3
4894,ZH9110,,21:00:00,00:10:00,2020-08-26 16:30:17,5.9,1630,2
4955,ZH9110,,21:00:00,00:10:00,2020-08-27 14:29:32,5.9,1630,1
5006,ZH9110,,21:00:00,00:10:00,2020-08-28 14:20:23,5.9,1630,0
5031,ZH9110,,21:00:00,00:10:00,2020-08-29 14:31:21,5.9,1630,0
2345,ZH9112,,06:25:00,11:55:00,2020-07-14 15:56:48,4.9,1350,45
2406,ZH9112,,06:25:00,11:55:00,2020-07-15 15:28:22,4.8,1314,44
2466,ZH9112,,06:25:00,11:55:00,2020-07-16 15:24:07,4.8,1322,43
2571,ZH9112,,06:25:00,11:55:00,2020-07-17 16:37:59,4.8,1322,42
2583,ZH9112,,06:25:00,11:55:00,2020-07-18 17:29:09,4.8,1319,41
2648,ZH9112,,06:25:00,11:55:00,2020-07-19 14:11:51,4.8,1319,40
2708,ZH9112,,06:25:00,11:55:00,2020-07-20 15:22:55,4.8,1326,39
2780,ZH9112,,06:25:00,11:55:00,2020-07-21 14:58:28,4.8,1326,38
2828,ZH9112,,06:25:00,11:55:00,2020-07-22 15:03:32,4.9,1350,37
2934,ZH9112,,06:25:00,11:55:00,2020-07-23 14:09:09,4.8,1326,36
2947,ZH9112,,06:25:00,11:55:00,2020-07-24 14:09:38,4.8,1311,35
2998,ZH9112,,06:25:00,11:55:00,2020-07-26 14:09:26,4.8,1321,33
3059,ZH9112,,06:25:00,11:55:00,2020-07-27 15:41:35,4.9,1334,32
3114,ZH9112,,06:25:00,11:55:00,2020-07-28 16:49:36,4.7,1306,31
3174,ZH9112,,06:25:00,11:55:00,2020-07-29 15:30:37,4.8,1312,30
3234,ZH9112,,06:25:00,11:55:00,2020-07-30 14:07:52,3.0,821,29
3294,ZH9112,,06:25:00,11:55:00,2020-07-31 14:12:29,3.0,830,28
3354,ZH9112,,06:25:00,11:55:00,2020-08-01 15:27:07,3.0,830,27
3414,ZH9112,,06:25:00,11:55:00,2020-08-02 16:54:02,3.0,830,26
3474,ZH9112,,06:25:00,11:55:00,2020-08-03 13:08:47,3.0,830,25
3534,ZH9112,,06:25:00,11:55:00,2020-08-04 14:16:08,2.4,649,24
3594,ZH9112,,06:25:00,11:55:00,2020-08-05 15:47:43,2.6,720,23
3654,ZH9112,,06:25:00,11:55:00,2020-08-06 14:23:57,1.8,500,22
3714,ZH9112,,06:25:00,11:55:00,2020-08-07 14:13:11,1.8,500,21
3814,ZH9112,,06:25:00,11:55:00,2020-08-08 15:44:50,1.8,500,20
3834,ZH9112,,06:25:00,11:55:00,2020-08-09 15:20:46,1.8,500,19
3894,ZH9112,,06:25:00,11:55:00,2020-08-10 16:35:27,1.8,500,18
3954,ZH9112,,06:25:00,11:55:00,2020-08-11 15:06:30,1.6,449,17
4014,ZH9112,,06:25:00,11:55:00,2020-08-12 14:13:29,1.8,488,16
4074,ZH9112,,06:25:00,11:55:00,2020-08-13 15:03:09,1.8,500,15
4134,ZH9112,,06:25:00,11:55:00,2020-08-14 15:33:01,1.6,450,14
4194,ZH9112,,06:25:00,11:55:00,2020-08-15 15:02:10,1.6,450,13
4254,ZH9112,,06:25:00,11:55:00,2020-08-16 15:03:44,1.6,450,12
4314,ZH9112,,06:25:00,11:55:00,2020-08-17 15:16:17,1.5,400,11
4374,ZH9112,,06:25:00,11:55:00,2020-08-18 14:08:13,1.6,450,10
4475,ZH9112,,06:25:00,11:55:00,2020-08-19 14:10:15,1.5,403,9
4495,ZH9112,,06:25:00,11:55:00,2020-08-20 15:16:05,1.5,400,8
4555,ZH9112,,06:25:00,11:55:00,2020-08-21 16:48:23,1.5,400,7
4614,ZH9112,,06:25:00,11:55:00,2020-08-22 14:59:27,1.5,400,6
4674,ZH9112,,06:25:00,11:55:00,2020-08-23 14:35:16,1.5,400,5
4773,ZH9112,,06:25:00,11:55:00,2020-08-24 17:52:36,1.5,400,4
4794,ZH9112,,06:25:00,11:55:00,2020-08-25 15:25:30,1.5,400,3
4854,ZH9112,,06:25:00,11:55:00,2020-08-26 16:30:17,1.8,505,2
4914,ZH9112,,06:25:00,11:55:00,2020-08-27 14:29:32,4.0,1100,1
4974,ZH9112,,06:25:00,11:55:00,2020-08-28 14:20:23,4.0,1100,0
2355,ZH9114,,07:45:00,10:55:00,2020-07-14 15:56:48,3.5,950,45
2416,ZH9114,,07:45:00,10:55:00,2020-07-15 15:28:22,3.4,940,44
2477,ZH9114,,07:45:00,10:55:00,2020-07-16 15:24:07,3.4,940,43
2562,ZH9114,,07:45:00,10:55:00,2020-07-17 16:37:59,3.4,939,42
2597,ZH9114,,07:45:00,10:55:00,2020-07-18 17:29:09,3.4,940,41
2657,ZH9114,,07:45:00,10:55:00,2020-07-19 14:11:51,3.4,940,40
2717,ZH9114,,07:45:00,10:55:00,2020-07-20 15:22:55,3.5,950,39
2791,ZH9114,,07:45:00,10:55:00,2020-07-21 14:58:28,3.4,939,38
2837,ZH9114,,07:45:00,10:55:00,2020-07-22 15:03:32,2.5,690,37
2884,ZH9114,,07:45:00,10:55:00,2020-07-23 14:09:09,2.5,680,36
2956,ZH9114,,07:45:00,10:55:00,2020-07-24 14:09:38,2.5,680,35
3007,ZH9114,,07:45:00,10:55:00,2020-07-26 14:09:26,2.5,680,33
3068,ZH9114,,07:45:00,10:55:00,2020-07-27 15:41:35,2.5,680,32
3124,ZH9114,,07:45:00,10:55:00,2020-07-28 16:49:36,2.5,680,31
3184,ZH9114,,07:45:00,10:55:00,2020-07-29 15:30:37,2.5,690,30
3244,ZH9114,,07:45:00,10:55:00,2020-07-30 14:07:52,2.5,690,29
3303,ZH9114,,07:45:00,10:55:00,2020-07-31 14:12:29,2.5,690,28
3363,ZH9114,,07:45:00,10:55:00,2020-08-01 15:27:07,2.5,690,27
3423,ZH9114,,07:45:00,10:55:00,2020-08-02 16:54:02,2.5,690,26
3483,ZH9114,,07:45:00,10:55:00,2020-08-03 13:08:47,2.0,550,25
3543,ZH9114,,07:45:00,10:55:00,2020-08-04 14:16:08,2.0,550,24
3603,ZH9114,,07:45:00,10:55:00,2020-08-05 15:47:43,1.8,500,23
3663,ZH9114,,07:45:00,10:55:00,2020-08-06 14:23:57,1.8,500,22
3723,ZH9114,,07:45:00,10:55:00,2020-08-07 14:13:11,1.8,500,21
3805,ZH9114,,07:45:00,10:55:00,2020-08-08 15:44:50,1.8,500,20
3843,ZH9114,,07:45:00,10:55:00,2020-08-09 15:20:46,1.8,500,19
3903,ZH9114,,07:45:00,10:55:00,2020-08-10 16:35:27,1.8,500,18
3963,ZH9114,,07:45:00,10:55:00,2020-08-11 15:06:30,1.8,500,17
4023,ZH9114,,07:45:00,10:55:00,2020-08-12 14:13:29,1.8,488,16
4083,ZH9114,,07:45:00,10:55:00,2020-08-13 15:03:09,1.8,500,15
4143,ZH9114,,07:45:00,10:55:00,2020-08-14 15:33:01,1.8,500,14
4203,ZH9114,,07:45:00,10:55:00,2020-08-15 15:02:10,1.8,500,13
4263,ZH9114,,07:45:00,10:55:00,2020-08-16 15:03:44,1.8,500,12
4323,ZH9114,,07:45:00,10:55:00,2020-08-17 15:16:17,1.8,500,11
4383,ZH9114,,07:45:00,10:55:00,2020-08-18 14:08:13,1.8,500,10
4466,ZH9114,,07:45:00,10:55:00,2020-08-19 14:10:15,1.8,500,9
4504,ZH9114,,07:45:00,10:55:00,2020-08-20 15:16:05,1.8,500,8
4564,ZH9114,,07:45:00,10:55:00,2020-08-21 16:48:23,1.8,500,7
4623,ZH9114,,07:45:00,10:55:00,2020-08-22 14:59:27,1.8,500,6
4683,ZH9114,,07:45:00,10:55:00,2020-08-23 14:35:16,1.8,500,5
4764,ZH9114,,07:45:00,10:55:00,2020-08-24 17:52:36,1.8,500,4
4803,ZH9114,,07:45:00,10:55:00,2020-08-25 15:25:30,1.8,500,3
4863,ZH9114,,07:45:00,10:55:00,2020-08-26 16:30:17,5.9,1630,2
4923,ZH9114,,07:45:00,10:55:00,2020-08-27 14:29:32,5.9,1630,1
4983,ZH9114,,07:45:00,10:55:00,2020-08-28 14:20:23,5.9,1630,0
