,flightno,actualflight,departtime,arrivetime,crawltime,discount,lowest_price,days_to_departure
3086,3U3008,CZ3152,13:00:00,16:30:00,2019-01-24 15:47:54,3.6,910,45
3101,3U3008,CZ3152,13:00:00,16:30:00,2019-01-25 15:30:08,3.6,910,44
3243,3U3008,CZ3152,13:00:00,16:30:00,2019-01-26 14:50:10,3.6,910,43
3280,3U3008,CZ3152,13:00:00,16:30:00,2019-01-27 15:35:41,3.6,910,42
3386,3U3008,CZ3152,13:00:00,16:30:00,2019-01-28 17:26:48,3.6,910,41
3458,3U3008,CZ3152,13:00:00,16:30:00,2019-01-29 14:51:20,3.6,910,40
3495,3U3008,CZ3152,13:00:00,16:30:00,2019-01-30 14:50:50,3.6,910,39
3601,3U3008,CZ3152,13:00:00,16:30:00,2019-01-31 15:57:30,3.6,910,38
3602,3U3008,CZ3152,13:00:00,16:30:00,2019-02-01 16:28:35,3.6,910,37
3745,3U3008,CZ3152,13:00:00,16:30:00,2019-02-02 16:45:10,3.4,850,36
3817,3U3008,CZ3152,13:00:00,16:30:00,2019-02-03 17:31:35,3.4,850,35
3819,3U3008,CZ3152,13:00:00,16:30:00,2019-02-04 16:31:33,3.4,850,34
3961,3U3008,CZ3152,13:00:00,16:30:00,2019-02-05 16:15:26,3.4,850,33
3962,3U3008,CZ3152,13:00:00,16:30:00,2019-02-06 14:40:04,3.4,850,32
4105,3U3008,CZ3152,13:00:00,16:30:00,2019-02-07 16:27:27,3.4,850,31
4154,3U3008,CZ3152,13:00:00,16:30:00,2019-02-08 14:48:24,3.4,850,30
4226,3U3008,CZ3152,13:00:00,16:30:00,2019-02-09 15:06:02,3.4,850,29
4250,3U3008,CZ3152,13:00:00,16:30:00,2019-02-10 16:59:32,3.4,850,28
4393,3U3008,CZ3152,13:00:00,16:30:00,2019-02-11 17:06:46,3.4,850,27
4430,3U3008,CZ3152,13:00:00,16:30:00,2019-02-12 16:02:47,3.4,850,26
4537,3U3008,CZ3152,13:00:00,16:30:00,2019-02-13 14:27:31,2.8,700,25
4598,3U3008,CZ3152,13:00:00,16:30:00,2019-02-14 16:31:20,2.8,700,24
4621,3U3008,CZ3152,13:00:00,16:30:00,2019-02-15 16:05:14,2.8,700,23
4753,3U3008,CZ3152,13:00:00,16:30:00,2019-02-16 16:32:18,2.8,700,22
4754,3U3008,CZ3152,13:00:00,16:30:00,2019-02-17 17:23:37,2.8,700,21
4897,3U3008,CZ3152,13:00:00,16:30:00,2019-02-18 16:20:15,2.8,700,20
4969,3U3008,CZ3152,13:00:00,16:30:00,2019-02-19 14:34:41,2.8,700,19
5007,3U3008,CZ3152,13:00:00,16:30:00,2019-02-20 14:46:00,2.8,700,18
5042,3U3008,CZ3152,13:00:00,16:30:00,2019-02-21 15:13:12,2.8,700,17
5185,3U3008,CZ3152,13:00:00,16:30:00,2019-02-22 16:51:18,2.8,700,16
5222,3U3008,CZ3152,13:00:00,16:30:00,2019-02-23 16:53:46,2.8,700,15
5329,3U3008,CZ3152,13:00:00,16:30:00,2019-02-24 16:28:06,2.8,700,14
5401,3U3008,CZ3152,13:00:00,16:30:00,2019-02-25 17:36:59,2.8,700,13
5439,3U3008,CZ3152,13:00:00,16:30:00,2019-02-26 16:15:30,2.8,700,12
5545,3U3008,CZ3152,13:00:00,16:30:00,2019-02-27 16:41:41,2.5,630,11
5617,3U3008,CZ3152,13:00:00,16:30:00,2019-02-28 16:02:36,2.5,630,10
5654,3U3008,CZ3152,13:00:00,16:30:00,2019-03-01 15:17:13,2.5,630,9
5756,3U3008,CZ3152,13:00:00,16:30:00,2019-03-02 14:30:52,6.4,1600,8
5757,3U3008,CZ3152,13:00:00,16:30:00,2019-03-03 14:18:49,6.4,1600,7
5890,3U3008,CZ3152,13:00:00,16:30:00,2019-03-04 15:51:01,6.4,1600,6
5892,3U3008,CZ3152,13:00:00,16:30:00,2019-03-05 14:26:52,8.4,2100,5
5956,3U3008,CZ3152,13:00:00,16:30:00,2019-03-06 15:35:18,8.4,2100,4
6055,3U3008,CZ3152,13:00:00,16:30:00,2019-03-07 16:39:49,8.4,2100,3
6118,3U3008,CZ3152,13:00:00,16:30:00,2019-03-08 15:33:10,8.2,2060,2
6200,3U3008,CZ3152,13:00:00,16:30:00,2019-03-09 14:24:22,9.8,2450,1
6250,3U3008,CZ3152,13:00:00,16:30:00,2019-03-10 16:23:31,9.8,2450,0
3045,CA1303,,13:20:00,16:45:00,2019-01-24 15:47:54,7.6,1900,45
3153,CA1303,,13:20:00,16:45:00,2019-01-25 15:30:08,7.6,1900,44
3191,CA1303,,13:20:00,16:45:00,2019-01-26 14:50:10,7.6,1900,43
3263,CA1303,,13:20:00,16:45:00,2019-01-27 15:35:41,7.6,1900,42
3335,CA1303,,13:20:00,16:45:00,2019-01-28 17:26:48,7.6,1900,41
3406,CA1303,,13:20:00,16:45:00,2019-01-29 14:51:20,7.6,1900,40
3478,CA1303,,13:20:00,16:45:00,2019-01-30 14:50:50,7.6,1900,39
3548,CA1303,,13:20:00,16:45:00,2019-01-31 15:57:30,7.6,1900,38
3621,CA1303,,13:20:00,16:45:00,2019-02-01 16:28:35,7.6,1900,37
3693,CA1303,,13:20:00,16:45:00,2019-02-02 16:45:10,7.6,1900,36
3765,CA1303,,13:20:00,16:45:00,2019-02-03 17:31:35,7.6,1900,35
3838,CA1303,,13:20:00,16:45:00,2019-02-04 16:31:33,7.6,1900,34
3909,CA1303,,13:20:00,16:45:00,2019-02-05 16:15:26,7.6,1900,33
3981,CA1303,,13:20:00,16:45:00,2019-02-06 14:40:04,7.6,1900,32
4053,CA1303,,13:20:00,16:45:00,2019-02-07 16:27:27,4.3,1080,31
4109,CA1303,,13:20:00,16:45:00,2019-02-08 14:48:24,4.3,1080,30
4197,CA1303,,13:20:00,16:45:00,2019-02-09 15:06:02,4.3,1080,29
4269,CA1303,,13:20:00,16:45:00,2019-02-10 16:59:32,4.3,1080,28
4341,CA1303,,13:20:00,16:45:00,2019-02-11 17:06:46,4.3,1080,27
4413,CA1303,,13:20:00,16:45:00,2019-02-12 16:02:47,4.3,1080,26
4485,CA1303,,13:20:00,16:45:00,2019-02-13 14:27:31,4.3,1080,25
4545,CA1303,,13:20:00,16:45:00,2019-02-14 16:31:20,4.3,1080,24
4667,CA1303,,13:20:00,16:45:00,2019-02-15 16:05:14,4.3,1080,23
4701,CA1303,,13:20:00,16:45:00,2019-02-16 16:32:18,4.3,1080,22
4773,CA1303,,13:20:00,16:45:00,2019-02-17 17:23:37,4.3,1080,21
4845,CA1303,,13:20:00,16:45:00,2019-02-18 16:20:15,3.0,750,20
4917,CA1303,,13:20:00,16:45:00,2019-02-19 14:34:41,3.0,750,19
4989,CA1303,,13:20:00,16:45:00,2019-02-20 14:46:00,3.0,750,18
5061,CA1303,,13:20:00,16:45:00,2019-02-21 15:13:12,3.0,750,17
5133,CA1303,,13:20:00,16:45:00,2019-02-22 16:51:18,3.0,750,16
5205,CA1303,,13:20:00,16:45:00,2019-02-23 16:53:46,3.0,750,15
5277,CA1303,,13:20:00,16:45:00,2019-02-24 16:28:06,3.0,750,14
5349,CA1303,,13:20:00,16:45:00,2019-02-25 17:36:59,3.0,750,13
5421,CA1303,,13:20:00,16:45:00,2019-02-26 16:15:30,3.0,750,12
5493,CA1303,,13:20:00,16:45:00,2019-02-27 16:41:41,3.0,750,11
5565,CA1303,,13:20:00,16:45:00,2019-02-28 16:02:36,3.0,750,10
5637,CA1303,,13:20:00,16:45:00,2019-03-01 15:17:13,3.0,750,9
5707,CA1303,,13:20:00,16:45:00,2019-03-02 14:30:52,6.3,1580,8
5775,CA1303,,13:20:00,16:45:00,2019-03-03 14:18:49,6.0,1490,7
5842,CA1303,,13:20:00,16:45:00,2019-03-04 15:51:01,6.3,1580,6
5941,CA1303,,13:20:00,16:45:00,2019-03-05 14:26:52,8.4,2110,5
5973,CA1303,,13:20:00,16:45:00,2019-03-06 15:35:18,8.4,2110,4
6069,CA1303,,13:20:00,16:45:00,2019-03-07 16:39:49,8.4,2110,3
6133,CA1303,,13:20:00,16:45:00,2019-03-08 15:33:10,8.4,2110,2
6161,CA1303,,13:20:00,16:45:00,2019-03-09 14:24:22,10.0,2500,1
6224,CA1303,,13:20:00,16:45:00,2019-03-10 16:23:31,10.0,2500,0
3040,CA1305,,18:25:00,21:50:00,2019-01-24 15:47:54,5.5,1380,45
3158,CA1305,,18:25:00,21:50:00,2019-01-25 15:30:08,5.5,1380,44
3186,CA1305,,18:25:00,21:50:00,2019-01-26 14:50:10,5.5,1380,43
3258,CA1305,,18:25:00,21:50:00,2019-01-27 15:35:41,5.5,1380,42
3330,CA1305,,18:25:00,21:50:00,2019-01-28 17:26:48,5.5,1380,41
3401,CA1305,,18:25:00,21:50:00,2019-01-29 14:51:20,5.5,1380,40
3473,CA1305,,18:25:00,21:50:00,2019-01-30 14:50:50,5.5,1380,39
3543,CA1305,,18:25:00,21:50:00,2019-01-31 15:57:30,5.5,1380,38
3616,CA1305,,18:25:00,21:50:00,2019-02-01 16:28:35,5.5,1380,37
3688,CA1305,,18:25:00,21:50:00,2019-02-02 16:45:10,5.5,1380,36
3760,CA1305,,18:25:00,21:50:00,2019-02-03 17:31:35,5.5,1380,35
3833,CA1305,,18:25:00,21:50:00,2019-02-04 16:31:33,5.5,1380,34
3904,CA1305,,18:25:00,21:50:00,2019-02-05 16:15:26,5.5,1380,33
3976,CA1305,,18:25:00,21:50:00,2019-02-06 14:40:04,5.5,1380,32
4048,CA1305,,18:25:00,21:50:00,2019-02-07 16:27:27,4.3,1080,31
4176,CA1305,,18:25:00,21:50:00,2019-02-08 14:48:24,4.3,1080,30
4192,CA1305,,18:25:00,21:50:00,2019-02-09 15:06:02,4.3,1080,29
4264,CA1305,,18:25:00,21:50:00,2019-02-10 16:59:32,4.3,1080,28
4336,CA1305,,18:25:00,21:50:00,2019-02-11 17:06:46,4.3,1080,27
4408,CA1305,,18:25:00,21:50:00,2019-02-12 16:02:47,4.3,1080,26
4480,CA1305,,18:25:00,21:50:00,2019-02-13 14:27:31,4.3,1080,25
4540,CA1305,,18:25:00,21:50:00,2019-02-14 16:31:20,4.3,1080,24
4662,CA1305,,18:25:00,21:50:00,2019-02-15 16:05:14,4.3,1080,23
4696,CA1305,,18:25:00,21:50:00,2019-02-16 16:32:18,4.3,1080,22
4768,CA1305,,18:25:00,21:50:00,2019-02-17 17:23:37,4.3,1080,21
4840,CA1305,,18:25:00,21:50:00,2019-02-18 16:20:15,2.8,690,20
4912,CA1305,,18:25:00,21:50:00,2019-02-19 14:34:41,2.8,690,19
4984,CA1305,,18:25:00,21:50:00,2019-02-20 14:46:00,2.8,690,18
5056,CA1305,,18:25:00,21:50:00,2019-02-21 15:13:12,2.8,690,17
5128,CA1305,,18:25:00,21:50:00,2019-02-22 16:51:18,2.8,690,16
5200,CA1305,,18:25:00,21:50:00,2019-02-23 16:53:46,2.8,690,15
5272,CA1305,,18:25:00,21:50:00,2019-02-24 16:28:06,2.8,690,14
5344,CA1305,,18:25:00,21:50:00,2019-02-25 17:36:59,2.8,690,13
5416,CA1305,,18:25:00,21:50:00,2019-02-26 16:15:30,2.8,690,12
5488,CA1305,,18:25:00,21:50:00,2019-02-27 16:41:41,2.8,690,11
5560,CA1305,,18:25:00,21:50:00,2019-02-28 16:02:36,2.8,690,10
5632,CA1305,,18:25:00,21:50:00,2019-03-01 15:17:13,2.8,690,9
5703,CA1305,,18:25:00,21:50:00,2019-03-02 14:30:52,6.3,1580,8
5771,CA1305,,18:25:00,21:50:00,2019-03-03 14:18:49,6.0,1490,7
5838,CA1305,,18:25:00,21:50:00,2019-03-04 15:51:01,6.3,1580,6
5946,CA1305,,18:25:00,21:50:00,2019-03-05 14:26:52,8.4,2110,5
5969,CA1305,,18:25:00,21:50:00,2019-03-06 15:35:18,8.4,2110,4
6073,CA1305,,18:25:00,21:50:00,2019-03-07 16:39:49,8.4,2110,3
6136,CA1305,,18:25:00,21:50:00,2019-03-08 15:33:10,8.4,2110,2
6164,CA1305,,18:25:00,21:50:00,2019-03-09 14:24:22,10.0,2500,1
6227,CA1305,,18:25:00,21:50:00,2019-03-10 16:23:31,10.0,2500,0
6277,CA1305,,18:25:00,21:50:00,2019-03-11 15:50:34,10.0,2500,0
3035,CA1307,,20:25:00,23:50:00,2019-01-24 15:47:54,3.6,910,45
3163,CA1307,,20:25:00,23:50:00,2019-01-25 15:30:08,3.6,910,44
3181,CA1307,,20:25:00,23:50:00,2019-01-26 14:50:10,3.6,910,43
3253,CA1307,,20:25:00,23:50:00,2019-01-27 15:35:41,3.6,910,42
3325,CA1307,,20:25:00,23:50:00,2019-01-28 17:26:48,3.6,910,41
3396,CA1307,,20:25:00,23:50:00,2019-01-29 14:51:20,3.6,910,40
3468,CA1307,,20:25:00,23:50:00,2019-01-30 14:50:50,3.6,910,39
3538,CA1307,,20:25:00,23:50:00,2019-01-31 15:57:30,3.6,910,38
3611,CA1307,,20:25:00,23:50:00,2019-02-01 16:28:35,3.6,910,37
3683,CA1307,,20:25:00,23:50:00,2019-02-02 16:45:10,4.0,1000,36
3755,CA1307,,20:25:00,23:50:00,2019-02-03 17:31:35,4.0,1000,35
3828,CA1307,,20:25:00,23:50:00,2019-02-04 16:31:33,4.0,1000,34
3899,CA1307,,20:25:00,23:50:00,2019-02-05 16:15:26,4.0,1000,33
3971,CA1307,,20:25:00,23:50:00,2019-02-06 14:40:04,4.0,1000,32
4043,CA1307,,20:25:00,23:50:00,2019-02-07 16:27:27,2.8,710,31
4171,CA1307,,20:25:00,23:50:00,2019-02-08 14:48:24,2.8,710,30
4187,CA1307,,20:25:00,23:50:00,2019-02-09 15:06:02,2.8,710,29
4259,CA1307,,20:25:00,23:50:00,2019-02-10 16:59:32,2.8,710,28
4331,CA1307,,20:25:00,23:50:00,2019-02-11 17:06:46,2.8,710,27
4403,CA1307,,20:25:00,23:50:00,2019-02-12 16:02:47,2.8,710,26
4475,CA1307,,20:25:00,23:50:00,2019-02-13 14:27:31,2.8,710,25
4607,CA1307,,20:25:00,23:50:00,2019-02-14 16:31:20,2.5,630,24
4657,CA1307,,20:25:00,23:50:00,2019-02-15 16:05:14,2.5,630,23
4691,CA1307,,20:25:00,23:50:00,2019-02-16 16:32:18,2.5,630,22
4763,CA1307,,20:25:00,23:50:00,2019-02-17 17:23:37,2.5,630,21
4835,CA1307,,20:25:00,23:50:00,2019-02-18 16:20:15,2.5,630,20
4907,CA1307,,20:25:00,23:50:00,2019-02-19 14:34:41,2.3,580,19
4979,CA1307,,20:25:00,23:50:00,2019-02-20 14:46:00,2.3,580,18
5051,CA1307,,20:25:00,23:50:00,2019-02-21 15:13:12,2.3,580,17
5123,CA1307,,20:25:00,23:50:00,2019-02-22 16:51:18,2.3,580,16
5195,CA1307,,20:25:00,23:50:00,2019-02-23 16:53:46,2.3,580,15
5267,CA1307,,20:25:00,23:50:00,2019-02-24 16:28:06,2.3,580,14
5339,CA1307,,20:25:00,23:50:00,2019-02-25 17:36:59,2.3,580,13
5411,CA1307,,20:25:00,23:50:00,2019-02-26 16:15:30,2.3,580,12
5483,CA1307,,20:25:00,23:50:00,2019-02-27 16:41:41,2.3,580,11
5555,CA1307,,20:25:00,23:50:00,2019-02-28 16:02:36,2.3,580,10
5627,CA1307,,20:25:00,23:50:00,2019-03-01 15:17:13,2.2,550,9
5699,CA1307,,20:25:00,23:50:00,2019-03-02 14:30:52,6.3,1580,8
5766,CA1307,,20:25:00,23:50:00,2019-03-03 14:18:49,6.0,1490,7
5833,CA1307,,20:25:00,23:50:00,2019-03-04 15:51:01,6.3,1580,6
5951,CA1307,,20:25:00,23:50:00,2019-03-05 14:26:52,8.4,2110,5
5964,CA1307,,20:25:00,23:50:00,2019-03-06 15:35:18,8.4,2110,4
6077,CA1307,,20:25:00,23:50:00,2019-03-07 16:39:49,8.4,2110,3
6140,CA1307,,20:25:00,23:50:00,2019-03-08 15:33:10,8.4,2110,2
6168,CA1307,,20:25:00,23:50:00,2019-03-09 14:24:22,10.0,2500,1
6230,CA1307,,20:25:00,23:50:00,2019-03-10 16:23:31,10.0,2500,0
6280,CA1307,,20:25:00,23:50:00,2019-03-11 15:50:34,10.0,2500,0
3084,CA1313,,11:20:00,14:40:00,2019-01-24 15:47:54,7.6,1900,45
3119,CA1313,,11:20:00,14:40:00,2019-01-25 15:30:08,7.6,1900,44
3225,CA1313,,11:20:00,14:40:00,2019-01-26 14:50:10,7.6,1900,43
3299,CA1313,,11:20:00,14:40:00,2019-01-27 15:35:41,7.6,1900,42
3369,CA1313,,11:20:00,14:40:00,2019-01-28 17:26:48,7.6,1900,41
3440,CA1313,,11:20:00,14:40:00,2019-01-29 14:51:20,7.6,1900,40
3515,CA1313,,11:20:00,14:40:00,2019-01-30 14:50:50,7.6,1900,39
3583,CA1313,,11:20:00,14:40:00,2019-01-31 15:57:30,7.6,1900,38
3656,CA1313,,11:20:00,14:40:00,2019-02-01 16:28:35,7.6,1900,37
3727,CA1313,,11:20:00,14:40:00,2019-02-02 16:45:10,7.6,1900,36
3799,CA1313,,11:20:00,14:40:00,2019-02-03 17:31:35,7.6,1900,35
3875,CA1313,,11:20:00,14:40:00,2019-02-04 16:31:33,7.6,1900,34
3943,CA1313,,11:20:00,14:40:00,2019-02-05 16:15:26,7.6,1900,33
4016,CA1313,,11:20:00,14:40:00,2019-02-06 14:40:04,7.6,1900,32
4087,CA1313,,11:20:00,14:40:00,2019-02-07 16:27:27,4.3,1080,31
4135,CA1313,,11:20:00,14:40:00,2019-02-08 14:48:24,4.3,1080,30
4233,CA1313,,11:20:00,14:40:00,2019-02-09 15:06:02,4.3,1080,29
4304,CA1313,,11:20:00,14:40:00,2019-02-10 16:59:32,4.3,1080,28
4375,CA1313,,11:20:00,14:40:00,2019-02-11 17:06:46,4.3,1080,27
4449,CA1313,,11:20:00,14:40:00,2019-02-12 16:02:47,4.3,1080,26
4519,CA1313,,11:20:00,14:40:00,2019-02-13 14:27:31,4.3,1080,25
4580,CA1313,,11:20:00,14:40:00,2019-02-14 16:31:20,4.3,1080,24
4612,CA1313,,11:20:00,14:40:00,2019-02-15 16:05:14,4.3,1080,23
4735,CA1313,,11:20:00,14:40:00,2019-02-16 16:32:18,4.3,1080,22
4808,CA1313,,11:20:00,14:40:00,2019-02-17 17:23:37,4.3,1080,21
4879,CA1313,,11:20:00,14:40:00,2019-02-18 16:20:15,3.0,750,20
4951,CA1313,,11:20:00,14:40:00,2019-02-19 14:34:41,3.0,750,19
5026,CA1313,,11:20:00,14:40:00,2019-02-20 14:46:00,3.0,750,18
5096,CA1313,,11:20:00,14:40:00,2019-02-21 15:13:12,3.0,750,17
5167,CA1313,,11:20:00,14:40:00,2019-02-22 16:51:18,3.0,750,16
5241,CA1313,,11:20:00,14:40:00,2019-02-23 16:53:46,3.0,750,15
5311,CA1313,,11:20:00,14:40:00,2019-02-24 16:28:06,3.0,750,14
5383,CA1313,,11:20:00,14:40:00,2019-02-25 17:36:59,3.0,750,13
5458,CA1313,,11:20:00,14:40:00,2019-02-26 16:15:30,3.0,750,12
5527,CA1313,,11:20:00,14:40:00,2019-02-27 16:41:41,3.0,750,11
5599,CA1313,,11:20:00,14:40:00,2019-02-28 16:02:36,3.0,750,10
5673,CA1313,,11:20:00,14:40:00,2019-03-01 15:17:13,3.0,750,9
5739,CA1313,,11:20:00,14:40:00,2019-03-02 14:30:52,6.3,1580,8
5807,CA1313,,11:20:00,14:40:00,2019-03-03 14:18:49,6.0,1490,7
5874,CA1313,,11:20:00,14:40:00,2019-03-04 15:51:01,6.3,1580,6
5910,CA1313,,11:20:00,14:40:00,2019-03-05 14:26:52,8.4,2110,5
6004,CA1313,,11:20:00,14:40:00,2019-03-06 15:35:18,8.4,2110,4
6038,CA1313,,11:20:00,14:40:00,2019-03-07 16:39:49,10.0,2500,3
6101,CA1313,,11:20:00,14:40:00,2019-03-08 15:33:10,10.0,2500,2
6184,CA1313,,11:20:00,14:40:00,2019-03-09 14:24:22,10.0,2500,1
6234,CA1313,,11:20:00,14:40:00,2019-03-10 16:23:31,10.0,2500,0
3032,CA1357,,15:25:00,18:50:00,2019-01-24 15:47:54,7.6,1900,45
3166,CA1357,,15:25:00,18:50:00,2019-01-25 15:30:08,7.6,1900,44
3178,CA1357,,15:25:00,18:50:00,2019-01-26 14:50:10,7.6,1900,43
3250,CA1357,,15:25:00,18:50:00,2019-01-27 15:35:41,7.6,1900,42
3322,CA1357,,15:25:00,18:50:00,2019-01-28 17:26:48,7.6,1900,41
3393,CA1357,,15:25:00,18:50:00,2019-01-29 14:51:20,7.6,1900,40
3465,CA1357,,15:25:00,18:50:00,2019-01-30 14:50:50,7.6,1900,39
3535,CA1357,,15:25:00,18:50:00,2019-01-31 15:57:30,7.6,1900,38
3608,CA1357,,15:25:00,18:50:00,2019-02-01 16:28:35,7.6,1900,37
3680,CA1357,,15:25:00,18:50:00,2019-02-02 16:45:10,7.6,1900,36
3752,CA1357,,15:25:00,18:50:00,2019-02-03 17:31:35,7.6,1900,35
3825,CA1357,,15:25:00,18:50:00,2019-02-04 16:31:33,7.6,1900,34
3896,CA1357,,15:25:00,18:50:00,2019-02-05 16:15:26,7.6,1900,33
3968,CA1357,,15:25:00,18:50:00,2019-02-06 14:40:04,7.6,1900,32
4040,CA1357,,15:25:00,18:50:00,2019-02-07 16:27:27,4.3,1080,31
4168,CA1357,,15:25:00,18:50:00,2019-02-08 14:48:24,4.3,1080,30
4184,CA1357,,15:25:00,18:50:00,2019-02-09 15:06:02,4.3,1080,29
4256,CA1357,,15:25:00,18:50:00,2019-02-10 16:59:32,4.3,1080,28
4328,CA1357,,15:25:00,18:50:00,2019-02-11 17:06:46,4.3,1080,27
4400,CA1357,,15:25:00,18:50:00,2019-02-12 16:02:47,4.3,1080,26
4472,CA1357,,15:25:00,18:50:00,2019-02-13 14:27:31,4.3,1080,25
4604,CA1357,,15:25:00,18:50:00,2019-02-14 16:31:20,4.3,1080,24
4654,CA1357,,15:25:00,18:50:00,2019-02-15 16:05:14,4.3,1080,23
4688,CA1357,,15:25:00,18:50:00,2019-02-16 16:32:18,4.3,1080,22
4760,CA1357,,15:25:00,18:50:00,2019-02-17 17:23:37,4.3,1080,21
4832,CA1357,,15:25:00,18:50:00,2019-02-18 16:20:15,3.0,750,20
4904,CA1357,,15:25:00,18:50:00,2019-02-19 14:34:41,3.0,750,19
4976,CA1357,,15:25:00,18:50:00,2019-02-20 14:46:00,3.0,750,18
5048,CA1357,,15:25:00,18:50:00,2019-02-21 15:13:12,3.0,750,17
5120,CA1357,,15:25:00,18:50:00,2019-02-22 16:51:18,3.0,750,16
5192,CA1357,,15:25:00,18:50:00,2019-02-23 16:53:46,3.0,750,15
5264,CA1357,,15:25:00,18:50:00,2019-02-24 16:28:06,3.0,750,14
5336,CA1357,,15:25:00,18:50:00,2019-02-25 17:36:59,3.0,750,13
5408,CA1357,,15:25:00,18:50:00,2019-02-26 16:15:30,3.0,750,12
5480,CA1357,,15:25:00,18:50:00,2019-02-27 16:41:41,3.0,750,11
5552,CA1357,,15:25:00,18:50:00,2019-02-28 16:02:36,3.0,750,10
5624,CA1357,,15:25:00,18:50:00,2019-03-01 15:17:13,3.0,750,9
5696,CA1357,,15:25:00,18:50:00,2019-03-02 14:30:52,6.3,1580,8
5763,CA1357,,15:25:00,18:50:00,2019-03-03 14:18:49,6.0,1490,7
5830,CA1357,,15:25:00,18:50:00,2019-03-04 15:51:01,6.3,1580,6
5954,CA1357,,15:25:00,18:50:00,2019-03-05 14:26:52,8.4,2110,5
5961,CA1357,,15:25:00,18:50:00,2019-03-06 15:35:18,8.4,2110,4
6080,CA1357,,15:25:00,18:50:00,2019-03-07 16:39:49,8.4,2110,3
6143,CA1357,,15:25:00,18:50:00,2019-03-08 15:33:10,10.0,2500,2
6171,CA1357,,15:25:00,18:50:00,2019-03-09 14:24:22,10.0,2500,1
6258,CA1357,,15:25:00,18:50:00,2019-03-10 16:23:31,10.0,2500,0
3057,CA1367,,09:20:00,12:45:00,2019-01-24 15:47:54,10.0,2500,45
3142,CA1367,,09:20:00,12:45:00,2019-01-25 15:30:08,10.0,2500,44
3202,CA1367,,09:20:00,12:45:00,2019-01-26 14:50:10,10.0,2500,43
3274,CA1367,,09:20:00,12:45:00,2019-01-27 15:35:41,10.0,2500,42
3346,CA1367,,09:20:00,12:45:00,2019-01-28 17:26:48,10.0,2500,41
3417,CA1367,,09:20:00,12:45:00,2019-01-29 14:51:20,10.0,2500,40
3489,CA1367,,09:20:00,12:45:00,2019-01-30 14:50:50,10.0,2500,39
3559,CA1367,,09:20:00,12:45:00,2019-01-31 15:57:30,10.0,2500,38
3632,CA1367,,09:20:00,12:45:00,2019-02-01 16:28:35,10.0,2500,37
3704,CA1367,,09:20:00,12:45:00,2019-02-02 16:45:10,10.0,2500,36
3776,CA1367,,09:20:00,12:45:00,2019-02-03 17:31:35,10.0,2500,35
3849,CA1367,,09:20:00,12:45:00,2019-02-04 16:31:33,10.0,2500,34
3920,CA1367,,09:20:00,12:45:00,2019-02-05 16:15:26,10.0,2500,33
3992,CA1367,,09:20:00,12:45:00,2019-02-06 14:40:04,10.0,2500,32
4064,CA1367,,09:20:00,12:45:00,2019-02-07 16:27:27,10.0,2500,31
4111,CA1367,,09:20:00,12:45:00,2019-02-08 14:48:24,10.0,2500,30
4208,CA1367,,09:20:00,12:45:00,2019-02-09 15:06:02,10.0,2500,29
4280,CA1367,,09:20:00,12:45:00,2019-02-10 16:59:32,10.0,2500,28
4352,CA1367,,09:20:00,12:45:00,2019-02-11 17:06:46,10.0,2500,27
4424,CA1367,,09:20:00,12:45:00,2019-02-12 16:02:47,10.0,2500,26
4496,CA1367,,09:20:00,12:45:00,2019-02-13 14:27:31,10.0,2500,25
4556,CA1367,,09:20:00,12:45:00,2019-02-14 16:31:20,10.0,2500,24
4678,CA1367,,09:20:00,12:45:00,2019-02-15 16:05:14,10.0,2500,23
4712,CA1367,,09:20:00,12:45:00,2019-02-16 16:32:18,10.0,2500,22
4784,CA1367,,09:20:00,12:45:00,2019-02-17 17:23:37,10.0,2500,21
4856,CA1367,,09:20:00,12:45:00,2019-02-18 16:20:15,10.0,2500,20
4928,CA1367,,09:20:00,12:45:00,2019-02-19 14:34:41,10.0,2500,19
5000,CA1367,,09:20:00,12:45:00,2019-02-20 14:46:00,10.0,2500,18
5072,CA1367,,09:20:00,12:45:00,2019-02-21 15:13:12,10.0,2500,17
5144,CA1367,,09:20:00,12:45:00,2019-02-22 16:51:18,10.0,2500,16
5216,CA1367,,09:20:00,12:45:00,2019-02-23 16:53:46,10.0,2500,15
5288,CA1367,,09:20:00,12:45:00,2019-02-24 16:28:06,10.0,2500,14
5360,CA1367,,09:20:00,12:45:00,2019-02-25 17:36:59,10.0,2500,13
5432,CA1367,,09:20:00,12:45:00,2019-02-26 16:15:30,10.0,2500,12
5504,CA1367,,09:20:00,12:45:00,2019-02-27 16:41:41,10.0,2500,11
5576,CA1367,,09:20:00,12:45:00,2019-02-28 16:02:36,10.0,2500,10
5648,CA1367,,09:20:00,12:45:00,2019-03-01 15:17:13,10.0,2500,9
5717,CA1367,,09:20:00,12:45:00,2019-03-02 14:30:52,10.0,2500,8
5785,CA1367,,09:20:00,12:45:00,2019-03-03 14:18:49,10.0,2500,7
5852,CA1367,,09:20:00,12:45:00,2019-03-04 15:51:01,10.0,2500,6
5931,CA1367,,09:20:00,12:45:00,2019-03-05 14:26:52,10.0,2500,5
5983,CA1367,,09:20:00,12:45:00,2019-03-06 15:35:18,10.0,2500,4
6059,CA1367,,09:20:00,12:45:00,2019-03-07 16:39:49,10.0,2500,3
6123,CA1367,,09:20:00,12:45:00,2019-03-08 15:33:10,10.0,2500,2
6151,CA1367,,09:20:00,12:45:00,2019-03-09 14:24:22,10.0,2500,1
6209,CA1367,,09:20:00,12:45:00,2019-03-10 16:23:31,10.0,2500,0
3074,CA1383,,10:20:00,13:45:00,2019-01-24 15:47:54,5.5,1380,45
3100,CA1383,,10:20:00,13:45:00,2019-01-25 15:30:08,5.5,1380,44
3215,CA1383,,10:20:00,13:45:00,2019-01-26 14:50:10,5.5,1380,43
3289,CA1383,,10:20:00,13:45:00,2019-01-27 15:35:41,5.5,1380,42
3359,CA1383,,10:20:00,13:45:00,2019-01-28 17:26:48,5.5,1380,41
3430,CA1383,,10:20:00,13:45:00,2019-01-29 14:51:20,5.5,1380,40
3505,CA1383,,10:20:00,13:45:00,2019-01-30 14:50:50,5.5,1380,39
3573,CA1383,,10:20:00,13:45:00,2019-01-31 15:57:30,5.5,1380,38
3646,CA1383,,10:20:00,13:45:00,2019-02-01 16:28:35,5.5,1380,37
3717,CA1383,,10:20:00,13:45:00,2019-02-02 16:45:10,5.5,1380,36
3789,CA1383,,10:20:00,13:45:00,2019-02-03 17:31:35,5.5,1380,35
3865,CA1383,,10:20:00,13:45:00,2019-02-04 16:31:33,5.5,1380,34
3933,CA1383,,10:20:00,13:45:00,2019-02-05 16:15:26,5.5,1380,33
4006,CA1383,,10:20:00,13:45:00,2019-02-06 14:40:04,5.5,1380,32
4077,CA1383,,10:20:00,13:45:00,2019-02-07 16:27:27,4.0,1000,31
4125,CA1383,,10:20:00,13:45:00,2019-02-08 14:48:24,4.0,1000,30
4222,CA1383,,10:20:00,13:45:00,2019-02-09 15:06:02,4.0,1000,29
4294,CA1383,,10:20:00,13:45:00,2019-02-10 16:59:32,4.0,1000,28
4365,CA1383,,10:20:00,13:45:00,2019-02-11 17:06:46,4.0,1000,27
4439,CA1383,,10:20:00,13:45:00,2019-02-12 16:02:47,4.0,1000,26
4509,CA1383,,10:20:00,13:45:00,2019-02-13 14:27:31,4.0,1000,25
4570,CA1383,,10:20:00,13:45:00,2019-02-14 16:31:20,4.0,1000,24
4629,CA1383,,10:20:00,13:45:00,2019-02-15 16:05:14,4.0,1000,23
4726,CA1383,,10:20:00,13:45:00,2019-02-16 16:32:18,4.0,1000,22
4798,CA1383,,10:20:00,13:45:00,2019-02-17 17:23:37,4.0,1000,21
4869,CA1383,,10:20:00,13:45:00,2019-02-18 16:20:15,2.8,690,20
4941,CA1383,,10:20:00,13:45:00,2019-02-19 14:34:41,2.8,690,19
5016,CA1383,,10:20:00,13:45:00,2019-02-20 14:46:00,2.8,690,18
5086,CA1383,,10:20:00,13:45:00,2019-02-21 15:13:12,2.8,690,17
5157,CA1383,,10:20:00,13:45:00,2019-02-22 16:51:18,2.8,690,16
5231,CA1383,,10:20:00,13:45:00,2019-02-23 16:53:46,2.8,690,15
5301,CA1383,,10:20:00,13:45:00,2019-02-24 16:28:06,2.8,690,14
5373,CA1383,,10:20:00,13:45:00,2019-02-25 17:36:59,2.8,690,13
5448,CA1383,,10:20:00,13:45:00,2019-02-26 16:15:30,2.8,690,12
5518,CA1383,,10:20:00,13:45:00,2019-02-27 16:41:41,2.8,690,11
5589,CA1383,,10:20:00,13:45:00,2019-02-28 16:02:36,2.8,690,10
5663,CA1383,,10:20:00,13:45:00,2019-03-01 15:17:13,2.8,690,9
3062,CA1397,,14:20:00,17:45:00,2019-01-24 15:47:54,7.6,1900,45
3137,CA1397,,14:20:00,17:45:00,2019-01-25 15:30:08,7.6,1900,44
3207,CA1397,,14:20:00,17:45:00,2019-01-26 14:50:10,7.6,1900,43
3279,CA1397,,14:20:00,17:45:00,2019-01-27 15:35:41,7.6,1900,42
3316,CA1397,,14:20:00,17:45:00,2019-01-28 17:26:48,7.6,1900,41
3421,CA1397,,14:20:00,17:45:00,2019-01-29 14:51:20,7.6,1900,40
3496,CA1397,,14:20:00,17:45:00,2019-01-30 14:50:50,7.6,1900,39
3564,CA1397,,14:20:00,17:45:00,2019-01-31 15:57:30,7.6,1900,38
3637,CA1397,,14:20:00,17:45:00,2019-02-01 16:28:35,7.6,1900,37
3709,CA1397,,14:20:00,17:45:00,2019-02-02 16:45:10,7.6,1900,36
3781,CA1397,,14:20:00,17:45:00,2019-02-03 17:31:35,7.6,1900,35
3856,CA1397,,14:20:00,17:45:00,2019-02-04 16:31:33,7.6,1900,34
3925,CA1397,,14:20:00,17:45:00,2019-02-05 16:15:26,7.6,1900,33
3997,CA1397,,14:20:00,17:45:00,2019-02-06 14:40:04,7.6,1900,32
4069,CA1397,,14:20:00,17:45:00,2019-02-07 16:27:27,4.3,1080,31
4116,CA1397,,14:20:00,17:45:00,2019-02-08 14:48:24,4.3,1080,30
4213,CA1397,,14:20:00,17:45:00,2019-02-09 15:06:02,4.3,1080,29
4285,CA1397,,14:20:00,17:45:00,2019-02-10 16:59:32,4.3,1080,28
4357,CA1397,,14:20:00,17:45:00,2019-02-11 17:06:46,4.3,1080,27
4429,CA1397,,14:20:00,17:45:00,2019-02-12 16:02:47,4.3,1080,26
4501,CA1397,,14:20:00,17:45:00,2019-02-13 14:27:31,4.3,1080,25
4561,CA1397,,14:20:00,17:45:00,2019-02-14 16:31:20,4.3,1080,24
4618,CA1397,,14:20:00,17:45:00,2019-02-15 16:05:14,4.3,1080,23
4717,CA1397,,14:20:00,17:45:00,2019-02-16 16:32:18,4.3,1080,22
4789,CA1397,,14:20:00,17:45:00,2019-02-17 17:23:37,4.3,1080,21
4861,CA1397,,14:20:00,17:45:00,2019-02-18 16:20:15,3.0,750,20
4933,CA1397,,14:20:00,17:45:00,2019-02-19 14:34:41,3.0,750,19
5005,CA1397,,14:20:00,17:45:00,2019-02-20 14:46:00,3.0,750,18
5077,CA1397,,14:20:00,17:45:00,2019-02-21 15:13:12,3.0,750,17
5149,CA1397,,14:20:00,17:45:00,2019-02-22 16:51:18,3.0,750,16
5221,CA1397,,14:20:00,17:45:00,2019-02-23 16:53:46,3.0,750,15
5293,CA1397,,14:20:00,17:45:00,2019-02-24 16:28:06,3.0,750,14
5365,CA1397,,14:20:00,17:45:00,2019-02-25 17:36:59,3.0,750,13
5437,CA1397,,14:20:00,17:45:00,2019-02-26 16:15:30,3.0,750,12
5509,CA1397,,14:20:00,17:45:00,2019-02-27 16:41:41,3.0,750,11
5581,CA1397,,14:20:00,17:45:00,2019-02-28 16:02:36,3.0,750,10
5653,CA1397,,14:20:00,17:45:00,2019-03-01 15:17:13,3.0,750,9
5722,CA1397,,14:20:00,17:45:00,2019-03-02 14:30:52,6.3,1580,8
5790,CA1397,,14:20:00,17:45:00,2019-03-03 14:18:49,6.0,1490,7
5857,CA1397,,14:20:00,17:45:00,2019-03-04 15:51:01,6.3,1580,6
5926,CA1397,,14:20:00,17:45:00,2019-03-05 14:26:52,8.4,2110,5
5988,CA1397,,14:20:00,17:45:00,2019-03-06 15:35:18,8.4,2110,4
6022,CA1397,,14:20:00,17:45:00,2019-03-07 16:39:49,8.4,2110,3
6086,CA1397,,14:20:00,17:45:00,2019-03-08 15:33:10,8.4,2110,2
6208,CA1397,,14:20:00,17:45:00,2019-03-09 14:24:22,10.0,2500,1
6211,CA1397,,14:20:00,17:45:00,2019-03-10 16:23:31,10.0,2500,0
3094,CA1895,,07:55:00,11:35:00,2019-01-24 15:47:54,10.0,2500,45
3111,CA1895,,07:55:00,11:35:00,2019-01-25 15:30:08,10.0,2500,44
3233,CA1895,,07:55:00,11:35:00,2019-01-26 14:50:10,10.0,2500,43
3307,CA1895,,07:55:00,11:35:00,2019-01-27 15:35:41,10.0,2500,42
3376,CA1895,,07:55:00,11:35:00,2019-01-28 17:26:48,10.0,2500,41
3448,CA1895,,07:55:00,11:35:00,2019-01-29 14:51:20,10.0,2500,40
3522,CA1895,,07:55:00,11:35:00,2019-01-30 14:50:50,10.0,2500,39
3591,CA1895,,07:55:00,11:35:00,2019-01-31 15:57:30,10.0,2500,38
3664,CA1895,,07:55:00,11:35:00,2019-02-01 16:28:35,10.0,2500,37
3735,CA1895,,07:55:00,11:35:00,2019-02-02 16:45:10,10.0,2500,36
3807,CA1895,,07:55:00,11:35:00,2019-02-03 17:31:35,10.0,2500,35
3883,CA1895,,07:55:00,11:35:00,2019-02-04 16:31:33,10.0,2500,34
3951,CA1895,,07:55:00,11:35:00,2019-02-05 16:15:26,10.0,2500,33
4024,CA1895,,07:55:00,11:35:00,2019-02-06 14:40:04,10.0,2500,32
4095,CA1895,,07:55:00,11:35:00,2019-02-07 16:27:27,10.0,2500,31
4144,CA1895,,07:55:00,11:35:00,2019-02-08 14:48:24,10.0,2500,30
4241,CA1895,,07:55:00,11:35:00,2019-02-09 15:06:02,10.0,2500,29
4312,CA1895,,07:55:00,11:35:00,2019-02-10 16:59:32,10.0,2500,28
4383,CA1895,,07:55:00,11:35:00,2019-02-11 17:06:46,10.0,2500,27
4457,CA1895,,07:55:00,11:35:00,2019-02-12 16:02:47,10.0,2500,26
4527,CA1895,,07:55:00,11:35:00,2019-02-13 14:27:31,10.0,2500,25
4588,CA1895,,07:55:00,11:35:00,2019-02-14 16:31:20,10.0,2500,24
4640,CA1895,,07:55:00,11:35:00,2019-02-15 16:05:14,10.0,2500,23
4743,CA1895,,07:55:00,11:35:00,2019-02-16 16:32:18,10.0,2500,22
4816,CA1895,,07:55:00,11:35:00,2019-02-17 17:23:37,10.0,2500,21
4887,CA1895,,07:55:00,11:35:00,2019-02-18 16:20:15,10.0,2500,20
4959,CA1895,,07:55:00,11:35:00,2019-02-19 14:34:41,10.0,2500,19
5034,CA1895,,07:55:00,11:35:00,2019-02-20 14:46:00,10.0,2500,18
5104,CA1895,,07:55:00,11:35:00,2019-02-21 15:13:12,10.0,2500,17
5175,CA1895,,07:55:00,11:35:00,2019-02-22 16:51:18,10.0,2500,16
5249,CA1895,,07:55:00,11:35:00,2019-02-23 16:53:46,10.0,2500,15
5319,CA1895,,07:55:00,11:35:00,2019-02-24 16:28:06,10.0,2500,14
5391,CA1895,,07:55:00,11:35:00,2019-02-25 17:36:59,10.0,2500,13
5466,CA1895,,07:55:00,11:35:00,2019-02-26 16:15:30,10.0,2500,12
5535,CA1895,,07:55:00,11:35:00,2019-02-27 16:41:41,10.0,2500,11
5607,CA1895,,07:55:00,11:35:00,2019-02-28 16:02:36,10.0,2500,10
5681,CA1895,,07:55:00,11:35:00,2019-03-01 15:17:13,10.0,2500,9
5746,CA1895,,07:55:00,11:35:00,2019-03-02 14:30:52,10.0,2500,8
5814,CA1895,,07:55:00,11:35:00,2019-03-03 14:18:49,10.0,2500,7
5880,CA1895,,07:55:00,11:35:00,2019-03-04 15:51:01,10.0,2500,6
5903,CA1895,,07:55:00,11:35:00,2019-03-05 14:26:52,10.0,2500,5
6011,CA1895,,07:55:00,11:35:00,2019-03-06 15:35:18,10.0,2500,4
6045,CA1895,,07:55:00,11:35:00,2019-03-07 16:39:49,10.0,2500,3
6108,CA1895,,07:55:00,11:35:00,2019-03-08 15:33:10,10.0,2500,2
6191,CA1895,,07:55:00,11:35:00,2019-03-09 14:24:22,10.0,2500,1
6241,CA1895,,07:55:00,11:35:00,2019-03-10 16:23:31,10.0,2500,0
3081,CA3402,ZH9102,12:05:00,15:45:00,2019-01-24 15:47:54,5.5,1380,45
3122,CA3402,ZH9102,12:05:00,15:45:00,2019-01-25 15:30:08,5.5,1380,44
3222,CA3402,ZH9102,12:05:00,15:45:00,2019-01-26 14:50:10,5.5,1380,43
3296,CA3402,ZH9102,12:05:00,15:45:00,2019-01-27 15:35:41,5.5,1380,42
3366,CA3402,ZH9102,12:05:00,15:45:00,2019-01-28 17:26:48,5.5,1380,41
3437,CA3402,ZH9102,12:05:00,15:45:00,2019-01-29 14:51:20,5.5,1380,40
3512,CA3402,ZH9102,12:05:00,15:45:00,2019-01-30 14:50:50,5.5,1380,39
3580,CA3402,ZH9102,12:05:00,15:45:00,2019-01-31 15:57:30,5.5,1380,38
3653,CA3402,ZH9102,12:05:00,15:45:00,2019-02-01 16:28:35,5.5,1380,37
3724,CA3402,ZH9102,12:05:00,15:45:00,2019-02-02 16:45:10,5.5,1380,36
3796,CA3402,ZH9102,12:05:00,15:45:00,2019-02-03 17:31:35,5.5,1380,35
3872,CA3402,ZH9102,12:05:00,15:45:00,2019-02-04 16:31:33,5.5,1380,34
3940,CA3402,ZH9102,12:05:00,15:45:00,2019-02-05 16:15:26,5.5,1380,33
4013,CA3402,ZH9102,12:05:00,15:45:00,2019-02-06 14:40:04,5.5,1380,32
4084,CA3402,ZH9102,12:05:00,15:45:00,2019-02-07 16:27:27,5.5,1380,31
4132,CA3402,ZH9102,12:05:00,15:45:00,2019-02-08 14:48:24,5.5,1380,30
4230,CA3402,ZH9102,12:05:00,15:45:00,2019-02-09 15:06:02,5.5,1380,29
4301,CA3402,ZH9102,12:05:00,15:45:00,2019-02-10 16:59:32,5.5,1380,28
4372,CA3402,ZH9102,12:05:00,15:45:00,2019-02-11 17:06:46,5.5,1380,27
4446,CA3402,ZH9102,12:05:00,15:45:00,2019-02-12 16:02:47,5.5,1380,26
4516,CA3402,ZH9102,12:05:00,15:45:00,2019-02-13 14:27:31,5.5,1380,25
4577,CA3402,ZH9102,12:05:00,15:45:00,2019-02-14 16:31:20,5.5,1380,24
4636,CA3402,ZH9102,12:05:00,15:45:00,2019-02-15 16:05:14,5.5,1380,23
4732,CA3402,ZH9102,12:05:00,15:45:00,2019-02-16 16:32:18,5.5,1380,22
4805,CA3402,ZH9102,12:05:00,15:45:00,2019-02-17 17:23:37,5.5,1380,21
4876,CA3402,ZH9102,12:05:00,15:45:00,2019-02-18 16:20:15,5.5,1380,20
4948,CA3402,ZH9102,12:05:00,15:45:00,2019-02-19 14:34:41,5.5,1380,19
5023,CA3402,ZH9102,12:05:00,15:45:00,2019-02-20 14:46:00,5.5,1380,18
5093,CA3402,ZH9102,12:05:00,15:45:00,2019-02-21 15:13:12,5.5,1380,17
5164,CA3402,ZH9102,12:05:00,15:45:00,2019-02-22 16:51:18,5.5,1380,16
5238,CA3402,ZH9102,12:05:00,15:45:00,2019-02-23 16:53:46,5.5,1380,15
5308,CA3402,ZH9102,12:05:00,15:45:00,2019-02-24 16:28:06,5.5,1380,14
5380,CA3402,ZH9102,12:05:00,15:45:00,2019-02-25 17:36:59,5.5,1380,13
5455,CA3402,ZH9102,12:05:00,15:45:00,2019-02-26 16:15:30,5.5,1380,12
5524,CA3402,ZH9102,12:05:00,15:45:00,2019-02-27 16:41:41,5.5,1380,11
5596,CA3402,ZH9102,12:05:00,15:45:00,2019-02-28 16:02:36,5.5,1380,10
5670,CA3402,ZH9102,12:05:00,15:45:00,2019-03-01 15:17:13,5.5,1380,9
5736,CA3402,ZH9102,12:05:00,15:45:00,2019-03-02 14:30:52,7.6,1900,8
5804,CA3402,ZH9102,12:05:00,15:45:00,2019-03-03 14:18:49,7.6,1900,7
5871,CA3402,ZH9102,12:05:00,15:45:00,2019-03-04 15:51:01,7.6,1900,6
5913,CA3402,ZH9102,12:05:00,15:45:00,2019-03-05 14:26:52,9.6,2400,5
6001,CA3402,ZH9102,12:05:00,15:45:00,2019-03-06 15:35:18,9.6,2400,4
6035,CA3402,ZH9102,12:05:00,15:45:00,2019-03-07 16:39:49,9.6,2400,3
6099,CA3402,ZH9102,12:05:00,15:45:00,2019-03-08 15:33:10,9.6,2400,2
6181,CA3402,ZH9102,12:05:00,15:45:00,2019-03-09 14:24:22,10.0,2500,1
6231,CA3402,ZH9102,12:05:00,15:45:00,2019-03-10 16:23:31,10.0,2500,0
3070,CA3404,ZH9104,14:25:00,18:05:00,2019-01-24 15:47:54,5.5,1380,45
3131,CA3404,ZH9104,14:25:00,18:05:00,2019-01-25 15:30:08,5.5,1380,44
3212,CA3404,ZH9104,14:25:00,18:05:00,2019-01-26 14:50:10,5.5,1380,43
3286,CA3404,ZH9104,14:25:00,18:05:00,2019-01-27 15:35:41,5.5,1380,42
3356,CA3404,ZH9104,14:25:00,18:05:00,2019-01-28 17:26:48,5.5,1380,41
3427,CA3404,ZH9104,14:25:00,18:05:00,2019-01-29 14:51:20,5.5,1380,40
3502,CA3404,ZH9104,14:25:00,18:05:00,2019-01-30 14:50:50,5.5,1380,39
3570,CA3404,ZH9104,14:25:00,18:05:00,2019-01-31 15:57:30,5.5,1380,38
3643,CA3404,ZH9104,14:25:00,18:05:00,2019-02-01 16:28:35,5.5,1380,37
3714,CA3404,ZH9104,14:25:00,18:05:00,2019-02-02 16:45:10,5.5,1380,36
3786,CA3404,ZH9104,14:25:00,18:05:00,2019-02-03 17:31:35,5.5,1380,35
3862,CA3404,ZH9104,14:25:00,18:05:00,2019-02-04 16:31:33,5.5,1380,34
3930,CA3404,ZH9104,14:25:00,18:05:00,2019-02-05 16:15:26,5.5,1380,33
4003,CA3404,ZH9104,14:25:00,18:05:00,2019-02-06 14:40:04,5.5,1380,32
4074,CA3404,ZH9104,14:25:00,18:05:00,2019-02-07 16:27:27,5.5,1380,31
4122,CA3404,ZH9104,14:25:00,18:05:00,2019-02-08 14:48:24,5.5,1380,30
4219,CA3404,ZH9104,14:25:00,18:05:00,2019-02-09 15:06:02,5.5,1380,29
4291,CA3404,ZH9104,14:25:00,18:05:00,2019-02-10 16:59:32,5.5,1380,28
4362,CA3404,ZH9104,14:25:00,18:05:00,2019-02-11 17:06:46,5.5,1380,27
4436,CA3404,ZH9104,14:25:00,18:05:00,2019-02-12 16:02:47,5.5,1380,26
4506,CA3404,ZH9104,14:25:00,18:05:00,2019-02-13 14:27:31,5.5,1380,25
4567,CA3404,ZH9104,14:25:00,18:05:00,2019-02-14 16:31:20,5.5,1380,24
4626,CA3404,ZH9104,14:25:00,18:05:00,2019-02-15 16:05:14,5.5,1380,23
4723,CA3404,ZH9104,14:25:00,18:05:00,2019-02-16 16:32:18,5.5,1380,22
4795,CA3404,ZH9104,14:25:00,18:05:00,2019-02-17 17:23:37,5.5,1380,21
4866,CA3404,ZH9104,14:25:00,18:05:00,2019-02-18 16:20:15,5.5,1380,20
4938,CA3404,ZH9104,14:25:00,18:05:00,2019-02-19 14:34:41,5.5,1380,19
5013,CA3404,ZH9104,14:25:00,18:05:00,2019-02-20 14:46:00,5.5,1380,18
5083,CA3404,ZH9104,14:25:00,18:05:00,2019-02-21 15:13:12,5.5,1380,17
5154,CA3404,ZH9104,14:25:00,18:05:00,2019-02-22 16:51:18,5.5,1380,16
5228,CA3404,ZH9104,14:25:00,18:05:00,2019-02-23 16:53:46,5.5,1380,15
5298,CA3404,ZH9104,14:25:00,18:05:00,2019-02-24 16:28:06,5.5,1380,14
5370,CA3404,ZH9104,14:25:00,18:05:00,2019-02-25 17:36:59,5.5,1380,13
5445,CA3404,ZH9104,14:25:00,18:05:00,2019-02-26 16:15:30,5.5,1380,12
5515,CA3404,ZH9104,14:25:00,18:05:00,2019-02-27 16:41:41,5.5,1380,11
5586,CA3404,ZH9104,14:25:00,18:05:00,2019-02-28 16:02:36,5.5,1380,10
5660,CA3404,ZH9104,14:25:00,18:05:00,2019-03-01 15:17:13,5.5,1380,9
5727,CA3404,ZH9104,14:25:00,18:05:00,2019-03-02 14:30:52,7.6,1900,8
5795,CA3404,ZH9104,14:25:00,18:05:00,2019-03-03 14:18:49,7.6,1900,7
5862,CA3404,ZH9104,14:25:00,18:05:00,2019-03-04 15:51:01,7.6,1900,6
5921,CA3404,ZH9104,14:25:00,18:05:00,2019-03-05 14:26:52,9.6,2400,5
5993,CA3404,ZH9104,14:25:00,18:05:00,2019-03-06 15:35:18,9.6,2400,4
6027,CA3404,ZH9104,14:25:00,18:05:00,2019-03-07 16:39:49,9.6,2400,3
6091,CA3404,ZH9104,14:25:00,18:05:00,2019-03-08 15:33:10,9.6,2400,2
6203,CA3404,ZH9104,14:25:00,18:05:00,2019-03-09 14:24:22,10.0,2500,1
6266,CA3404,ZH9104,14:25:00,18:05:00,2019-03-10 16:23:31,10.0,2500,0
3076,CA3406,ZH9106,16:55:00,20:45:00,2019-01-24 15:47:54,6.6,1650,45
3127,CA3406,ZH9106,16:55:00,20:45:00,2019-01-25 15:30:08,6.6,1650,44
3217,CA3406,ZH9106,16:55:00,20:45:00,2019-01-26 14:50:10,6.6,1650,43
3291,CA3406,ZH9106,16:55:00,20:45:00,2019-01-27 15:35:41,6.6,1650,42
3361,CA3406,ZH9106,16:55:00,20:45:00,2019-01-28 17:26:48,6.6,1650,41
3432,CA3406,ZH9106,16:55:00,20:45:00,2019-01-29 14:51:20,6.6,1650,40
3507,CA3406,ZH9106,16:55:00,20:45:00,2019-01-30 14:50:50,5.5,1380,39
3575,CA3406,ZH9106,16:55:00,20:45:00,2019-01-31 15:57:30,5.5,1380,38
3648,CA3406,ZH9106,16:55:00,20:45:00,2019-02-01 16:28:35,5.5,1380,37
3719,CA3406,ZH9106,16:55:00,20:45:00,2019-02-02 16:45:10,5.5,1380,36
3791,CA3406,ZH9106,16:55:00,20:45:00,2019-02-03 17:31:35,5.5,1380,35
3867,CA3406,ZH9106,16:55:00,20:45:00,2019-02-04 16:31:33,5.5,1380,34
3935,CA3406,ZH9106,16:55:00,20:45:00,2019-02-05 16:15:26,5.5,1380,33
4008,CA3406,ZH9106,16:55:00,20:45:00,2019-02-06 14:40:04,5.5,1380,32
4079,CA3406,ZH9106,16:55:00,20:45:00,2019-02-07 16:27:27,5.5,1380,31
4127,CA3406,ZH9106,16:55:00,20:45:00,2019-02-08 14:48:24,5.5,1380,30
4224,CA3406,ZH9106,16:55:00,20:45:00,2019-02-09 15:06:02,5.5,1380,29
4296,CA3406,ZH9106,16:55:00,20:45:00,2019-02-10 16:59:32,5.5,1380,28
4367,CA3406,ZH9106,16:55:00,20:45:00,2019-02-11 17:06:46,5.5,1380,27
4441,CA3406,ZH9106,16:55:00,20:45:00,2019-02-12 16:02:47,5.5,1380,26
4511,CA3406,ZH9106,16:55:00,20:45:00,2019-02-13 14:27:31,5.5,1380,25
4572,CA3406,ZH9106,16:55:00,20:45:00,2019-02-14 16:31:20,5.5,1380,24
4631,CA3406,ZH9106,16:55:00,20:45:00,2019-02-15 16:05:14,5.5,1380,23
4728,CA3406,ZH9106,16:55:00,20:45:00,2019-02-16 16:32:18,5.5,1380,22
4800,CA3406,ZH9106,16:55:00,20:45:00,2019-02-17 17:23:37,5.5,1380,21
4871,CA3406,ZH9106,16:55:00,20:45:00,2019-02-18 16:20:15,5.5,1380,20
4943,CA3406,ZH9106,16:55:00,20:45:00,2019-02-19 14:34:41,5.5,1380,19
5018,CA3406,ZH9106,16:55:00,20:45:00,2019-02-20 14:46:00,5.5,1380,18
5088,CA3406,ZH9106,16:55:00,20:45:00,2019-02-21 15:13:12,5.5,1380,17
5159,CA3406,ZH9106,16:55:00,20:45:00,2019-02-22 16:51:18,5.5,1380,16
5233,CA3406,ZH9106,16:55:00,20:45:00,2019-02-23 16:53:46,5.5,1380,15
5303,CA3406,ZH9106,16:55:00,20:45:00,2019-02-24 16:28:06,5.5,1380,14
5375,CA3406,ZH9106,16:55:00,20:45:00,2019-02-25 17:36:59,5.5,1380,13
5450,CA3406,ZH9106,16:55:00,20:45:00,2019-02-26 16:15:30,5.5,1380,12
5520,CA3406,ZH9106,16:55:00,20:45:00,2019-02-27 16:41:41,5.5,1380,11
5591,CA3406,ZH9106,16:55:00,20:45:00,2019-02-28 16:02:36,5.5,1380,10
5665,CA3406,ZH9106,16:55:00,20:45:00,2019-03-01 15:17:13,5.5,1380,9
5731,CA3406,ZH9106,16:55:00,20:45:00,2019-03-02 14:30:52,7.6,1900,8
5799,CA3406,ZH9106,16:55:00,20:45:00,2019-03-03 14:18:49,7.6,1900,7
5866,CA3406,ZH9106,16:55:00,20:45:00,2019-03-04 15:51:01,7.6,1900,6
5917,CA3406,ZH9106,16:55:00,20:45:00,2019-03-05 14:26:52,9.6,2400,5
5997,CA3406,ZH9106,16:55:00,20:45:00,2019-03-06 15:35:18,9.6,2400,4
6031,CA3406,ZH9106,16:55:00,20:45:00,2019-03-07 16:39:49,9.6,2400,3
6095,CA3406,ZH9106,16:55:00,20:45:00,2019-03-08 15:33:10,9.6,2400,2
6177,CA3406,ZH9106,16:55:00,20:45:00,2019-03-09 14:24:22,10.0,2500,1
6262,CA3406,ZH9106,16:55:00,20:45:00,2019-03-10 16:23:31,10.0,2500,0
3046,CA3408,ZH9108,19:20:00,22:45:00,2019-01-24 15:47:54,6.6,1650,45
3152,CA3408,ZH9108,19:20:00,22:45:00,2019-01-25 15:30:08,6.6,1650,44
3192,CA3408,ZH9108,19:20:00,22:45:00,2019-01-26 14:50:10,6.6,1650,43
3264,CA3408,ZH9108,19:20:00,22:45:00,2019-01-27 15:35:41,6.6,1650,42
3336,CA3408,ZH9108,19:20:00,22:45:00,2019-01-28 17:26:48,6.6,1650,41
3407,CA3408,ZH9108,19:20:00,22:45:00,2019-01-29 14:51:20,6.6,1650,40
3479,CA3408,ZH9108,19:20:00,22:45:00,2019-01-30 14:50:50,5.5,1380,39
3549,CA3408,ZH9108,19:20:00,22:45:00,2019-01-31 15:57:30,5.5,1380,38
3622,CA3408,ZH9108,19:20:00,22:45:00,2019-02-01 16:28:35,5.5,1380,37
3694,CA3408,ZH9108,19:20:00,22:45:00,2019-02-02 16:45:10,5.5,1380,36
3766,CA3408,ZH9108,19:20:00,22:45:00,2019-02-03 17:31:35,5.5,1380,35
3839,CA3408,ZH9108,19:20:00,22:45:00,2019-02-04 16:31:33,5.5,1380,34
3910,CA3408,ZH9108,19:20:00,22:45:00,2019-02-05 16:15:26,5.5,1380,33
3982,CA3408,ZH9108,19:20:00,22:45:00,2019-02-06 14:40:04,5.5,1380,32
4054,CA3408,ZH9108,19:20:00,22:45:00,2019-02-07 16:27:27,5.5,1380,31
4142,CA3408,ZH9108,19:20:00,22:45:00,2019-02-08 14:48:24,5.5,1380,30
4198,CA3408,ZH9108,19:20:00,22:45:00,2019-02-09 15:06:02,5.5,1380,29
4270,CA3408,ZH9108,19:20:00,22:45:00,2019-02-10 16:59:32,5.5,1380,28
4342,CA3408,ZH9108,19:20:00,22:45:00,2019-02-11 17:06:46,5.5,1380,27
4414,CA3408,ZH9108,19:20:00,22:45:00,2019-02-12 16:02:47,5.5,1380,26
4486,CA3408,ZH9108,19:20:00,22:45:00,2019-02-13 14:27:31,5.5,1380,25
4546,CA3408,ZH9108,19:20:00,22:45:00,2019-02-14 16:31:20,5.5,1380,24
4668,CA3408,ZH9108,19:20:00,22:45:00,2019-02-15 16:05:14,5.5,1380,23
4702,CA3408,ZH9108,19:20:00,22:45:00,2019-02-16 16:32:18,5.5,1380,22
4774,CA3408,ZH9108,19:20:00,22:45:00,2019-02-17 17:23:37,5.5,1380,21
4846,CA3408,ZH9108,19:20:00,22:45:00,2019-02-18 16:20:15,5.5,1380,20
4918,CA3408,ZH9108,19:20:00,22:45:00,2019-02-19 14:34:41,5.5,1380,19
4990,CA3408,ZH9108,19:20:00,22:45:00,2019-02-20 14:46:00,5.5,1380,18
5062,CA3408,ZH9108,19:20:00,22:45:00,2019-02-21 15:13:12,5.5,1380,17
5134,CA3408,ZH9108,19:20:00,22:45:00,2019-02-22 16:51:18,5.5,1380,16
5206,CA3408,ZH9108,19:20:00,22:45:00,2019-02-23 16:53:46,5.5,1380,15
5278,CA3408,ZH9108,19:20:00,22:45:00,2019-02-24 16:28:06,5.5,1380,14
5350,CA3408,ZH9108,19:20:00,22:45:00,2019-02-25 17:36:59,5.5,1380,13
5422,CA3408,ZH9108,19:20:00,22:45:00,2019-02-26 16:15:30,5.5,1380,12
5494,CA3408,ZH9108,19:20:00,22:45:00,2019-02-27 16:41:41,5.5,1380,11
5566,CA3408,ZH9108,19:20:00,22:45:00,2019-02-28 16:02:36,5.5,1380,10
5638,CA3408,ZH9108,19:20:00,22:45:00,2019-03-01 15:17:13,5.5,1380,9
5708,CA3408,ZH9108,19:20:00,22:45:00,2019-03-02 14:30:52,7.6,1900,8
5776,CA3408,ZH9108,19:20:00,22:45:00,2019-03-03 14:18:49,7.6,1900,7
5843,CA3408,ZH9108,19:20:00,22:45:00,2019-03-04 15:51:01,7.6,1900,6
5940,CA3408,ZH9108,19:20:00,22:45:00,2019-03-05 14:26:52,9.6,2400,5
5974,CA3408,ZH9108,19:20:00,22:45:00,2019-03-06 15:35:18,9.6,2400,4
6068,CA3408,ZH9108,19:20:00,22:45:00,2019-03-07 16:39:49,9.6,2400,3
6132,CA3408,ZH9108,19:20:00,22:45:00,2019-03-08 15:33:10,9.6,2400,2
6160,CA3408,ZH9108,19:20:00,22:45:00,2019-03-09 14:24:22,10.0,2500,1
6223,CA3408,ZH9108,19:20:00,22:45:00,2019-03-10 16:23:31,10.0,2500,0
6271,CA3408,ZH9108,19:20:00,22:45:00,2019-03-11 15:50:34,9.6,2400,0
3030,CA3410,ZH9110,21:25:00,01:05:00,2019-01-24 15:47:54,5.5,1380,45
3168,CA3410,ZH9110,21:25:00,01:05:00,2019-01-25 15:30:08,5.5,1380,44
3176,CA3410,ZH9110,21:25:00,01:05:00,2019-01-26 14:50:10,5.5,1380,43
3248,CA3410,ZH9110,21:25:00,01:05:00,2019-01-27 15:35:41,5.5,1380,42
3320,CA3410,ZH9110,21:25:00,01:05:00,2019-01-28 17:26:48,5.5,1380,41
3391,CA3410,ZH9110,21:25:00,01:05:00,2019-01-29 14:51:20,5.5,1380,40
3463,CA3410,ZH9110,21:25:00,01:05:00,2019-01-30 14:50:50,5.5,1380,39
3533,CA3410,ZH9110,21:25:00,01:05:00,2019-01-31 15:57:30,5.5,1380,38
3606,CA3410,ZH9110,21:25:00,01:05:00,2019-02-01 16:28:35,5.5,1380,37
3678,CA3410,ZH9110,21:25:00,01:05:00,2019-02-02 16:45:10,5.5,1380,36
3750,CA3410,ZH9110,21:25:00,01:05:00,2019-02-03 17:31:35,5.5,1380,35
3823,CA3410,ZH9110,21:25:00,01:05:00,2019-02-04 16:31:33,5.5,1380,34
3894,CA3410,ZH9110,21:25:00,01:05:00,2019-02-05 16:15:26,5.5,1380,33
3966,CA3410,ZH9110,21:25:00,01:05:00,2019-02-06 14:40:04,5.5,1380,32
4038,CA3410,ZH9110,21:25:00,01:05:00,2019-02-07 16:27:27,5.5,1380,31
4166,CA3410,ZH9110,21:25:00,01:05:00,2019-02-08 14:48:24,5.5,1380,30
4182,CA3410,ZH9110,21:25:00,01:05:00,2019-02-09 15:06:02,5.5,1380,29
4254,CA3410,ZH9110,21:25:00,01:05:00,2019-02-10 16:59:32,5.5,1380,28
4326,CA3410,ZH9110,21:25:00,01:05:00,2019-02-11 17:06:46,5.5,1380,27
4398,CA3410,ZH9110,21:25:00,01:05:00,2019-02-12 16:02:47,5.5,1380,26
4470,CA3410,ZH9110,21:25:00,01:05:00,2019-02-13 14:27:31,5.5,1380,25
4602,CA3410,ZH9110,21:25:00,01:05:00,2019-02-14 16:31:20,5.5,1380,24
4652,CA3410,ZH9110,21:25:00,01:05:00,2019-02-15 16:05:14,5.5,1380,23
4686,CA3410,ZH9110,21:25:00,01:05:00,2019-02-16 16:32:18,5.5,1380,22
4758,CA3410,ZH9110,21:25:00,01:05:00,2019-02-17 17:23:37,5.5,1380,21
4830,CA3410,ZH9110,21:25:00,01:05:00,2019-02-18 16:20:15,5.5,1380,20
4902,CA3410,ZH9110,21:25:00,01:05:00,2019-02-19 14:34:41,5.5,1380,19
4974,CA3410,ZH9110,21:25:00,01:05:00,2019-02-20 14:46:00,5.5,1380,18
5046,CA3410,ZH9110,21:25:00,01:05:00,2019-02-21 15:13:12,5.5,1380,17
5118,CA3410,ZH9110,21:25:00,01:05:00,2019-02-22 16:51:18,5.5,1380,16
5190,CA3410,ZH9110,21:25:00,01:05:00,2019-02-23 16:53:46,5.5,1380,15
5262,CA3410,ZH9110,21:25:00,01:05:00,2019-02-24 16:28:06,5.5,1380,14
5334,CA3410,ZH9110,21:25:00,01:05:00,2019-02-25 17:36:59,5.5,1380,13
5406,CA3410,ZH9110,21:25:00,01:05:00,2019-02-26 16:15:30,5.5,1380,12
5478,CA3410,ZH9110,21:25:00,01:05:00,2019-02-27 16:41:41,5.5,1380,11
5550,CA3410,ZH9110,21:25:00,01:05:00,2019-02-28 16:02:36,5.5,1380,10
5622,CA3410,ZH9110,21:25:00,01:05:00,2019-03-01 15:17:13,5.5,1380,9
5694,CA3410,ZH9110,21:25:00,01:05:00,2019-03-02 14:30:52,7.6,1900,8
5761,CA3410,ZH9110,21:25:00,01:05:00,2019-03-03 14:18:49,7.6,1900,7
5828,CA3410,ZH9110,21:25:00,01:05:00,2019-03-04 15:51:01,7.6,1900,6
5891,CA3410,ZH9110,21:25:00,01:05:00,2019-03-05 14:26:52,9.6,2400,5
5959,CA3410,ZH9110,21:25:00,01:05:00,2019-03-06 15:35:18,9.6,2400,4
6082,CA3410,ZH9110,21:25:00,01:05:00,2019-03-07 16:39:49,9.6,2400,3
6145,CA3410,ZH9110,21:25:00,01:05:00,2019-03-08 15:33:10,9.6,2400,2
6173,CA3410,ZH9110,21:25:00,01:05:00,2019-03-09 14:24:22,10.0,2500,1
6256,CA3410,ZH9110,21:25:00,01:05:00,2019-03-10 16:23:31,10.0,2500,0
6285,CA3410,ZH9110,21:25:00,01:05:00,2019-03-11 15:50:34,9.6,2400,0
3089,CA3412,ZH9112,06:20:00,12:10:00,2019-01-24 15:47:54,10.0,2500,45
3115,CA3412,ZH9112,06:20:00,12:10:00,2019-01-25 15:30:08,10.0,2500,44
3229,CA3412,ZH9112,06:20:00,12:10:00,2019-01-26 14:50:10,10.0,2500,43
3303,CA3412,ZH9112,06:20:00,12:10:00,2019-01-27 15:35:41,6.6,1650,42
3372,CA3412,ZH9112,06:20:00,12:10:00,2019-01-28 17:26:48,6.6,1650,41
3444,CA3412,ZH9112,06:20:00,12:10:00,2019-01-29 14:51:20,6.6,1650,40
3518,CA3412,ZH9112,06:20:00,12:10:00,2019-01-30 14:50:50,6.6,1650,39
3587,CA3412,ZH9112,06:20:00,12:10:00,2019-01-31 15:57:30,6.6,1650,38
3660,CA3412,ZH9112,06:20:00,12:10:00,2019-02-01 16:28:35,6.6,1650,37
3731,CA3412,ZH9112,06:20:00,12:10:00,2019-02-02 16:45:10,6.6,1650,36
3803,CA3412,ZH9112,06:20:00,12:10:00,2019-02-03 17:31:35,6.6,1650,35
3879,CA3412,ZH9112,06:20:00,12:10:00,2019-02-04 16:31:33,6.6,1650,34
3947,CA3412,ZH9112,06:20:00,12:10:00,2019-02-05 16:15:26,6.6,1650,33
4020,CA3412,ZH9112,06:20:00,12:10:00,2019-02-06 14:40:04,6.6,1650,32
4091,CA3412,ZH9112,06:20:00,12:10:00,2019-02-07 16:27:27,6.6,1650,31
4139,CA3412,ZH9112,06:20:00,12:10:00,2019-02-08 14:48:24,6.6,1650,30
4237,CA3412,ZH9112,06:20:00,12:10:00,2019-02-09 15:06:02,6.6,1650,29
4308,CA3412,ZH9112,06:20:00,12:10:00,2019-02-10 16:59:32,6.6,1650,28
4379,CA3412,ZH9112,06:20:00,12:10:00,2019-02-11 17:06:46,6.6,1650,27
4453,CA3412,ZH9112,06:20:00,12:10:00,2019-02-12 16:02:47,6.6,1650,26
4523,CA3412,ZH9112,06:20:00,12:10:00,2019-02-13 14:27:31,5.5,1380,25
4584,CA3412,ZH9112,06:20:00,12:10:00,2019-02-14 16:31:20,5.5,1380,24
4616,CA3412,ZH9112,06:20:00,12:10:00,2019-02-15 16:05:14,5.5,1380,23
4739,CA3412,ZH9112,06:20:00,12:10:00,2019-02-16 16:32:18,5.5,1380,22
4812,CA3412,ZH9112,06:20:00,12:10:00,2019-02-17 17:23:37,5.5,1380,21
4883,CA3412,ZH9112,06:20:00,12:10:00,2019-02-18 16:20:15,5.5,1380,20
4955,CA3412,ZH9112,06:20:00,12:10:00,2019-02-19 14:34:41,5.5,1380,19
5030,CA3412,ZH9112,06:20:00,12:10:00,2019-02-20 14:46:00,5.5,1380,18
5100,CA3412,ZH9112,06:20:00,12:10:00,2019-02-21 15:13:12,5.5,1380,17
5171,CA3412,ZH9112,06:20:00,12:10:00,2019-02-22 16:51:18,5.5,1380,16
5245,CA3412,ZH9112,06:20:00,12:10:00,2019-02-23 16:53:46,5.5,1380,15
5315,CA3412,ZH9112,06:20:00,12:10:00,2019-02-24 16:28:06,5.5,1380,14
5387,CA3412,ZH9112,06:20:00,12:10:00,2019-02-25 17:36:59,5.5,1380,13
5462,CA3412,ZH9112,06:20:00,12:10:00,2019-02-26 16:15:30,5.5,1380,12
5531,CA3412,ZH9112,06:20:00,12:10:00,2019-02-27 16:41:41,5.5,1380,11
5603,CA3412,ZH9112,06:20:00,12:10:00,2019-02-28 16:02:36,5.5,1380,10
5677,CA3412,ZH9112,06:20:00,12:10:00,2019-03-01 15:17:13,5.5,1380,9
3098,CA3414,ZH9114,07:30:00,11:20:00,2019-01-24 15:47:54,5.5,1380,45
3107,CA3414,ZH9114,07:30:00,11:20:00,2019-01-25 15:30:08,5.5,1380,44
3237,CA3414,ZH9114,07:30:00,11:20:00,2019-01-26 14:50:10,5.5,1380,43
3311,CA3414,ZH9114,07:30:00,11:20:00,2019-01-27 15:35:41,5.5,1380,42
3380,CA3414,ZH9114,07:30:00,11:20:00,2019-01-28 17:26:48,5.5,1380,41
3452,CA3414,ZH9114,07:30:00,11:20:00,2019-01-29 14:51:20,5.5,1380,40
3526,CA3414,ZH9114,07:30:00,11:20:00,2019-01-30 14:50:50,5.5,1380,39
3595,CA3414,ZH9114,07:30:00,11:20:00,2019-01-31 15:57:30,5.5,1380,38
3668,CA3414,ZH9114,07:30:00,11:20:00,2019-02-01 16:28:35,5.5,1380,37
3739,CA3414,ZH9114,07:30:00,11:20:00,2019-02-02 16:45:10,5.5,1380,36
3811,CA3414,ZH9114,07:30:00,11:20:00,2019-02-03 17:31:35,5.5,1380,35
3887,CA3414,ZH9114,07:30:00,11:20:00,2019-02-04 16:31:33,5.5,1380,34
3955,CA3414,ZH9114,07:30:00,11:20:00,2019-02-05 16:15:26,5.5,1380,33
4028,CA3414,ZH9114,07:30:00,11:20:00,2019-02-06 14:40:04,5.5,1380,32
4099,CA3414,ZH9114,07:30:00,11:20:00,2019-02-07 16:27:27,5.5,1380,31
4148,CA3414,ZH9114,07:30:00,11:20:00,2019-02-08 14:48:24,5.5,1380,30
4245,CA3414,ZH9114,07:30:00,11:20:00,2019-02-09 15:06:02,5.5,1380,29
4316,CA3414,ZH9114,07:30:00,11:20:00,2019-02-10 16:59:32,5.5,1380,28
4387,CA3414,ZH9114,07:30:00,11:20:00,2019-02-11 17:06:46,5.5,1380,27
4461,CA3414,ZH9114,07:30:00,11:20:00,2019-02-12 16:02:47,5.5,1380,26
4531,CA3414,ZH9114,07:30:00,11:20:00,2019-02-13 14:27:31,5.5,1380,25
4592,CA3414,ZH9114,07:30:00,11:20:00,2019-02-14 16:31:20,5.5,1380,24
4644,CA3414,ZH9114,07:30:00,11:20:00,2019-02-15 16:05:14,5.5,1380,23
4747,CA3414,ZH9114,07:30:00,11:20:00,2019-02-16 16:32:18,5.5,1380,22
4820,CA3414,ZH9114,07:30:00,11:20:00,2019-02-17 17:23:37,5.5,1380,21
4891,CA3414,ZH9114,07:30:00,11:20:00,2019-02-18 16:20:15,5.5,1380,20
4963,CA3414,ZH9114,07:30:00,11:20:00,2019-02-19 14:34:41,5.5,1380,19
5038,CA3414,ZH9114,07:30:00,11:20:00,2019-02-20 14:46:00,5.5,1380,18
5108,CA3414,ZH9114,07:30:00,11:20:00,2019-02-21 15:13:12,5.5,1380,17
5179,CA3414,ZH9114,07:30:00,11:20:00,2019-02-22 16:51:18,5.5,1380,16
5253,CA3414,ZH9114,07:30:00,11:20:00,2019-02-23 16:53:46,5.5,1380,15
5323,CA3414,ZH9114,07:30:00,11:20:00,2019-02-24 16:28:06,5.5,1380,14
5395,CA3414,ZH9114,07:30:00,11:20:00,2019-02-25 17:36:59,5.5,1380,13
5470,CA3414,ZH9114,07:30:00,11:20:00,2019-02-26 16:15:30,5.5,1380,12
5539,CA3414,ZH9114,07:30:00,11:20:00,2019-02-27 16:41:41,5.5,1380,11
5611,CA3414,ZH9114,07:30:00,11:20:00,2019-02-28 16:02:36,5.5,1380,10
5685,CA3414,ZH9114,07:30:00,11:20:00,2019-03-01 15:17:13,5.5,1380,9
5750,CA3414,ZH9114,07:30:00,11:20:00,2019-03-02 14:30:52,7.6,1900,8
5818,CA3414,ZH9114,07:30:00,11:20:00,2019-03-03 14:18:49,7.6,1900,7
5884,CA3414,ZH9114,07:30:00,11:20:00,2019-03-04 15:51:01,7.6,1900,6
5898,CA3414,ZH9114,07:30:00,11:20:00,2019-03-05 14:26:52,9.6,2400,5
6015,CA3414,ZH9114,07:30:00,11:20:00,2019-03-06 15:35:18,9.6,2400,4
6049,CA3414,ZH9114,07:30:00,11:20:00,2019-03-07 16:39:49,9.6,2400,3
6112,CA3414,ZH9114,07:30:00,11:20:00,2019-03-08 15:33:10,9.6,2400,2
6194,CA3414,ZH9114,07:30:00,11:20:00,2019-03-09 14:24:22,10.0,2500,1
6244,CA3414,ZH9114,07:30:00,11:20:00,2019-03-10 16:23:31,10.0,2500,0
3079,CZ3152,,13:00:00,16:30:00,2019-01-24 15:47:54,3.6,910,45
3124,CZ3152,,13:00:00,16:30:00,2019-01-25 15:30:08,3.6,910,44
3220,CZ3152,,13:00:00,16:30:00,2019-01-26 14:50:10,3.6,910,43
3294,CZ3152,,13:00:00,16:30:00,2019-01-27 15:35:41,3.6,910,42
3364,CZ3152,,13:00:00,16:30:00,2019-01-28 17:26:48,3.6,910,41
3435,CZ3152,,13:00:00,16:30:00,2019-01-29 14:51:20,3.6,910,40
3510,CZ3152,,13:00:00,16:30:00,2019-01-30 14:50:50,3.6,910,39
3578,CZ3152,,13:00:00,16:30:00,2019-01-31 15:57:30,3.6,910,38
3651,CZ3152,,13:00:00,16:30:00,2019-02-01 16:28:35,3.6,910,37
3722,CZ3152,,13:00:00,16:30:00,2019-02-02 16:45:10,3.4,850,36
3794,CZ3152,,13:00:00,16:30:00,2019-02-03 17:31:35,3.4,850,35
3870,CZ3152,,13:00:00,16:30:00,2019-02-04 16:31:33,3.4,850,34
3938,CZ3152,,13:00:00,16:30:00,2019-02-05 16:15:26,3.4,850,33
4011,CZ3152,,13:00:00,16:30:00,2019-02-06 14:40:04,3.4,850,32
4082,CZ3152,,13:00:00,16:30:00,2019-02-07 16:27:27,3.4,850,31
4130,CZ3152,,13:00:00,16:30:00,2019-02-08 14:48:24,3.4,850,30
4228,CZ3152,,13:00:00,16:30:00,2019-02-09 15:06:02,3.4,850,29
4299,CZ3152,,13:00:00,16:30:00,2019-02-10 16:59:32,3.4,850,28
4370,CZ3152,,13:00:00,16:30:00,2019-02-11 17:06:46,3.4,850,27
4444,CZ3152,,13:00:00,16:30:00,2019-02-12 16:02:47,3.4,850,26
4514,CZ3152,,13:00:00,16:30:00,2019-02-13 14:27:31,2.8,700,25
4575,CZ3152,,13:00:00,16:30:00,2019-02-14 16:31:20,2.8,700,24
4634,CZ3152,,13:00:00,16:30:00,2019-02-15 16:05:14,2.8,700,23
4730,CZ3152,,13:00:00,16:30:00,2019-02-16 16:32:18,2.8,700,22
4803,CZ3152,,13:00:00,16:30:00,2019-02-17 17:23:37,2.8,700,21
4874,CZ3152,,13:00:00,16:30:00,2019-02-18 16:20:15,2.8,700,20
4946,CZ3152,,13:00:00,16:30:00,2019-02-19 14:34:41,2.8,700,19
5021,CZ3152,,13:00:00,16:30:00,2019-02-20 14:46:00,2.8,700,18
5091,CZ3152,,13:00:00,16:30:00,2019-02-21 15:13:12,2.8,700,17
5162,CZ3152,,13:00:00,16:30:00,2019-02-22 16:51:18,2.8,700,16
5236,CZ3152,,13:00:00,16:30:00,2019-02-23 16:53:46,2.8,700,15
5306,CZ3152,,13:00:00,16:30:00,2019-02-24 16:28:06,2.8,700,14
5378,CZ3152,,13:00:00,16:30:00,2019-02-25 17:36:59,2.8,700,13
5453,CZ3152,,13:00:00,16:30:00,2019-02-26 16:15:30,2.5,630,12
5522,CZ3152,,13:00:00,16:30:00,2019-02-27 16:41:41,2.5,630,11
5594,CZ3152,,13:00:00,16:30:00,2019-02-28 16:02:36,2.5,630,10
5668,CZ3152,,13:00:00,16:30:00,2019-03-01 15:17:13,2.5,630,9
5734,CZ3152,,13:00:00,16:30:00,2019-03-02 14:30:52,6.4,1600,8
5802,CZ3152,,13:00:00,16:30:00,2019-03-03 14:18:49,6.4,1600,7
5869,CZ3152,,13:00:00,16:30:00,2019-03-04 15:51:01,6.4,1600,6
5915,CZ3152,,13:00:00,16:30:00,2019-03-05 14:26:52,8.4,2100,5
5999,CZ3152,,13:00:00,16:30:00,2019-03-06 15:35:18,8.4,2100,4
6033,CZ3152,,13:00:00,16:30:00,2019-03-07 16:39:49,8.4,2100,3
6097,CZ3152,,13:00:00,16:30:00,2019-03-08 15:33:10,8.2,2060,2
6179,CZ3152,,13:00:00,16:30:00,2019-03-09 14:24:22,9.8,2450,1
6260,CZ3152,,13:00:00,16:30:00,2019-03-10 16:23:31,9.8,2450,0
3055,CZ3154,,18:00:00,21:35:00,2019-01-24 15:47:54,3.6,910,45
3144,CZ3154,,18:00:00,21:35:00,2019-01-25 15:30:08,3.6,910,44
3200,CZ3154,,18:00:00,21:35:00,2019-01-26 14:50:10,3.6,910,43
3272,CZ3154,,18:00:00,21:35:00,2019-01-27 15:35:41,3.6,910,42
3344,CZ3154,,18:00:00,21:35:00,2019-01-28 17:26:48,3.6,910,41
3415,CZ3154,,18:00:00,21:35:00,2019-01-29 14:51:20,3.6,910,40
3487,CZ3154,,18:00:00,21:35:00,2019-01-30 14:50:50,3.6,910,39
3557,CZ3154,,18:00:00,21:35:00,2019-01-31 15:57:30,3.6,910,38
3630,CZ3154,,18:00:00,21:35:00,2019-02-01 16:28:35,3.6,910,37
3702,CZ3154,,18:00:00,21:35:00,2019-02-02 16:45:10,3.4,850,36
3774,CZ3154,,18:00:00,21:35:00,2019-02-03 17:31:35,3.4,850,35
3847,CZ3154,,18:00:00,21:35:00,2019-02-04 16:31:33,3.4,850,34
3918,CZ3154,,18:00:00,21:35:00,2019-02-05 16:15:26,3.4,850,33
3990,CZ3154,,18:00:00,21:35:00,2019-02-06 14:40:04,3.4,850,32
4062,CZ3154,,18:00:00,21:35:00,2019-02-07 16:27:27,3.4,850,31
4162,CZ3154,,18:00:00,21:35:00,2019-02-08 14:48:24,3.4,850,30
4206,CZ3154,,18:00:00,21:35:00,2019-02-09 15:06:02,3.4,850,29
4278,CZ3154,,18:00:00,21:35:00,2019-02-10 16:59:32,3.4,850,28
4350,CZ3154,,18:00:00,21:35:00,2019-02-11 17:06:46,3.4,850,27
4422,CZ3154,,18:00:00,21:35:00,2019-02-12 16:02:47,3.4,850,26
4494,CZ3154,,18:00:00,21:35:00,2019-02-13 14:27:31,2.6,660,25
4554,CZ3154,,18:00:00,21:35:00,2019-02-14 16:31:20,2.6,660,24
4676,CZ3154,,18:00:00,21:35:00,2019-02-15 16:05:14,2.6,660,23
4710,CZ3154,,18:00:00,21:35:00,2019-02-16 16:32:18,2.5,630,22
4782,CZ3154,,18:00:00,21:35:00,2019-02-17 17:23:37,2.5,630,21
4854,CZ3154,,18:00:00,21:35:00,2019-02-18 16:20:15,2.5,630,20
4926,CZ3154,,18:00:00,21:35:00,2019-02-19 14:34:41,2.5,630,19
4998,CZ3154,,18:00:00,21:35:00,2019-02-20 14:46:00,2.5,630,18
5070,CZ3154,,18:00:00,21:35:00,2019-02-21 15:13:12,2.5,630,17
5142,CZ3154,,18:00:00,21:35:00,2019-02-22 16:51:18,2.5,630,16
5214,CZ3154,,18:00:00,21:35:00,2019-02-23 16:53:46,2.5,630,15
5286,CZ3154,,18:00:00,21:35:00,2019-02-24 16:28:06,2.5,630,14
5358,CZ3154,,18:00:00,21:35:00,2019-02-25 17:36:59,2.5,630,13
5430,CZ3154,,18:00:00,21:35:00,2019-02-26 16:15:30,2.2,550,12
5502,CZ3154,,18:00:00,21:35:00,2019-02-27 16:41:41,2.2,550,11
5574,CZ3154,,18:00:00,21:35:00,2019-02-28 16:02:36,2.2,550,10
5646,CZ3154,,18:00:00,21:35:00,2019-03-01 15:17:13,2.2,550,9
5714,CZ3154,,18:00:00,21:35:00,2019-03-02 14:30:52,6.4,1600,8
5782,CZ3154,,18:00:00,21:35:00,2019-03-03 14:18:49,6.4,1600,7
5849,CZ3154,,18:00:00,21:35:00,2019-03-04 15:51:01,6.4,1600,6
5934,CZ3154,,18:00:00,21:35:00,2019-03-05 14:26:52,8.4,2100,5
5980,CZ3154,,18:00:00,21:35:00,2019-03-06 15:35:18,8.4,2100,4
6062,CZ3154,,18:00:00,21:35:00,2019-03-07 16:39:49,8.4,2100,3
6126,CZ3154,,18:00:00,21:35:00,2019-03-08 15:33:10,8.2,2060,2
6154,CZ3154,,18:00:00,21:35:00,2019-03-09 14:24:22,9.8,2450,1
6217,CZ3154,,18:00:00,21:35:00,2019-03-10 16:23:31,9.8,2450,0
6279,CZ3154,,18:00:00,21:35:00,2019-03-11 15:50:34,8.2,2060,0
3047,CZ3156,,09:00:00,12:25:00,2019-01-24 15:47:54,3.4,850,45
3151,CZ3156,,09:00:00,12:25:00,2019-01-25 15:30:08,3.4,850,44
3193,CZ3156,,09:00:00,12:25:00,2019-01-26 14:50:10,3.4,850,43
3265,CZ3156,,09:00:00,12:25:00,2019-01-27 15:35:41,3.4,850,42
3337,CZ3156,,09:00:00,12:25:00,2019-01-28 17:26:48,3.4,850,41
3408,CZ3156,,09:00:00,12:25:00,2019-01-29 14:51:20,3.4,850,40
3480,CZ3156,,09:00:00,12:25:00,2019-01-30 14:50:50,3.4,850,39
3550,CZ3156,,09:00:00,12:25:00,2019-01-31 15:57:30,3.4,850,38
3623,CZ3156,,09:00:00,12:25:00,2019-02-01 16:28:35,3.4,850,37
3695,CZ3156,,09:00:00,12:25:00,2019-02-02 16:45:10,3.1,780,36
3767,CZ3156,,09:00:00,12:25:00,2019-02-03 17:31:35,3.1,780,35
3840,CZ3156,,09:00:00,12:25:00,2019-02-04 16:31:33,3.1,780,34
3911,CZ3156,,09:00:00,12:25:00,2019-02-05 16:15:26,3.1,780,33
3983,CZ3156,,09:00:00,12:25:00,2019-02-06 14:40:04,3.1,780,32
4055,CZ3156,,09:00:00,12:25:00,2019-02-07 16:27:27,3.1,780,31
4155,CZ3156,,09:00:00,12:25:00,2019-02-08 14:48:24,3.1,780,30
4199,CZ3156,,09:00:00,12:25:00,2019-02-09 15:06:02,3.1,780,29
4271,CZ3156,,09:00:00,12:25:00,2019-02-10 16:59:32,3.1,780,28
4343,CZ3156,,09:00:00,12:25:00,2019-02-11 17:06:46,3.1,780,27
4415,CZ3156,,09:00:00,12:25:00,2019-02-12 16:02:47,3.1,780,26
4487,CZ3156,,09:00:00,12:25:00,2019-02-13 14:27:31,2.6,660,25
4547,CZ3156,,09:00:00,12:25:00,2019-02-14 16:31:20,2.6,660,24
4669,CZ3156,,09:00:00,12:25:00,2019-02-15 16:05:14,2.6,660,23
4703,CZ3156,,09:00:00,12:25:00,2019-02-16 16:32:18,2.6,660,22
4775,CZ3156,,09:00:00,12:25:00,2019-02-17 17:23:37,2.6,660,21
4847,CZ3156,,09:00:00,12:25:00,2019-02-18 16:20:15,2.6,660,20
4919,CZ3156,,09:00:00,12:25:00,2019-02-19 14:34:41,2.6,660,19
4991,CZ3156,,09:00:00,12:25:00,2019-02-20 14:46:00,2.6,660,18
5063,CZ3156,,09:00:00,12:25:00,2019-02-21 15:13:12,2.6,660,17
5135,CZ3156,,09:00:00,12:25:00,2019-02-22 16:51:18,2.6,660,16
5207,CZ3156,,09:00:00,12:25:00,2019-02-23 16:53:46,2.6,660,15
5279,CZ3156,,09:00:00,12:25:00,2019-02-24 16:28:06,2.6,660,14
5351,CZ3156,,09:00:00,12:25:00,2019-02-25 17:36:59,2.6,660,13
5423,CZ3156,,09:00:00,12:25:00,2019-02-26 16:15:30,2.3,580,12
5495,CZ3156,,09:00:00,12:25:00,2019-02-27 16:41:41,2.3,580,11
5567,CZ3156,,09:00:00,12:25:00,2019-02-28 16:02:36,2.3,580,10
5639,CZ3156,,09:00:00,12:25:00,2019-03-01 15:17:13,2.3,580,9
5709,CZ3156,,09:00:00,12:25:00,2019-03-02 14:30:52,6.4,1600,8
5777,CZ3156,,09:00:00,12:25:00,2019-03-03 14:18:49,6.4,1600,7
5844,CZ3156,,09:00:00,12:25:00,2019-03-04 15:51:01,6.4,1600,6
5939,CZ3156,,09:00:00,12:25:00,2019-03-05 14:26:52,8.4,2100,5
5975,CZ3156,,09:00:00,12:25:00,2019-03-06 15:35:18,8.4,2100,4
6067,CZ3156,,09:00:00,12:25:00,2019-03-07 16:39:49,8.4,2100,3
6131,CZ3156,,09:00:00,12:25:00,2019-03-08 15:33:10,8.2,2060,2
6159,CZ3156,,09:00:00,12:25:00,2019-03-09 14:24:22,9.8,2450,1
6222,CZ3156,,09:00:00,12:25:00,2019-03-10 16:23:31,9.8,2450,0
3067,CZ3158,,21:00:00,00:40:00,2019-01-24 15:47:54,2.9,730,45
3134,CZ3158,,21:00:00,00:40:00,2019-01-25 15:30:08,2.9,730,44
3209,CZ3158,,21:00:00,00:40:00,2019-01-26 14:50:10,2.9,730,43
3283,CZ3158,,21:00:00,00:40:00,2019-01-27 15:35:41,2.9,730,42
3353,CZ3158,,21:00:00,00:40:00,2019-01-28 17:26:48,2.9,730,41
3424,CZ3158,,21:00:00,00:40:00,2019-01-29 14:51:20,2.9,730,40
3499,CZ3158,,21:00:00,00:40:00,2019-01-30 14:50:50,2.9,730,39
3567,CZ3158,,21:00:00,00:40:00,2019-01-31 15:57:30,2.9,730,38
3640,CZ3158,,21:00:00,00:40:00,2019-02-01 16:28:35,2.9,730,37
3711,CZ3158,,21:00:00,00:40:00,2019-02-02 16:45:10,2.8,700,36
3783,CZ3158,,21:00:00,00:40:00,2019-02-03 17:31:35,2.8,712,35
3859,CZ3158,,21:00:00,00:40:00,2019-02-04 16:31:33,2.8,700,34
3927,CZ3158,,21:00:00,00:40:00,2019-02-05 16:15:26,2.9,716,33
4000,CZ3158,,21:00:00,00:40:00,2019-02-06 14:40:04,2.8,700,32
4071,CZ3158,,21:00:00,00:40:00,2019-02-07 16:27:27,2.8,700,31
4119,CZ3158,,21:00:00,00:40:00,2019-02-08 14:48:24,2.9,718,30
4216,CZ3158,,21:00:00,00:40:00,2019-02-09 15:06:02,2.8,700,29
4288,CZ3158,,21:00:00,00:40:00,2019-02-10 16:59:32,2.8,700,28
4359,CZ3158,,21:00:00,00:40:00,2019-02-11 17:06:46,2.8,700,27
4433,CZ3158,,21:00:00,00:40:00,2019-02-12 16:02:47,2.8,700,26
4503,CZ3158,,21:00:00,00:40:00,2019-02-13 14:27:31,2.4,605,25
4564,CZ3158,,21:00:00,00:40:00,2019-02-14 16:31:20,2.4,600,24
4623,CZ3158,,21:00:00,00:40:00,2019-02-15 16:05:14,2.4,600,23
4720,CZ3158,,21:00:00,00:40:00,2019-02-16 16:32:18,2.2,557,22
4792,CZ3158,,21:00:00,00:40:00,2019-02-17 17:23:37,2.3,566,21
4863,CZ3158,,21:00:00,00:40:00,2019-02-18 16:20:15,2.3,565,20
4935,CZ3158,,21:00:00,00:40:00,2019-02-19 14:34:41,2.2,550,19
5010,CZ3158,,21:00:00,00:40:00,2019-02-20 14:46:00,2.2,550,18
5080,CZ3158,,21:00:00,00:40:00,2019-02-21 15:13:12,2.2,550,17
5151,CZ3158,,21:00:00,00:40:00,2019-02-22 16:51:18,2.2,550,16
5225,CZ3158,,21:00:00,00:40:00,2019-02-23 16:53:46,2.2,550,15
5295,CZ3158,,21:00:00,00:40:00,2019-02-24 16:28:06,2.2,550,14
5367,CZ3158,,21:00:00,00:40:00,2019-02-25 17:36:59,2.2,550,13
5442,CZ3158,,21:00:00,00:40:00,2019-02-26 16:15:30,2.1,537,12
5512,CZ3158,,21:00:00,00:40:00,2019-02-27 16:41:41,2.2,545,11
5583,CZ3158,,21:00:00,00:40:00,2019-02-28 16:02:36,2.1,533,10
5657,CZ3158,,21:00:00,00:40:00,2019-03-01 15:17:13,2.2,541,9
5725,CZ3158,,21:00:00,00:40:00,2019-03-02 14:30:52,6.4,1600,8
5793,CZ3158,,21:00:00,00:40:00,2019-03-03 14:18:49,6.4,1600,7
5860,CZ3158,,21:00:00,00:40:00,2019-03-04 15:51:01,6.4,1600,6
5923,CZ3158,,21:00:00,00:40:00,2019-03-05 14:26:52,8.4,2100,5
5991,CZ3158,,21:00:00,00:40:00,2019-03-06 15:35:18,8.4,2100,4
6025,CZ3158,,21:00:00,00:40:00,2019-03-07 16:39:49,8.4,2100,3
6089,CZ3158,,21:00:00,00:40:00,2019-03-08 15:33:10,8.2,2060,2
6205,CZ3158,,21:00:00,00:40:00,2019-03-09 14:24:22,9.8,2450,1
6268,CZ3158,,21:00:00,00:40:00,2019-03-10 16:23:31,9.8,2450,0
6274,CZ3158,,21:00:00,00:40:00,2019-03-11 15:50:34,8.2,2060,0
3036,CZ3160,,15:00:00,18:35:00,2019-01-24 15:47:54,3.6,910,45
3162,CZ3160,,15:00:00,18:35:00,2019-01-25 15:30:08,3.6,910,44
3182,CZ3160,,15:00:00,18:35:00,2019-01-26 14:50:10,3.6,910,43
3254,CZ3160,,15:00:00,18:35:00,2019-01-27 15:35:41,3.6,910,42
3326,CZ3160,,15:00:00,18:35:00,2019-01-28 17:26:48,3.6,910,41
3397,CZ3160,,15:00:00,18:35:00,2019-01-29 14:51:20,3.6,910,40
3469,CZ3160,,15:00:00,18:35:00,2019-01-30 14:50:50,3.6,910,39
3539,CZ3160,,15:00:00,18:35:00,2019-01-31 15:57:30,3.6,910,38
3612,CZ3160,,15:00:00,18:35:00,2019-02-01 16:28:35,3.6,910,37
3684,CZ3160,,15:00:00,18:35:00,2019-02-02 16:45:10,3.4,850,36
3756,CZ3160,,15:00:00,18:35:00,2019-02-03 17:31:35,3.4,850,35
3829,CZ3160,,15:00:00,18:35:00,2019-02-04 16:31:33,3.4,850,34
3900,CZ3160,,15:00:00,18:35:00,2019-02-05 16:15:26,3.4,850,33
3972,CZ3160,,15:00:00,18:35:00,2019-02-06 14:40:04,3.4,850,32
4044,CZ3160,,15:00:00,18:35:00,2019-02-07 16:27:27,3.4,850,31
4172,CZ3160,,15:00:00,18:35:00,2019-02-08 14:48:24,3.4,850,30
4188,CZ3160,,15:00:00,18:35:00,2019-02-09 15:06:02,3.4,850,29
4260,CZ3160,,15:00:00,18:35:00,2019-02-10 16:59:32,3.4,850,28
4332,CZ3160,,15:00:00,18:35:00,2019-02-11 17:06:46,3.4,850,27
4404,CZ3160,,15:00:00,18:35:00,2019-02-12 16:02:47,3.4,850,26
4476,CZ3160,,15:00:00,18:35:00,2019-02-13 14:27:31,2.8,700,25
4608,CZ3160,,15:00:00,18:35:00,2019-02-14 16:31:20,2.8,700,24
4658,CZ3160,,15:00:00,18:35:00,2019-02-15 16:05:14,2.8,700,23
4692,CZ3160,,15:00:00,18:35:00,2019-02-16 16:32:18,2.8,700,22
4764,CZ3160,,15:00:00,18:35:00,2019-02-17 17:23:37,2.8,700,21
4836,CZ3160,,15:00:00,18:35:00,2019-02-18 16:20:15,2.8,700,20
4908,CZ3160,,15:00:00,18:35:00,2019-02-19 14:34:41,2.8,700,19
4980,CZ3160,,15:00:00,18:35:00,2019-02-20 14:46:00,2.8,700,18
5052,CZ3160,,15:00:00,18:35:00,2019-02-21 15:13:12,2.8,700,17
5124,CZ3160,,15:00:00,18:35:00,2019-02-22 16:51:18,2.8,700,16
5196,CZ3160,,15:00:00,18:35:00,2019-02-23 16:53:46,2.8,700,15
5268,CZ3160,,15:00:00,18:35:00,2019-02-24 16:28:06,2.8,700,14
5340,CZ3160,,15:00:00,18:35:00,2019-02-25 17:36:59,2.8,700,13
5412,CZ3160,,15:00:00,18:35:00,2019-02-26 16:15:30,2.5,630,12
5484,CZ3160,,15:00:00,18:35:00,2019-02-27 16:41:41,2.5,630,11
5556,CZ3160,,15:00:00,18:35:00,2019-02-28 16:02:36,2.5,630,10
5628,CZ3160,,15:00:00,18:35:00,2019-03-01 15:17:13,2.5,630,9
5690,CZ3160,,15:00:00,18:35:00,2019-03-02 14:30:52,6.4,1600,8
5767,CZ3160,,15:00:00,18:35:00,2019-03-03 14:18:49,6.4,1600,7
5834,CZ3160,,15:00:00,18:35:00,2019-03-04 15:51:01,6.4,1600,6
5950,CZ3160,,15:00:00,18:35:00,2019-03-05 14:26:52,8.4,2100,5
5965,CZ3160,,15:00:00,18:35:00,2019-03-06 15:35:18,8.4,2100,4
6076,CZ3160,,15:00:00,18:35:00,2019-03-07 16:39:49,8.4,2100,3
6139,CZ3160,,15:00:00,18:35:00,2019-03-08 15:33:10,8.2,2060,2
6167,CZ3160,,15:00:00,18:35:00,2019-03-09 14:24:22,9.8,2450,1
6251,CZ3160,,15:00:00,18:35:00,2019-03-10 16:23:31,9.8,2450,0
3072,CZ3172,,06:55:00,10:20:00,2019-01-24 15:47:54,2.9,730,45
3104,CZ3172,,06:55:00,10:20:00,2019-01-25 15:30:08,2.9,730,44
3240,CZ3172,,06:55:00,10:20:00,2019-01-26 14:50:10,2.9,730,43
3314,CZ3172,,06:55:00,10:20:00,2019-01-27 15:35:41,2.9,730,42
3383,CZ3172,,06:55:00,10:20:00,2019-01-28 17:26:48,2.9,730,41
3455,CZ3172,,06:55:00,10:20:00,2019-01-29 14:51:20,2.9,730,40
3529,CZ3172,,06:55:00,10:20:00,2019-01-30 14:50:50,2.9,730,39
3598,CZ3172,,06:55:00,10:20:00,2019-01-31 15:57:30,2.9,730,38
3671,CZ3172,,06:55:00,10:20:00,2019-02-01 16:28:35,2.9,730,37
3742,CZ3172,,06:55:00,10:20:00,2019-02-02 16:45:10,2.8,700,36
3814,CZ3172,,06:55:00,10:20:00,2019-02-03 17:31:35,2.8,712,35
3818,CZ3172,,06:55:00,10:20:00,2019-02-04 16:31:33,2.8,700,34
3958,CZ3172,,06:55:00,10:20:00,2019-02-05 16:15:26,2.9,713,33
4031,CZ3172,,06:55:00,10:20:00,2019-02-06 14:40:04,2.8,700,32
4102,CZ3172,,06:55:00,10:20:00,2019-02-07 16:27:27,2.8,700,31
4151,CZ3172,,06:55:00,10:20:00,2019-02-08 14:48:24,2.9,716,30
4248,CZ3172,,06:55:00,10:20:00,2019-02-09 15:06:02,2.8,700,29
4319,CZ3172,,06:55:00,10:20:00,2019-02-10 16:59:32,2.8,700,28
4390,CZ3172,,06:55:00,10:20:00,2019-02-11 17:06:46,2.8,700,27
4464,CZ3172,,06:55:00,10:20:00,2019-02-12 16:02:47,2.8,700,26
4534,CZ3172,,06:55:00,10:20:00,2019-02-13 14:27:31,2.4,601,25
4595,CZ3172,,06:55:00,10:20:00,2019-02-14 16:31:20,2.4,600,24
4647,CZ3172,,06:55:00,10:20:00,2019-02-15 16:05:14,2.4,600,23
4750,CZ3172,,06:55:00,10:20:00,2019-02-16 16:32:18,2.2,561,22
4823,CZ3172,,06:55:00,10:20:00,2019-02-17 17:23:37,2.2,558,21
4894,CZ3172,,06:55:00,10:20:00,2019-02-18 16:20:15,2.3,563,20
4966,CZ3172,,06:55:00,10:20:00,2019-02-19 14:34:41,2.2,550,19
5041,CZ3172,,06:55:00,10:20:00,2019-02-20 14:46:00,2.2,550,18
5111,CZ3172,,06:55:00,10:20:00,2019-02-21 15:13:12,2.2,550,17
5182,CZ3172,,06:55:00,10:20:00,2019-02-22 16:51:18,2.2,550,16
5256,CZ3172,,06:55:00,10:20:00,2019-02-23 16:53:46,2.2,550,15
5326,CZ3172,,06:55:00,10:20:00,2019-02-24 16:28:06,2.2,550,14
5398,CZ3172,,06:55:00,10:20:00,2019-02-25 17:36:59,2.2,550,13
5473,CZ3172,,06:55:00,10:20:00,2019-02-26 16:15:30,2.2,541,12
5542,CZ3172,,06:55:00,10:20:00,2019-02-27 16:41:41,2.1,535,11
5614,CZ3172,,06:55:00,10:20:00,2019-02-28 16:02:36,2.1,531,10
5688,CZ3172,,06:55:00,10:20:00,2019-03-01 15:17:13,2.1,533,9
5753,CZ3172,,06:55:00,10:20:00,2019-03-02 14:30:52,6.4,1600,8
5821,CZ3172,,06:55:00,10:20:00,2019-03-03 14:18:49,6.4,1600,7
5887,CZ3172,,06:55:00,10:20:00,2019-03-04 15:51:01,6.4,1600,6
5895,CZ3172,,06:55:00,10:20:00,2019-03-05 14:26:52,8.4,2100,5
6018,CZ3172,,06:55:00,10:20:00,2019-03-06 15:35:18,8.4,2100,4
6052,CZ3172,,06:55:00,10:20:00,2019-03-07 16:39:49,8.4,2100,3
6115,CZ3172,,06:55:00,10:20:00,2019-03-08 15:33:10,8.2,2060,2
6197,CZ3172,,06:55:00,10:20:00,2019-03-09 14:24:22,9.8,2450,1
6247,CZ3172,,06:55:00,10:20:00,2019-03-10 16:23:31,9.8,2450,0
3078,CZ3190,,20:00:00,23:20:00,2019-01-24 15:47:54,3.4,850,45
3125,CZ3190,,20:00:00,23:20:00,2019-01-25 15:30:08,3.4,850,44
3219,CZ3190,,20:00:00,23:20:00,2019-01-26 14:50:10,3.4,850,43
3293,CZ3190,,20:00:00,23:20:00,2019-01-27 15:35:41,3.4,850,42
3363,CZ3190,,20:00:00,23:20:00,2019-01-28 17:26:48,3.4,850,41
3434,CZ3190,,20:00:00,23:20:00,2019-01-29 14:51:20,3.4,850,40
3509,CZ3190,,20:00:00,23:20:00,2019-01-30 14:50:50,3.4,850,39
3577,CZ3190,,20:00:00,23:20:00,2019-01-31 15:57:30,3.4,850,38
3650,CZ3190,,20:00:00,23:20:00,2019-02-01 16:28:35,3.4,850,37
3721,CZ3190,,20:00:00,23:20:00,2019-02-02 16:45:10,3.1,780,36
3793,CZ3190,,20:00:00,23:20:00,2019-02-03 17:31:35,3.1,780,35
3869,CZ3190,,20:00:00,23:20:00,2019-02-04 16:31:33,3.1,780,34
3937,CZ3190,,20:00:00,23:20:00,2019-02-05 16:15:26,3.1,780,33
4010,CZ3190,,20:00:00,23:20:00,2019-02-06 14:40:04,3.1,780,32
4081,CZ3190,,20:00:00,23:20:00,2019-02-07 16:27:27,3.1,780,31
4129,CZ3190,,20:00:00,23:20:00,2019-02-08 14:48:24,3.1,780,30
4227,CZ3190,,20:00:00,23:20:00,2019-02-09 15:06:02,3.1,780,29
4298,CZ3190,,20:00:00,23:20:00,2019-02-10 16:59:32,3.1,780,28
4369,CZ3190,,20:00:00,23:20:00,2019-02-11 17:06:46,3.1,780,27
4443,CZ3190,,20:00:00,23:20:00,2019-02-12 16:02:47,3.1,780,26
4513,CZ3190,,20:00:00,23:20:00,2019-02-13 14:27:31,2.5,630,25
4574,CZ3190,,20:00:00,23:20:00,2019-02-14 16:31:20,2.5,630,24
4633,CZ3190,,20:00:00,23:20:00,2019-02-15 16:05:14,2.5,630,23
4682,CZ3190,,20:00:00,23:20:00,2019-02-16 16:32:18,2.3,580,22
4802,CZ3190,,20:00:00,23:20:00,2019-02-17 17:23:37,2.3,580,21
4873,CZ3190,,20:00:00,23:20:00,2019-02-18 16:20:15,2.3,580,20
4945,CZ3190,,20:00:00,23:20:00,2019-02-19 14:34:41,2.3,580,19
5020,CZ3190,,20:00:00,23:20:00,2019-02-20 14:46:00,2.3,580,18
5090,CZ3190,,20:00:00,23:20:00,2019-02-21 15:13:12,2.3,580,17
5161,CZ3190,,20:00:00,23:20:00,2019-02-22 16:51:18,2.3,580,16
5235,CZ3190,,20:00:00,23:20:00,2019-02-23 16:53:46,2.3,580,15
5305,CZ3190,,20:00:00,23:20:00,2019-02-24 16:28:06,2.3,580,14
5377,CZ3190,,20:00:00,23:20:00,2019-02-25 17:36:59,2.3,580,13
5452,CZ3190,,20:00:00,23:20:00,2019-02-26 16:15:30,2.2,550,12
5521,CZ3190,,20:00:00,23:20:00,2019-02-27 16:41:41,2.2,550,11
5593,CZ3190,,20:00:00,23:20:00,2019-02-28 16:02:36,2.2,550,10
5667,CZ3190,,20:00:00,23:20:00,2019-03-01 15:17:13,2.2,550,9
5733,CZ3190,,20:00:00,23:20:00,2019-03-02 14:30:52,6.4,1600,8
5801,CZ3190,,20:00:00,23:20:00,2019-03-03 14:18:49,6.4,1600,7
5868,CZ3190,,20:00:00,23:20:00,2019-03-04 15:51:01,6.4,1600,6
3091,CZ3192,,10:00:00,13:35:00,2019-01-24 15:47:54,4.9,1230,45
3113,CZ3192,,10:00:00,13:35:00,2019-01-25 15:30:08,4.9,1230,44
3231,CZ3192,,10:00:00,13:35:00,2019-01-26 14:50:10,4.9,1230,43
3305,CZ3192,,10:00:00,13:35:00,2019-01-27 15:35:41,4.9,1230,42
3374,CZ3192,,10:00:00,13:35:00,2019-01-28 17:26:48,4.9,1230,41
3446,CZ3192,,10:00:00,13:35:00,2019-01-29 14:51:20,4.9,1230,40
3520,CZ3192,,10:00:00,13:35:00,2019-01-30 14:50:50,4.9,1230,39
3589,CZ3192,,10:00:00,13:35:00,2019-01-31 15:57:30,4.9,1230,38
3662,CZ3192,,10:00:00,13:35:00,2019-02-01 16:28:35,4.9,1230,37
3733,CZ3192,,10:00:00,13:35:00,2019-02-02 16:45:10,4.9,1230,36
3805,CZ3192,,10:00:00,13:35:00,2019-02-03 17:31:35,4.9,1230,35
3881,CZ3192,,10:00:00,13:35:00,2019-02-04 16:31:33,4.9,1230,34
3949,CZ3192,,10:00:00,13:35:00,2019-02-05 16:15:26,4.9,1230,33
4022,CZ3192,,10:00:00,13:35:00,2019-02-06 14:40:04,4.9,1230,32
4093,CZ3192,,10:00:00,13:35:00,2019-02-07 16:27:27,4.9,1230,31
4141,CZ3192,,10:00:00,13:35:00,2019-02-08 14:48:24,4.9,1230,30
4239,CZ3192,,10:00:00,13:35:00,2019-02-09 15:06:02,4.9,1230,29
4310,CZ3192,,10:00:00,13:35:00,2019-02-10 16:59:32,4.9,1230,28
4381,CZ3192,,10:00:00,13:35:00,2019-02-11 17:06:46,4.9,1230,27
4455,CZ3192,,10:00:00,13:35:00,2019-02-12 16:02:47,4.9,1230,26
4525,CZ3192,,10:00:00,13:35:00,2019-02-13 14:27:31,4.9,1230,25
4586,CZ3192,,10:00:00,13:35:00,2019-02-14 16:31:20,4.9,1230,24
4638,CZ3192,,10:00:00,13:35:00,2019-02-15 16:05:14,4.9,1230,23
4741,CZ3192,,10:00:00,13:35:00,2019-02-16 16:32:18,4.9,1230,22
4814,CZ3192,,10:00:00,13:35:00,2019-02-17 17:23:37,4.9,1230,21
4885,CZ3192,,10:00:00,13:35:00,2019-02-18 16:20:15,4.9,1230,20
4957,CZ3192,,10:00:00,13:35:00,2019-02-19 14:34:41,4.9,1230,19
5032,CZ3192,,10:00:00,13:35:00,2019-02-20 14:46:00,4.9,1230,18
5102,CZ3192,,10:00:00,13:35:00,2019-02-21 15:13:12,4.9,1230,17
5173,CZ3192,,10:00:00,13:35:00,2019-02-22 16:51:18,4.9,1230,16
5247,CZ3192,,10:00:00,13:35:00,2019-02-23 16:53:46,4.9,1230,15
5317,CZ3192,,10:00:00,13:35:00,2019-02-24 16:28:06,4.9,1230,14
5389,CZ3192,,10:00:00,13:35:00,2019-02-25 17:36:59,4.9,1230,13
5464,CZ3192,,10:00:00,13:35:00,2019-02-26 16:15:30,2.5,630,12
5533,CZ3192,,10:00:00,13:35:00,2019-02-27 16:41:41,2.5,630,11
5605,CZ3192,,10:00:00,13:35:00,2019-02-28 16:02:36,2.5,630,10
5679,CZ3192,,10:00:00,13:35:00,2019-03-01 15:17:13,2.5,630,9
5744,CZ3192,,10:00:00,13:35:00,2019-03-02 14:30:52,6.4,1600,8
5812,CZ3192,,10:00:00,13:35:00,2019-03-03 14:18:49,6.4,1600,7
5879,CZ3192,,10:00:00,13:35:00,2019-03-04 15:51:01,6.4,1600,6
5905,CZ3192,,10:00:00,13:35:00,2019-03-05 14:26:52,8.4,2100,5
6009,CZ3192,,10:00:00,13:35:00,2019-03-06 15:35:18,8.4,2100,4
6043,CZ3192,,10:00:00,13:35:00,2019-03-07 16:39:49,8.4,2100,3
6106,CZ3192,,10:00:00,13:35:00,2019-03-08 15:33:10,8.2,2060,2
6189,CZ3192,,10:00:00,13:35:00,2019-03-09 14:24:22,9.8,2450,1
6239,CZ3192,,10:00:00,13:35:00,2019-03-10 16:23:31,9.8,2450,0
3088,CZ3194,,08:00:00,11:30:00,2019-01-24 15:47:54,3.4,850,45
3116,CZ3194,,08:00:00,11:30:00,2019-01-25 15:30:08,3.4,850,44
3228,CZ3194,,08:00:00,11:30:00,2019-01-26 14:50:10,3.4,850,43
3302,CZ3194,,08:00:00,11:30:00,2019-01-27 15:35:41,3.4,850,42
3371,CZ3194,,08:00:00,11:30:00,2019-01-28 17:26:48,3.4,850,41
3443,CZ3194,,08:00:00,11:30:00,2019-01-29 14:51:20,3.4,850,40
3517,CZ3194,,08:00:00,11:30:00,2019-01-30 14:50:50,3.4,850,39
3586,CZ3194,,08:00:00,11:30:00,2019-01-31 15:57:30,3.4,850,38
3659,CZ3194,,08:00:00,11:30:00,2019-02-01 16:28:35,3.4,850,37
3730,CZ3194,,08:00:00,11:30:00,2019-02-02 16:45:10,3.1,780,36
3802,CZ3194,,08:00:00,11:30:00,2019-02-03 17:31:35,3.1,780,35
3878,CZ3194,,08:00:00,11:30:00,2019-02-04 16:31:33,3.1,780,34
3946,CZ3194,,08:00:00,11:30:00,2019-02-05 16:15:26,3.1,780,33
4019,CZ3194,,08:00:00,11:30:00,2019-02-06 14:40:04,3.1,780,32
4090,CZ3194,,08:00:00,11:30:00,2019-02-07 16:27:27,3.1,780,31
4138,CZ3194,,08:00:00,11:30:00,2019-02-08 14:48:24,3.1,780,30
4236,CZ3194,,08:00:00,11:30:00,2019-02-09 15:06:02,3.1,780,29
4307,CZ3194,,08:00:00,11:30:00,2019-02-10 16:59:32,3.1,780,28
4378,CZ3194,,08:00:00,11:30:00,2019-02-11 17:06:46,3.1,780,27
4452,CZ3194,,08:00:00,11:30:00,2019-02-12 16:02:47,3.1,780,26
4522,CZ3194,,08:00:00,11:30:00,2019-02-13 14:27:31,2.5,630,25
4583,CZ3194,,08:00:00,11:30:00,2019-02-14 16:31:20,2.5,630,24
4615,CZ3194,,08:00:00,11:30:00,2019-02-15 16:05:14,2.5,630,23
4738,CZ3194,,08:00:00,11:30:00,2019-02-16 16:32:18,2.3,580,22
4811,CZ3194,,08:00:00,11:30:00,2019-02-17 17:23:37,2.3,580,21
4882,CZ3194,,08:00:00,11:30:00,2019-02-18 16:20:15,2.3,580,20
4954,CZ3194,,08:00:00,11:30:00,2019-02-19 14:34:41,2.3,580,19
5029,CZ3194,,08:00:00,11:30:00,2019-02-20 14:46:00,2.3,580,18
5099,CZ3194,,08:00:00,11:30:00,2019-02-21 15:13:12,2.3,580,17
5170,CZ3194,,08:00:00,11:30:00,2019-02-22 16:51:18,2.3,580,16
5244,CZ3194,,08:00:00,11:30:00,2019-02-23 16:53:46,2.3,580,15
5314,CZ3194,,08:00:00,11:30:00,2019-02-24 16:28:06,2.3,580,14
5386,CZ3194,,08:00:00,11:30:00,2019-02-25 17:36:59,2.3,580,13
5461,CZ3194,,08:00:00,11:30:00,2019-02-26 16:15:30,2.2,550,12
5530,CZ3194,,08:00:00,11:30:00,2019-02-27 16:41:41,2.2,550,11
5602,CZ3194,,08:00:00,11:30:00,2019-02-28 16:02:36,2.2,550,10
5676,CZ3194,,08:00:00,11:30:00,2019-03-01 15:17:13,2.2,550,9
5742,CZ3194,,08:00:00,11:30:00,2019-03-02 14:30:52,6.4,1600,8
5810,CZ3194,,08:00:00,11:30:00,2019-03-03 14:18:49,6.4,1600,7
5877,CZ3194,,08:00:00,11:30:00,2019-03-04 15:51:01,6.4,1600,6
5907,CZ3194,,08:00:00,11:30:00,2019-03-05 14:26:52,8.4,2100,5
6007,CZ3194,,08:00:00,11:30:00,2019-03-06 15:35:18,8.4,2100,4
6041,CZ3194,,08:00:00,11:30:00,2019-03-07 16:39:49,8.4,2100,3
6104,CZ3194,,08:00:00,11:30:00,2019-03-08 15:33:10,8.2,2060,2
6187,CZ3194,,08:00:00,11:30:00,2019-03-09 14:24:22,9.8,2450,1
6237,CZ3194,,08:00:00,11:30:00,2019-03-10 16:23:31,9.8,2450,0
3066,CZ3256,,07:55:00,13:15:00,2019-01-24 15:47:54,3.6,890,45
3135,CZ3256,,07:55:00,13:15:00,2019-01-25 15:30:08,3.6,890,44
3208,CZ3256,,07:55:00,13:15:00,2019-01-26 14:50:10,3.6,890,43
3282,CZ3256,,07:55:00,13:15:00,2019-01-27 15:35:41,3.6,890,42
3352,CZ3256,,07:55:00,13:15:00,2019-01-28 17:26:48,3.6,890,41
3423,CZ3256,,07:55:00,13:15:00,2019-01-29 14:51:20,3.6,890,40
3498,CZ3256,,07:55:00,13:15:00,2019-01-30 14:50:50,3.6,890,39
3566,CZ3256,,07:55:00,13:15:00,2019-01-31 15:57:30,3.6,890,38
3639,CZ3256,,07:55:00,13:15:00,2019-02-01 16:28:35,4.1,1020,37
3710,CZ3256,,07:55:00,13:15:00,2019-02-02 16:45:10,4.1,1020,36
3782,CZ3256,,07:55:00,13:15:00,2019-02-03 17:31:35,4.1,1020,35
3858,CZ3256,,07:55:00,13:15:00,2019-02-04 16:31:33,4.1,1020,34
3890,CZ3256,,07:55:00,13:15:00,2019-02-05 16:15:26,4.1,1020,33
3999,CZ3256,,07:55:00,13:15:00,2019-02-06 14:40:04,4.1,1020,32
4070,CZ3256,,07:55:00,13:15:00,2019-02-07 16:27:27,4.1,1020,31
4118,CZ3256,,07:55:00,13:15:00,2019-02-08 14:48:24,4.1,1020,30
4215,CZ3256,,07:55:00,13:15:00,2019-02-09 15:06:02,4.1,1020,29
4287,CZ3256,,07:55:00,13:15:00,2019-02-10 16:59:32,4.1,1020,28
4358,CZ3256,,07:55:00,13:15:00,2019-02-11 17:06:46,4.1,1020,27
4432,CZ3256,,07:55:00,13:15:00,2019-02-12 16:02:47,4.1,1020,26
4502,CZ3256,,07:55:00,13:15:00,2019-02-13 14:27:31,4.1,1020,25
4563,CZ3256,,07:55:00,13:15:00,2019-02-14 16:31:20,4.1,1020,24
4622,CZ3256,,07:55:00,13:15:00,2019-02-15 16:05:14,4.1,1020,23
4719,CZ3256,,07:55:00,13:15:00,2019-02-16 16:32:18,4.1,1020,22
4791,CZ3256,,07:55:00,13:15:00,2019-02-17 17:23:37,4.1,1020,21
4862,CZ3256,,07:55:00,13:15:00,2019-02-18 16:20:15,4.1,1020,20
4934,CZ3256,,07:55:00,13:15:00,2019-02-19 14:34:41,4.1,1020,19
5009,CZ3256,,07:55:00,13:15:00,2019-02-20 14:46:00,2.2,550,18
5079,CZ3256,,07:55:00,13:15:00,2019-02-21 15:13:12,2.2,550,17
5150,CZ3256,,07:55:00,13:15:00,2019-02-22 16:51:18,2.2,550,16
5224,CZ3256,,07:55:00,13:15:00,2019-02-23 16:53:46,2.2,550,15
5294,CZ3256,,07:55:00,13:15:00,2019-02-24 16:28:06,2.2,550,14
5366,CZ3256,,07:55:00,13:15:00,2019-02-25 17:36:59,2.2,550,13
5441,CZ3256,,07:55:00,13:15:00,2019-02-26 16:15:30,2.2,542,12
5511,CZ3256,,07:55:00,13:15:00,2019-02-27 16:41:41,2.2,550,11
5582,CZ3256,,07:55:00,13:15:00,2019-02-28 16:02:36,2.2,550,10
5656,CZ3256,,07:55:00,13:15:00,2019-03-01 15:17:13,2.2,550,9
5724,CZ3256,,07:55:00,13:15:00,2019-03-02 14:30:52,2.2,555,8
5792,CZ3256,,07:55:00,13:15:00,2019-03-03 14:18:49,2.2,552,7
5859,CZ3256,,07:55:00,13:15:00,2019-03-04 15:51:01,4.1,1020,6
5924,CZ3256,,07:55:00,13:15:00,2019-03-05 14:26:52,4.1,1020,5
5990,CZ3256,,07:55:00,13:15:00,2019-03-06 15:35:18,4.1,1020,4
6024,CZ3256,,07:55:00,13:15:00,2019-03-07 16:39:49,4.1,1020,3
6088,CZ3256,,07:55:00,13:15:00,2019-03-08 15:33:10,6.3,1570,2
6206,CZ3256,,07:55:00,13:15:00,2019-03-09 14:24:22,6.3,1570,1
3060,CZ3961,,17:10:00,20:35:00,2019-01-24 15:47:54,3.6,910,45
3139,CZ3961,,17:10:00,20:35:00,2019-01-25 15:30:08,3.6,910,44
3205,CZ3961,,17:10:00,20:35:00,2019-01-26 14:50:10,3.6,910,43
3277,CZ3961,,17:10:00,20:35:00,2019-01-27 15:35:41,3.6,910,42
3349,CZ3961,,17:10:00,20:35:00,2019-01-28 17:26:48,3.6,910,41
3420,CZ3961,,17:10:00,20:35:00,2019-01-29 14:51:20,3.6,910,40
3493,CZ3961,,17:10:00,20:35:00,2019-01-30 14:50:50,3.6,910,39
3562,CZ3961,,17:10:00,20:35:00,2019-01-31 15:57:30,3.6,910,38
3635,CZ3961,,17:10:00,20:35:00,2019-02-01 16:28:35,3.6,910,37
3707,CZ3961,,17:10:00,20:35:00,2019-02-02 16:45:10,3.4,850,36
3779,CZ3961,,17:10:00,20:35:00,2019-02-03 17:31:35,3.4,850,35
3852,CZ3961,,17:10:00,20:35:00,2019-02-04 16:31:33,3.4,850,34
3923,CZ3961,,17:10:00,20:35:00,2019-02-05 16:15:26,3.4,850,33
3995,CZ3961,,17:10:00,20:35:00,2019-02-06 14:40:04,3.4,850,32
4067,CZ3961,,17:10:00,20:35:00,2019-02-07 16:27:27,3.4,850,31
4114,CZ3961,,17:10:00,20:35:00,2019-02-08 14:48:24,3.4,850,30
4211,CZ3961,,17:10:00,20:35:00,2019-02-09 15:06:02,3.4,850,29
4283,CZ3961,,17:10:00,20:35:00,2019-02-10 16:59:32,3.4,850,28
4355,CZ3961,,17:10:00,20:35:00,2019-02-11 17:06:46,3.4,850,27
4427,CZ3961,,17:10:00,20:35:00,2019-02-12 16:02:47,3.4,850,26
4499,CZ3961,,17:10:00,20:35:00,2019-02-13 14:27:31,2.8,700,25
4559,CZ3961,,17:10:00,20:35:00,2019-02-14 16:31:20,2.8,700,24
4681,CZ3961,,17:10:00,20:35:00,2019-02-15 16:05:14,2.8,700,23
4715,CZ3961,,17:10:00,20:35:00,2019-02-16 16:32:18,2.5,630,22
4787,CZ3961,,17:10:00,20:35:00,2019-02-17 17:23:37,2.5,630,21
4859,CZ3961,,17:10:00,20:35:00,2019-02-18 16:20:15,2.5,630,20
4931,CZ3961,,17:10:00,20:35:00,2019-02-19 14:34:41,2.5,630,19
5003,CZ3961,,17:10:00,20:35:00,2019-02-20 14:46:00,2.5,630,18
5075,CZ3961,,17:10:00,20:35:00,2019-02-21 15:13:12,2.5,630,17
5147,CZ3961,,17:10:00,20:35:00,2019-02-22 16:51:18,2.5,630,16
5219,CZ3961,,17:10:00,20:35:00,2019-02-23 16:53:46,2.5,630,15
5291,CZ3961,,17:10:00,20:35:00,2019-02-24 16:28:06,2.5,630,14
5363,CZ3961,,17:10:00,20:35:00,2019-02-25 17:36:59,2.5,630,13
5435,CZ3961,,17:10:00,20:35:00,2019-02-26 16:15:30,2.3,580,12
5507,CZ3961,,17:10:00,20:35:00,2019-02-27 16:41:41,2.3,580,11
5579,CZ3961,,17:10:00,20:35:00,2019-02-28 16:02:36,2.3,580,10
5651,CZ3961,,17:10:00,20:35:00,2019-03-01 15:17:13,2.3,580,9
5720,CZ3961,,17:10:00,20:35:00,2019-03-02 14:30:52,6.4,1600,8
5788,CZ3961,,17:10:00,20:35:00,2019-03-03 14:18:49,6.4,1600,7
5855,CZ3961,,17:10:00,20:35:00,2019-03-04 15:51:01,6.4,1600,6
5928,CZ3961,,17:10:00,20:35:00,2019-03-05 14:26:52,8.4,2100,5
5986,CZ3961,,17:10:00,20:35:00,2019-03-06 15:35:18,8.4,2100,4
6056,CZ3961,,17:10:00,20:35:00,2019-03-07 16:39:49,8.4,2100,3
6120,CZ3961,,17:10:00,20:35:00,2019-03-08 15:33:10,8.2,2060,2
6149,CZ3961,,17:10:00,20:35:00,2019-03-09 14:24:22,9.8,2450,1
6213,CZ3961,,17:10:00,20:35:00,2019-03-10 16:23:31,9.8,2450,0
6275,CZ3961,,17:10:00,20:35:00,2019-03-11 15:50:34,8.2,2060,0
3064,CZ5430,MF8142,15:15:00,18:45:00,2019-01-24 15:47:54,7.5,1880,45
3136,CZ5430,MF8142,15:15:00,18:45:00,2019-01-25 15:30:08,7.5,1880,44
3172,CZ5430,MF8142,15:15:00,18:45:00,2019-01-26 14:50:10,7.5,1880,43
3281,CZ5430,MF8142,15:15:00,18:45:00,2019-01-27 15:35:41,7.5,1880,42
3351,CZ5430,MF8142,15:15:00,18:45:00,2019-01-28 17:26:48,7.5,1880,41
3422,CZ5430,MF8142,15:15:00,18:45:00,2019-01-29 14:51:20,7.5,1880,40
3497,CZ5430,MF8142,15:15:00,18:45:00,2019-01-30 14:50:50,7.5,1880,39
3565,CZ5430,MF8142,15:15:00,18:45:00,2019-01-31 15:57:30,7.5,1880,38
3638,CZ5430,MF8142,15:15:00,18:45:00,2019-02-01 16:28:35,7.5,1880,37
3674,CZ5430,MF8142,15:15:00,18:45:00,2019-02-02 16:45:10,7.5,1880,36
3746,CZ5430,MF8142,15:15:00,18:45:00,2019-02-03 17:31:35,7.5,1880,35
3857,CZ5430,MF8142,15:15:00,18:45:00,2019-02-04 16:31:33,7.5,1880,34
3926,CZ5430,MF8142,15:15:00,18:45:00,2019-02-05 16:15:26,7.5,1880,33
3998,CZ5430,MF8142,15:15:00,18:45:00,2019-02-06 14:40:04,7.5,1880,32
4034,CZ5430,MF8142,15:15:00,18:45:00,2019-02-07 16:27:27,7.5,1880,31
4117,CZ5430,MF8142,15:15:00,18:45:00,2019-02-08 14:48:24,7.5,1880,30
4214,CZ5430,MF8142,15:15:00,18:45:00,2019-02-09 15:06:02,7.5,1880,29
4286,CZ5430,MF8142,15:15:00,18:45:00,2019-02-10 16:59:32,7.5,1880,28
4322,CZ5430,MF8142,15:15:00,18:45:00,2019-02-11 17:06:46,7.5,1880,27
4431,CZ5430,MF8142,15:15:00,18:45:00,2019-02-12 16:02:47,7.5,1880,26
4466,CZ5430,MF8142,15:15:00,18:45:00,2019-02-13 14:27:31,7.5,1880,25
4562,CZ5430,MF8142,15:15:00,18:45:00,2019-02-14 16:31:20,7.5,1880,24
4620,CZ5430,MF8142,15:15:00,18:45:00,2019-02-15 16:05:14,7.5,1880,23
4718,CZ5430,MF8142,15:15:00,18:45:00,2019-02-16 16:32:18,7.5,1880,22
4790,CZ5430,MF8142,15:15:00,18:45:00,2019-02-17 17:23:37,7.5,1880,21
4826,CZ5430,MF8142,15:15:00,18:45:00,2019-02-18 16:20:15,7.5,1880,20
4898,CZ5430,MF8142,15:15:00,18:45:00,2019-02-19 14:34:41,7.5,1880,19
5008,CZ5430,MF8142,15:15:00,18:45:00,2019-02-20 14:46:00,7.5,1880,18
5078,CZ5430,MF8142,15:15:00,18:45:00,2019-02-21 15:13:12,7.5,1880,17
5114,CZ5430,MF8142,15:15:00,18:45:00,2019-02-22 16:51:18,7.5,1880,16
5223,CZ5430,MF8142,15:15:00,18:45:00,2019-02-23 16:53:46,7.5,1880,15
5258,CZ5430,MF8142,15:15:00,18:45:00,2019-02-24 16:28:06,7.5,1880,14
5330,CZ5430,MF8142,15:15:00,18:45:00,2019-02-25 17:36:59,7.5,1880,13
5440,CZ5430,MF8142,15:15:00,18:45:00,2019-02-26 16:15:30,7.5,1880,12
5510,CZ5430,MF8142,15:15:00,18:45:00,2019-02-27 16:41:41,7.5,1880,11
5546,CZ5430,MF8142,15:15:00,18:45:00,2019-02-28 16:02:36,7.5,1880,10
5655,CZ5430,MF8142,15:15:00,18:45:00,2019-03-01 15:17:13,7.5,1880,9
5723,CZ5430,MF8142,15:15:00,18:45:00,2019-03-02 14:30:52,5.4,1350,8
5791,CZ5430,MF8142,15:15:00,18:45:00,2019-03-03 14:18:49,5.4,1350,7
5858,CZ5430,MF8142,15:15:00,18:45:00,2019-03-04 15:51:01,5.4,1350,6
5925,CZ5430,MF8142,15:15:00,18:45:00,2019-03-05 14:26:52,5.4,1350,5
5989,CZ5430,MF8142,15:15:00,18:45:00,2019-03-06 15:35:18,6.4,1600,4
6023,CZ5430,MF8142,15:15:00,18:45:00,2019-03-07 16:39:49,7.5,1880,3
6087,CZ5430,MF8142,15:15:00,18:45:00,2019-03-08 15:33:10,6.4,1600,2
6207,CZ5430,MF8142,15:15:00,18:45:00,2019-03-09 14:24:22,8.0,2000,1
6210,CZ5430,MF8142,15:15:00,18:45:00,2019-03-10 16:23:31,8.5,2130,0
3087,DZ6204,,05:55:00,11:45:00,2019-01-24 15:47:54,6.0,1366,45
3117,DZ6204,,05:55:00,11:45:00,2019-01-25 15:30:08,6.0,1366,44
3227,DZ6204,,05:55:00,11:45:00,2019-01-26 14:50:10,6.0,1366,43
3301,DZ6204,,05:55:00,11:45:00,2019-01-27 15:35:41,6.0,1366,42
3442,DZ6204,,05:55:00,11:45:00,2019-01-29 14:51:20,4.2,958,40
3585,DZ6204,,05:55:00,11:45:00,2019-01-31 15:57:30,5.1,1154,38
3658,DZ6204,,05:55:00,11:45:00,2019-02-01 16:28:35,4.2,958,37
3729,DZ6204,,05:55:00,11:45:00,2019-02-02 16:45:10,4.2,958,36
3801,DZ6204,,05:55:00,11:45:00,2019-02-03 17:31:35,4.2,958,35
3877,DZ6204,,05:55:00,11:45:00,2019-02-04 16:31:33,4.2,958,34
3945,DZ6204,,05:55:00,11:45:00,2019-02-05 16:15:26,4.2,958,33
4018,DZ6204,,05:55:00,11:45:00,2019-02-06 14:40:04,4.2,958,32
4089,DZ6204,,05:55:00,11:45:00,2019-02-07 16:27:27,4.2,958,31
4137,DZ6204,,05:55:00,11:45:00,2019-02-08 14:48:24,5.1,1166,30
4235,DZ6204,,05:55:00,11:45:00,2019-02-09 15:06:02,5.0,1130,29
4306,DZ6204,,05:55:00,11:45:00,2019-02-10 16:59:32,5.1,1167,28
4377,DZ6204,,05:55:00,11:45:00,2019-02-11 17:06:46,4.9,1119,27
4451,DZ6204,,05:55:00,11:45:00,2019-02-12 16:02:47,5.1,1163,26
4521,DZ6204,,05:55:00,11:45:00,2019-02-13 14:27:31,5.1,1162,25
4582,DZ6204,,05:55:00,11:45:00,2019-02-14 16:31:20,5.1,1159,24
4614,DZ6204,,05:55:00,11:45:00,2019-02-15 16:05:14,5.0,1147,23
4737,DZ6204,,05:55:00,11:45:00,2019-02-16 16:32:18,5.0,1130,22
4810,DZ6204,,05:55:00,11:45:00,2019-02-17 17:23:37,5.0,1130,21
4881,DZ6204,,05:55:00,11:45:00,2019-02-18 16:20:15,5.0,1129,20
4953,DZ6204,,05:55:00,11:45:00,2019-02-19 14:34:41,5.0,1129,19
5028,DZ6204,,05:55:00,11:45:00,2019-02-20 14:46:00,5.0,1129,18
5098,DZ6204,,05:55:00,11:45:00,2019-02-21 15:13:12,5.0,1129,17
5169,DZ6204,,05:55:00,11:45:00,2019-02-22 16:51:18,5.0,1129,16
5243,DZ6204,,05:55:00,11:45:00,2019-02-23 16:53:46,4.9,1110,15
5313,DZ6204,,05:55:00,11:45:00,2019-02-24 16:28:06,5.0,1129,14
5385,DZ6204,,05:55:00,11:45:00,2019-02-25 17:36:59,4.9,1110,13
5460,DZ6204,,05:55:00,11:45:00,2019-02-26 16:15:30,4.9,1117,12
5529,DZ6204,,05:55:00,11:45:00,2019-02-27 16:41:41,4.9,1115,11
5601,DZ6204,,05:55:00,11:45:00,2019-02-28 16:02:36,4.9,1115,10
5675,DZ6204,,05:55:00,11:45:00,2019-03-01 15:17:13,4.9,1114,9
5741,DZ6204,,05:55:00,11:45:00,2019-03-02 14:30:52,4.9,1112,8
5809,DZ6204,,05:55:00,11:45:00,2019-03-03 14:18:49,4.9,1112,7
5876,DZ6204,,05:55:00,11:45:00,2019-03-04 15:51:01,4.0,910,6
5908,DZ6204,,05:55:00,11:45:00,2019-03-05 14:26:52,4.0,910,5
6006,DZ6204,,05:55:00,11:45:00,2019-03-06 15:35:18,4.0,910,4
6040,DZ6204,,05:55:00,11:45:00,2019-03-07 16:39:49,4.0,910,3
6103,DZ6204,,05:55:00,11:45:00,2019-03-08 15:33:10,4.0,910,2
6186,DZ6204,,05:55:00,11:45:00,2019-03-09 14:24:22,4.1,932,1
6236,DZ6204,,05:55:00,11:45:00,2019-03-10 16:23:31,5.1,1153,0
3050,HU7701,,17:10:00,20:35:00,2019-01-24 15:47:54,7.6,1895,45
3148,HU7701,,17:10:00,20:35:00,2019-01-25 15:30:08,7.6,1895,44
3196,HU7701,,17:10:00,20:35:00,2019-01-26 14:50:10,7.6,1895,43
3268,HU7701,,17:10:00,20:35:00,2019-01-27 15:35:41,7.6,1895,42
3340,HU7701,,17:10:00,20:35:00,2019-01-28 17:26:48,7.6,1895,41
3411,HU7701,,17:10:00,20:35:00,2019-01-29 14:51:20,7.6,1895,40
3483,HU7701,,17:10:00,20:35:00,2019-01-30 14:50:50,7.6,1895,39
3553,HU7701,,17:10:00,20:35:00,2019-01-31 15:57:30,7.6,1895,38
3626,HU7701,,17:10:00,20:35:00,2019-02-01 16:28:35,7.6,1895,37
3698,HU7701,,17:10:00,20:35:00,2019-02-02 16:45:10,7.6,1895,36
3770,HU7701,,17:10:00,20:35:00,2019-02-03 17:31:35,7.6,1895,35
3843,HU7701,,17:10:00,20:35:00,2019-02-04 16:31:33,7.6,1895,34
3914,HU7701,,17:10:00,20:35:00,2019-02-05 16:15:26,7.6,1895,33
3986,HU7701,,17:10:00,20:35:00,2019-02-06 14:40:04,7.6,1895,32
4058,HU7701,,17:10:00,20:35:00,2019-02-07 16:27:27,7.6,1895,31
4158,HU7701,,17:10:00,20:35:00,2019-02-08 14:48:24,7.6,1895,30
4202,HU7701,,17:10:00,20:35:00,2019-02-09 15:06:02,7.6,1895,29
4274,HU7701,,17:10:00,20:35:00,2019-02-10 16:59:32,7.6,1895,28
4346,HU7701,,17:10:00,20:35:00,2019-02-11 17:06:46,7.6,1895,27
4418,HU7701,,17:10:00,20:35:00,2019-02-12 16:02:47,7.6,1895,26
4490,HU7701,,17:10:00,20:35:00,2019-02-13 14:27:31,7.6,1895,25
4550,HU7701,,17:10:00,20:35:00,2019-02-14 16:31:20,7.6,1895,24
4672,HU7701,,17:10:00,20:35:00,2019-02-15 16:05:14,7.6,1895,23
4706,HU7701,,17:10:00,20:35:00,2019-02-16 16:32:18,7.6,1895,22
4778,HU7701,,17:10:00,20:35:00,2019-02-17 17:23:37,7.6,1895,21
4850,HU7701,,17:10:00,20:35:00,2019-02-18 16:20:15,6.8,1695,20
4922,HU7701,,17:10:00,20:35:00,2019-02-19 14:34:41,6.8,1695,19
4994,HU7701,,17:10:00,20:35:00,2019-02-20 14:46:00,6.8,1695,18
5066,HU7701,,17:10:00,20:35:00,2019-02-21 15:13:12,6.8,1695,17
5138,HU7701,,17:10:00,20:35:00,2019-02-22 16:51:18,6.8,1695,16
5210,HU7701,,17:10:00,20:35:00,2019-02-23 16:53:46,6.8,1695,15
5282,HU7701,,17:10:00,20:35:00,2019-02-24 16:28:06,6.8,1695,14
5354,HU7701,,17:10:00,20:35:00,2019-02-25 17:36:59,6.8,1695,13
5426,HU7701,,17:10:00,20:35:00,2019-02-26 16:15:30,6.8,1700,12
5498,HU7701,,17:10:00,20:35:00,2019-02-27 16:41:41,6.8,1695,11
5570,HU7701,,17:10:00,20:35:00,2019-02-28 16:02:36,6.8,1690,10
5642,HU7701,,17:10:00,20:35:00,2019-03-01 15:17:13,6.0,1495,9
5711,HU7701,,17:10:00,20:35:00,2019-03-02 14:30:52,5.4,1345,8
5779,HU7701,,17:10:00,20:35:00,2019-03-03 14:18:49,5.4,1345,7
5846,HU7701,,17:10:00,20:35:00,2019-03-04 15:51:01,5.1,1280,6
5937,HU7701,,17:10:00,20:35:00,2019-03-05 14:26:52,7.2,1800,5
5977,HU7701,,17:10:00,20:35:00,2019-03-06 15:35:18,6.8,1695,4
6065,HU7701,,17:10:00,20:35:00,2019-03-07 16:39:49,6.8,1695,3
6129,HU7701,,17:10:00,20:35:00,2019-03-08 15:33:10,6.8,1694,2
6157,HU7701,,17:10:00,20:35:00,2019-03-09 14:24:22,8.4,2089,1
6220,HU7701,,17:10:00,20:35:00,2019-03-10 16:23:31,8.4,2089,0
6284,HU7701,,17:10:00,20:35:00,2019-03-11 15:50:34,7.2,1800,0
3043,HU7703,,08:10:00,11:40:00,2019-01-24 15:47:54,7.6,1895,45
3155,HU7703,,08:10:00,11:40:00,2019-01-25 15:30:08,7.6,1895,44
3189,HU7703,,08:10:00,11:40:00,2019-01-26 14:50:10,7.6,1895,43
3261,HU7703,,08:10:00,11:40:00,2019-01-27 15:35:41,7.6,1895,42
3333,HU7703,,08:10:00,11:40:00,2019-01-28 17:26:48,7.6,1895,41
3404,HU7703,,08:10:00,11:40:00,2019-01-29 14:51:20,7.6,1895,40
3476,HU7703,,08:10:00,11:40:00,2019-01-30 14:50:50,7.6,1890,39
3546,HU7703,,08:10:00,11:40:00,2019-01-31 15:57:30,7.6,1890,38
3619,HU7703,,08:10:00,11:40:00,2019-02-01 16:28:35,7.6,1890,37
3691,HU7703,,08:10:00,11:40:00,2019-02-02 16:45:10,7.6,1890,36
3763,HU7703,,08:10:00,11:40:00,2019-02-03 17:31:35,7.6,1890,35
3836,HU7703,,08:10:00,11:40:00,2019-02-04 16:31:33,7.6,1890,34
3907,HU7703,,08:10:00,11:40:00,2019-02-05 16:15:26,7.6,1890,33
3979,HU7703,,08:10:00,11:40:00,2019-02-06 14:40:04,7.6,1890,32
4051,HU7703,,08:10:00,11:40:00,2019-02-07 16:27:27,7.6,1890,31
4107,HU7703,,08:10:00,11:40:00,2019-02-08 14:48:24,7.6,1890,30
4195,HU7703,,08:10:00,11:40:00,2019-02-09 15:06:02,7.6,1890,29
4267,HU7703,,08:10:00,11:40:00,2019-02-10 16:59:32,7.6,1895,28
4339,HU7703,,08:10:00,11:40:00,2019-02-11 17:06:46,7.6,1890,27
4411,HU7703,,08:10:00,11:40:00,2019-02-12 16:02:47,7.6,1890,26
4483,HU7703,,08:10:00,11:40:00,2019-02-13 14:27:31,7.6,1890,25
4543,HU7703,,08:10:00,11:40:00,2019-02-14 16:31:20,7.6,1895,24
4665,HU7703,,08:10:00,11:40:00,2019-02-15 16:05:14,7.6,1895,23
4699,HU7703,,08:10:00,11:40:00,2019-02-16 16:32:18,7.6,1895,22
4771,HU7703,,08:10:00,11:40:00,2019-02-17 17:23:37,7.6,1895,21
4843,HU7703,,08:10:00,11:40:00,2019-02-18 16:20:15,6.0,1495,20
4915,HU7703,,08:10:00,11:40:00,2019-02-19 14:34:41,6.0,1495,19
4987,HU7703,,08:10:00,11:40:00,2019-02-20 14:46:00,6.0,1495,18
5059,HU7703,,08:10:00,11:40:00,2019-02-21 15:13:12,6.0,1495,17
5131,HU7703,,08:10:00,11:40:00,2019-02-22 16:51:18,6.0,1495,16
5203,HU7703,,08:10:00,11:40:00,2019-02-23 16:53:46,6.0,1495,15
5275,HU7703,,08:10:00,11:40:00,2019-02-24 16:28:06,6.0,1495,14
5347,HU7703,,08:10:00,11:40:00,2019-02-25 17:36:59,6.0,1495,13
5419,HU7703,,08:10:00,11:40:00,2019-02-26 16:15:30,6.0,1495,12
5491,HU7703,,08:10:00,11:40:00,2019-02-27 16:41:41,6.0,1490,11
5563,HU7703,,08:10:00,11:40:00,2019-02-28 16:02:36,6.0,1490,10
5635,HU7703,,08:10:00,11:40:00,2019-03-01 15:17:13,5.7,1430,9
5705,HU7703,,08:10:00,11:40:00,2019-03-02 14:30:52,5.4,1345,8
5773,HU7703,,08:10:00,11:40:00,2019-03-03 14:18:49,5.4,1345,7
5840,HU7703,,08:10:00,11:40:00,2019-03-04 15:51:01,5.1,1280,6
5943,HU7703,,08:10:00,11:40:00,2019-03-05 14:26:52,7.2,1800,5
5971,HU7703,,08:10:00,11:40:00,2019-03-06 15:35:18,6.8,1690,4
6071,HU7703,,08:10:00,11:40:00,2019-03-07 16:39:49,6.8,1690,3
6134,HU7703,,08:10:00,11:40:00,2019-03-08 15:33:10,6.8,1690,2
6162,HU7703,,08:10:00,11:40:00,2019-03-09 14:24:22,8.3,2087,1
6225,HU7703,,08:10:00,11:40:00,2019-03-10 16:23:31,8.4,2090,0
3054,HU7705,,15:05:00,18:25:00,2019-01-24 15:47:54,7.6,1895,45
3145,HU7705,,15:05:00,18:25:00,2019-01-25 15:30:08,7.6,1895,44
3199,HU7705,,15:05:00,18:25:00,2019-01-26 14:50:10,7.6,1895,43
3271,HU7705,,15:05:00,18:25:00,2019-01-27 15:35:41,7.6,1895,42
3343,HU7705,,15:05:00,18:25:00,2019-01-28 17:26:48,7.6,1895,41
3414,HU7705,,15:05:00,18:25:00,2019-01-29 14:51:20,7.6,1895,40
3486,HU7705,,15:05:00,18:25:00,2019-01-30 14:50:50,7.6,1895,39
3556,HU7705,,15:05:00,18:25:00,2019-01-31 15:57:30,7.6,1895,38
3629,HU7705,,15:05:00,18:25:00,2019-02-01 16:28:35,7.6,1895,37
3701,HU7705,,15:05:00,18:25:00,2019-02-02 16:45:10,7.6,1895,36
3773,HU7705,,15:05:00,18:25:00,2019-02-03 17:31:35,7.6,1895,35
3846,HU7705,,15:05:00,18:25:00,2019-02-04 16:31:33,7.6,1895,34
3917,HU7705,,15:05:00,18:25:00,2019-02-05 16:15:26,7.6,1895,33
3989,HU7705,,15:05:00,18:25:00,2019-02-06 14:40:04,7.6,1895,32
4061,HU7705,,15:05:00,18:25:00,2019-02-07 16:27:27,7.6,1895,31
4161,HU7705,,15:05:00,18:25:00,2019-02-08 14:48:24,7.6,1895,30
4205,HU7705,,15:05:00,18:25:00,2019-02-09 15:06:02,7.6,1895,29
4277,HU7705,,15:05:00,18:25:00,2019-02-10 16:59:32,7.6,1895,28
4349,HU7705,,15:05:00,18:25:00,2019-02-11 17:06:46,7.6,1895,27
4421,HU7705,,15:05:00,18:25:00,2019-02-12 16:02:47,7.6,1895,26
4493,HU7705,,15:05:00,18:25:00,2019-02-13 14:27:31,7.6,1895,25
4553,HU7705,,15:05:00,18:25:00,2019-02-14 16:31:20,7.6,1895,24
4675,HU7705,,15:05:00,18:25:00,2019-02-15 16:05:14,7.6,1895,23
4709,HU7705,,15:05:00,18:25:00,2019-02-16 16:32:18,7.6,1895,22
4781,HU7705,,15:05:00,18:25:00,2019-02-17 17:23:37,7.6,1895,21
4853,HU7705,,15:05:00,18:25:00,2019-02-18 16:20:15,7.6,1900,20
4925,HU7705,,15:05:00,18:25:00,2019-02-19 14:34:41,7.6,1900,19
4997,HU7705,,15:05:00,18:25:00,2019-02-20 14:46:00,6.8,1695,18
5069,HU7705,,15:05:00,18:25:00,2019-02-21 15:13:12,6.8,1695,17
5141,HU7705,,15:05:00,18:25:00,2019-02-22 16:51:18,7.6,1900,16
5213,HU7705,,15:05:00,18:25:00,2019-02-23 16:53:46,7.6,1900,15
5285,HU7705,,15:05:00,18:25:00,2019-02-24 16:28:06,6.8,1695,14
5357,HU7705,,15:05:00,18:25:00,2019-02-25 17:36:59,6.8,1695,13
5429,HU7705,,15:05:00,18:25:00,2019-02-26 16:15:30,6.8,1700,12
5501,HU7705,,15:05:00,18:25:00,2019-02-27 16:41:41,6.8,1695,11
5573,HU7705,,15:05:00,18:25:00,2019-02-28 16:02:36,6.8,1690,10
5645,HU7705,,15:05:00,18:25:00,2019-03-01 15:17:13,6.0,1495,9
5715,HU7705,,15:05:00,18:25:00,2019-03-02 14:30:52,5.4,1345,8
5783,HU7705,,15:05:00,18:25:00,2019-03-03 14:18:49,5.4,1345,7
5850,HU7705,,15:05:00,18:25:00,2019-03-04 15:51:01,5.1,1280,6
5933,HU7705,,15:05:00,18:25:00,2019-03-05 14:26:52,7.2,1800,5
5981,HU7705,,15:05:00,18:25:00,2019-03-06 15:35:18,6.8,1695,4
6061,HU7705,,15:05:00,18:25:00,2019-03-07 16:39:49,6.8,1695,3
6125,HU7705,,15:05:00,18:25:00,2019-03-08 15:33:10,6.8,1694,2
6153,HU7705,,15:05:00,18:25:00,2019-03-09 14:24:22,8.4,2089,1
6216,HU7705,,15:05:00,18:25:00,2019-03-10 16:23:31,8.4,2089,0
3031,HU7707,,21:20:00,00:50:00,2019-01-24 15:47:54,6.0,1495,45
3167,HU7707,,21:20:00,00:50:00,2019-01-25 15:30:08,6.0,1495,44
3177,HU7707,,21:20:00,00:50:00,2019-01-26 14:50:10,6.0,1495,43
3249,HU7707,,21:20:00,00:50:00,2019-01-27 15:35:41,6.0,1495,42
3321,HU7707,,21:20:00,00:50:00,2019-01-28 17:26:48,6.0,1495,41
3392,HU7707,,21:20:00,00:50:00,2019-01-29 14:51:20,6.0,1495,40
3464,HU7707,,21:20:00,00:50:00,2019-01-30 14:50:50,6.0,1490,39
3534,HU7707,,21:20:00,00:50:00,2019-01-31 15:57:30,6.0,1490,38
3607,HU7707,,21:20:00,00:50:00,2019-02-01 16:28:35,6.0,1490,37
3679,HU7707,,21:20:00,00:50:00,2019-02-02 16:45:10,6.0,1490,36
3751,HU7707,,21:20:00,00:50:00,2019-02-03 17:31:35,6.0,1490,35
3824,HU7707,,21:20:00,00:50:00,2019-02-04 16:31:33,6.0,1490,34
3895,HU7707,,21:20:00,00:50:00,2019-02-05 16:15:26,6.0,1490,33
3967,HU7707,,21:20:00,00:50:00,2019-02-06 14:40:04,6.0,1490,32
4039,HU7707,,21:20:00,00:50:00,2019-02-07 16:27:27,6.0,1490,31
4167,HU7707,,21:20:00,00:50:00,2019-02-08 14:48:24,6.0,1490,30
4183,HU7707,,21:20:00,00:50:00,2019-02-09 15:06:02,6.0,1490,29
4255,HU7707,,21:20:00,00:50:00,2019-02-10 16:59:32,6.0,1495,28
4327,HU7707,,21:20:00,00:50:00,2019-02-11 17:06:46,6.0,1490,27
4399,HU7707,,21:20:00,00:50:00,2019-02-12 16:02:47,6.0,1490,26
4471,HU7707,,21:20:00,00:50:00,2019-02-13 14:27:31,6.0,1490,25
4603,HU7707,,21:20:00,00:50:00,2019-02-14 16:31:20,6.0,1495,24
4653,HU7707,,21:20:00,00:50:00,2019-02-15 16:05:14,6.0,1495,23
4687,HU7707,,21:20:00,00:50:00,2019-02-16 16:32:18,6.0,1495,22
4759,HU7707,,21:20:00,00:50:00,2019-02-17 17:23:37,6.0,1495,21
4831,HU7707,,21:20:00,00:50:00,2019-02-18 16:20:15,6.0,1495,20
4903,HU7707,,21:20:00,00:50:00,2019-02-19 14:34:41,6.0,1495,19
4975,HU7707,,21:20:00,00:50:00,2019-02-20 14:46:00,6.0,1495,18
5047,HU7707,,21:20:00,00:50:00,2019-02-21 15:13:12,6.0,1495,17
5119,HU7707,,21:20:00,00:50:00,2019-02-22 16:51:18,6.0,1495,16
5191,HU7707,,21:20:00,00:50:00,2019-02-23 16:53:46,6.0,1495,15
5263,HU7707,,21:20:00,00:50:00,2019-02-24 16:28:06,6.0,1495,14
5335,HU7707,,21:20:00,00:50:00,2019-02-25 17:36:59,6.0,1495,13
5407,HU7707,,21:20:00,00:50:00,2019-02-26 16:15:30,6.0,1495,12
5479,HU7707,,21:20:00,00:50:00,2019-02-27 16:41:41,6.0,1490,11
5551,HU7707,,21:20:00,00:50:00,2019-02-28 16:02:36,6.0,1490,10
5623,HU7707,,21:20:00,00:50:00,2019-03-01 15:17:13,5.4,1345,9
5695,HU7707,,21:20:00,00:50:00,2019-03-02 14:30:52,5.4,1345,8
5762,HU7707,,21:20:00,00:50:00,2019-03-03 14:18:49,5.4,1345,7
5829,HU7707,,21:20:00,00:50:00,2019-03-04 15:51:01,5.1,1280,6
5955,HU7707,,21:20:00,00:50:00,2019-03-05 14:26:52,7.2,1800,5
5960,HU7707,,21:20:00,00:50:00,2019-03-06 15:35:18,6.8,1690,4
6081,HU7707,,21:20:00,00:50:00,2019-03-07 16:39:49,6.8,1690,3
6144,HU7707,,21:20:00,00:50:00,2019-03-08 15:33:10,6.8,1695,2
6172,HU7707,,21:20:00,00:50:00,2019-03-09 14:24:22,8.3,2087,1
6257,HU7707,,21:20:00,00:50:00,2019-03-10 16:23:31,8.0,2000,0
6286,HU7707,,21:20:00,00:50:00,2019-03-11 15:50:34,6.8,1696,0
3073,HU7709,,12:00:00,15:30:00,2019-01-24 15:47:54,6.8,1695,45
3129,HU7709,,12:00:00,15:30:00,2019-01-25 15:30:08,6.8,1695,44
3214,HU7709,,12:00:00,15:30:00,2019-01-26 14:50:10,6.8,1695,43
3288,HU7709,,12:00:00,15:30:00,2019-01-27 15:35:41,6.8,1695,42
3358,HU7709,,12:00:00,15:30:00,2019-01-28 17:26:48,6.8,1695,41
3429,HU7709,,12:00:00,15:30:00,2019-01-29 14:51:20,6.8,1695,40
3504,HU7709,,12:00:00,15:30:00,2019-01-30 14:50:50,6.8,1695,39
3572,HU7709,,12:00:00,15:30:00,2019-01-31 15:57:30,6.8,1695,38
3645,HU7709,,12:00:00,15:30:00,2019-02-01 16:28:35,6.8,1695,37
3716,HU7709,,12:00:00,15:30:00,2019-02-02 16:45:10,6.8,1695,36
3788,HU7709,,12:00:00,15:30:00,2019-02-03 17:31:35,6.8,1695,35
3864,HU7709,,12:00:00,15:30:00,2019-02-04 16:31:33,6.8,1695,34
3932,HU7709,,12:00:00,15:30:00,2019-02-05 16:15:26,6.8,1695,33
4005,HU7709,,12:00:00,15:30:00,2019-02-06 14:40:04,6.8,1695,32
4076,HU7709,,12:00:00,15:30:00,2019-02-07 16:27:27,6.8,1695,31
4124,HU7709,,12:00:00,15:30:00,2019-02-08 14:48:24,6.8,1695,30
4221,HU7709,,12:00:00,15:30:00,2019-02-09 15:06:02,6.8,1695,29
4293,HU7709,,12:00:00,15:30:00,2019-02-10 16:59:32,6.8,1695,28
4364,HU7709,,12:00:00,15:30:00,2019-02-11 17:06:46,6.8,1695,27
4438,HU7709,,12:00:00,15:30:00,2019-02-12 16:02:47,6.8,1695,26
4508,HU7709,,12:00:00,15:30:00,2019-02-13 14:27:31,6.8,1695,25
4569,HU7709,,12:00:00,15:30:00,2019-02-14 16:31:20,6.8,1695,24
4628,HU7709,,12:00:00,15:30:00,2019-02-15 16:05:14,6.8,1695,23
4725,HU7709,,12:00:00,15:30:00,2019-02-16 16:32:18,6.8,1695,22
4797,HU7709,,12:00:00,15:30:00,2019-02-17 17:23:37,6.8,1695,21
4868,HU7709,,12:00:00,15:30:00,2019-02-18 16:20:15,6.8,1695,20
4940,HU7709,,12:00:00,15:30:00,2019-02-19 14:34:41,6.8,1695,19
5015,HU7709,,12:00:00,15:30:00,2019-02-20 14:46:00,6.8,1695,18
5085,HU7709,,12:00:00,15:30:00,2019-02-21 15:13:12,6.8,1695,17
5156,HU7709,,12:00:00,15:30:00,2019-02-22 16:51:18,6.8,1695,16
5230,HU7709,,12:00:00,15:30:00,2019-02-23 16:53:46,6.8,1695,15
5300,HU7709,,12:00:00,15:30:00,2019-02-24 16:28:06,6.8,1695,14
5372,HU7709,,12:00:00,15:30:00,2019-02-25 17:36:59,6.8,1695,13
5447,HU7709,,12:00:00,15:30:00,2019-02-26 16:15:30,6.8,1700,12
5517,HU7709,,12:00:00,15:30:00,2019-02-27 16:41:41,6.8,1695,11
5588,HU7709,,12:00:00,15:30:00,2019-02-28 16:02:36,6.8,1690,10
5662,HU7709,,12:00:00,15:30:00,2019-03-01 15:17:13,6.0,1495,9
5729,HU7709,,12:00:00,15:30:00,2019-03-02 14:30:52,5.4,1345,8
5797,HU7709,,12:00:00,15:30:00,2019-03-03 14:18:49,5.4,1345,7
5864,HU7709,,12:00:00,15:30:00,2019-03-04 15:51:01,5.1,1280,6
5919,HU7709,,12:00:00,15:30:00,2019-03-05 14:26:52,7.2,1800,5
5995,HU7709,,12:00:00,15:30:00,2019-03-06 15:35:18,6.8,1695,4
6029,HU7709,,12:00:00,15:30:00,2019-03-07 16:39:49,6.8,1695,3
6093,HU7709,,12:00:00,15:30:00,2019-03-08 15:33:10,6.8,1694,2
6201,HU7709,,12:00:00,15:30:00,2019-03-09 14:24:22,8.4,2089,1
6264,HU7709,,12:00:00,15:30:00,2019-03-10 16:23:31,9.6,2400,0
3097,HU7711,,09:00:00,12:30:00,2019-01-24 15:47:54,7.6,1895,45
3108,HU7711,,09:00:00,12:30:00,2019-01-25 15:30:08,7.6,1895,44
3236,HU7711,,09:00:00,12:30:00,2019-01-26 14:50:10,7.6,1895,43
3310,HU7711,,09:00:00,12:30:00,2019-01-27 15:35:41,7.6,1895,42
3379,HU7711,,09:00:00,12:30:00,2019-01-28 17:26:48,7.6,1895,41
3451,HU7711,,09:00:00,12:30:00,2019-01-29 14:51:20,7.6,1895,40
3525,HU7711,,09:00:00,12:30:00,2019-01-30 14:50:50,7.6,1895,39
3594,HU7711,,09:00:00,12:30:00,2019-01-31 15:57:30,7.6,1895,38
3667,HU7711,,09:00:00,12:30:00,2019-02-01 16:28:35,7.6,1895,37
3738,HU7711,,09:00:00,12:30:00,2019-02-02 16:45:10,7.6,1895,36
3810,HU7711,,09:00:00,12:30:00,2019-02-03 17:31:35,7.6,1895,35
3886,HU7711,,09:00:00,12:30:00,2019-02-04 16:31:33,7.6,1895,34
3954,HU7711,,09:00:00,12:30:00,2019-02-05 16:15:26,7.6,1895,33
4027,HU7711,,09:00:00,12:30:00,2019-02-06 14:40:04,7.6,1895,32
4098,HU7711,,09:00:00,12:30:00,2019-02-07 16:27:27,7.6,1895,31
4147,HU7711,,09:00:00,12:30:00,2019-02-08 14:48:24,7.6,1895,30
4244,HU7711,,09:00:00,12:30:00,2019-02-09 15:06:02,7.6,1895,29
4315,HU7711,,09:00:00,12:30:00,2019-02-10 16:59:32,7.6,1895,28
4386,HU7711,,09:00:00,12:30:00,2019-02-11 17:06:46,7.6,1895,27
4460,HU7711,,09:00:00,12:30:00,2019-02-12 16:02:47,7.6,1895,26
4530,HU7711,,09:00:00,12:30:00,2019-02-13 14:27:31,7.6,1895,25
4591,HU7711,,09:00:00,12:30:00,2019-02-14 16:31:20,7.6,1895,24
4643,HU7711,,09:00:00,12:30:00,2019-02-15 16:05:14,7.6,1895,23
4746,HU7711,,09:00:00,12:30:00,2019-02-16 16:32:18,7.6,1895,22
4819,HU7711,,09:00:00,12:30:00,2019-02-17 17:23:37,7.6,1895,21
4890,HU7711,,09:00:00,12:30:00,2019-02-18 16:20:15,6.0,1495,20
4962,HU7711,,09:00:00,12:30:00,2019-02-19 14:34:41,6.0,1495,19
5037,HU7711,,09:00:00,12:30:00,2019-02-20 14:46:00,6.0,1495,18
5107,HU7711,,09:00:00,12:30:00,2019-02-21 15:13:12,6.0,1495,17
5178,HU7711,,09:00:00,12:30:00,2019-02-22 16:51:18,6.0,1495,16
5252,HU7711,,09:00:00,12:30:00,2019-02-23 16:53:46,6.0,1495,15
5322,HU7711,,09:00:00,12:30:00,2019-02-24 16:28:06,6.0,1495,14
5394,HU7711,,09:00:00,12:30:00,2019-02-25 17:36:59,6.0,1495,13
5469,HU7711,,09:00:00,12:30:00,2019-02-26 16:15:30,6.0,1500,12
5538,HU7711,,09:00:00,12:30:00,2019-02-27 16:41:41,6.0,1495,11
5610,HU7711,,09:00:00,12:30:00,2019-02-28 16:02:36,6.0,1490,10
5684,HU7711,,09:00:00,12:30:00,2019-03-01 15:17:13,5.7,1430,9
5749,HU7711,,09:00:00,12:30:00,2019-03-02 14:30:52,5.4,1345,8
5817,HU7711,,09:00:00,12:30:00,2019-03-03 14:18:49,5.4,1345,7
5883,HU7711,,09:00:00,12:30:00,2019-03-04 15:51:01,5.1,1280,6
5900,HU7711,,09:00:00,12:30:00,2019-03-05 14:26:52,7.2,1800,5
6014,HU7711,,09:00:00,12:30:00,2019-03-06 15:35:18,6.8,1695,4
6048,HU7711,,09:00:00,12:30:00,2019-03-07 16:39:49,6.8,1695,3
6111,HU7711,,09:00:00,12:30:00,2019-03-08 15:33:10,6.8,1694,2
6193,HU7711,,09:00:00,12:30:00,2019-03-09 14:24:22,8.4,2089,1
6243,HU7711,,09:00:00,12:30:00,2019-03-10 16:23:31,8.4,2089,0
3083,KY9102,ZH9102,12:05:00,15:45:00,2019-01-24 15:47:54,4.9,1230,45
3120,KY9102,ZH9102,12:05:00,15:45:00,2019-01-25 15:30:08,4.9,1230,44
3224,KY9102,ZH9102,12:05:00,15:45:00,2019-01-26 14:50:10,4.9,1230,43
3298,KY9102,ZH9102,12:05:00,15:45:00,2019-01-27 15:35:41,4.9,1230,42
3368,KY9102,ZH9102,12:05:00,15:45:00,2019-01-28 17:26:48,4.9,1230,41
3439,KY9102,ZH9102,12:05:00,15:45:00,2019-01-29 14:51:20,4.9,1230,40
3514,KY9102,ZH9102,12:05:00,15:45:00,2019-01-30 14:50:50,4.9,1230,39
3582,KY9102,ZH9102,12:05:00,15:45:00,2019-01-31 15:57:30,4.9,1230,38
3655,KY9102,ZH9102,12:05:00,15:45:00,2019-02-01 16:28:35,4.9,1230,37
3726,KY9102,ZH9102,12:05:00,15:45:00,2019-02-02 16:45:10,4.9,1230,36
3798,KY9102,ZH9102,12:05:00,15:45:00,2019-02-03 17:31:35,4.9,1230,35
3874,KY9102,ZH9102,12:05:00,15:45:00,2019-02-04 16:31:33,4.9,1230,34
3942,KY9102,ZH9102,12:05:00,15:45:00,2019-02-05 16:15:26,4.9,1230,33
4015,KY9102,ZH9102,12:05:00,15:45:00,2019-02-06 14:40:04,4.9,1230,32
4086,KY9102,ZH9102,12:05:00,15:45:00,2019-02-07 16:27:27,4.9,1230,31
4134,KY9102,ZH9102,12:05:00,15:45:00,2019-02-08 14:48:24,4.9,1230,30
4232,KY9102,ZH9102,12:05:00,15:45:00,2019-02-09 15:06:02,4.9,1230,29
4303,KY9102,ZH9102,12:05:00,15:45:00,2019-02-10 16:59:32,4.9,1230,28
4374,KY9102,ZH9102,12:05:00,15:45:00,2019-02-11 17:06:46,4.9,1230,27
4448,KY9102,ZH9102,12:05:00,15:45:00,2019-02-12 16:02:47,4.9,1230,26
4518,KY9102,ZH9102,12:05:00,15:45:00,2019-02-13 14:27:31,4.9,1230,25
4579,KY9102,ZH9102,12:05:00,15:45:00,2019-02-14 16:31:20,3.4,849,24
4611,KY9102,ZH9102,12:05:00,15:45:00,2019-02-15 16:05:14,2.8,700,23
4734,KY9102,ZH9102,12:05:00,15:45:00,2019-02-16 16:32:18,2.8,700,22
4807,KY9102,ZH9102,12:05:00,15:45:00,2019-02-17 17:23:37,2.8,700,21
4878,KY9102,ZH9102,12:05:00,15:45:00,2019-02-18 16:20:15,2.8,700,20
4950,KY9102,ZH9102,12:05:00,15:45:00,2019-02-19 14:34:41,2.8,700,19
5025,KY9102,ZH9102,12:05:00,15:45:00,2019-02-20 14:46:00,2.8,700,18
5095,KY9102,ZH9102,12:05:00,15:45:00,2019-02-21 15:13:12,2.8,700,17
5166,KY9102,ZH9102,12:05:00,15:45:00,2019-02-22 16:51:18,2.8,700,16
5240,KY9102,ZH9102,12:05:00,15:45:00,2019-02-23 16:53:46,2.8,700,15
5310,KY9102,ZH9102,12:05:00,15:45:00,2019-02-24 16:28:06,2.8,700,14
5382,KY9102,ZH9102,12:05:00,15:45:00,2019-02-25 17:36:59,2.8,700,13
5457,KY9102,ZH9102,12:05:00,15:45:00,2019-02-26 16:15:30,2.8,700,12
5526,KY9102,ZH9102,12:05:00,15:45:00,2019-02-27 16:41:41,2.8,700,11
5598,KY9102,ZH9102,12:05:00,15:45:00,2019-02-28 16:02:36,2.5,630,10
5672,KY9102,ZH9102,12:05:00,15:45:00,2019-03-01 15:17:13,2.5,630,9
5738,KY9102,ZH9102,12:05:00,15:45:00,2019-03-02 14:30:52,6.4,1600,8
5806,KY9102,ZH9102,12:05:00,15:45:00,2019-03-03 14:18:49,6.4,1600,7
5873,KY9102,ZH9102,12:05:00,15:45:00,2019-03-04 15:51:01,6.4,1600,6
5911,KY9102,ZH9102,12:05:00,15:45:00,2019-03-05 14:26:52,8.4,2100,5
6003,KY9102,ZH9102,12:05:00,15:45:00,2019-03-06 15:35:18,8.4,2100,4
6037,KY9102,ZH9102,12:05:00,15:45:00,2019-03-07 16:39:49,8.4,2100,3
6085,KY9102,ZH9102,12:05:00,15:45:00,2019-03-08 15:33:10,8.4,2100,2
6183,KY9102,ZH9102,12:05:00,15:45:00,2019-03-09 14:24:22,10.0,2500,1
6233,KY9102,ZH9102,12:05:00,15:45:00,2019-03-10 16:23:31,10.0,2500,0
3053,KY9104,ZH9104,14:25:00,18:05:00,2019-01-24 15:47:54,4.9,1230,45
3146,KY9104,ZH9104,14:25:00,18:05:00,2019-01-25 15:30:08,4.9,1230,44
3198,KY9104,ZH9104,14:25:00,18:05:00,2019-01-26 14:50:10,4.9,1230,43
3270,KY9104,ZH9104,14:25:00,18:05:00,2019-01-27 15:35:41,4.9,1230,42
3342,KY9104,ZH9104,14:25:00,18:05:00,2019-01-28 17:26:48,4.9,1230,41
3413,KY9104,ZH9104,14:25:00,18:05:00,2019-01-29 14:51:20,4.9,1230,40
3485,KY9104,ZH9104,14:25:00,18:05:00,2019-01-30 14:50:50,4.9,1230,39
3555,KY9104,ZH9104,14:25:00,18:05:00,2019-01-31 15:57:30,4.9,1230,38
3628,KY9104,ZH9104,14:25:00,18:05:00,2019-02-01 16:28:35,4.9,1230,37
3700,KY9104,ZH9104,14:25:00,18:05:00,2019-02-02 16:45:10,4.9,1230,36
3772,KY9104,ZH9104,14:25:00,18:05:00,2019-02-03 17:31:35,4.9,1230,35
3845,KY9104,ZH9104,14:25:00,18:05:00,2019-02-04 16:31:33,4.9,1230,34
3916,KY9104,ZH9104,14:25:00,18:05:00,2019-02-05 16:15:26,4.9,1230,33
3988,KY9104,ZH9104,14:25:00,18:05:00,2019-02-06 14:40:04,4.9,1230,32
4060,KY9104,ZH9104,14:25:00,18:05:00,2019-02-07 16:27:27,4.9,1230,31
4160,KY9104,ZH9104,14:25:00,18:05:00,2019-02-08 14:48:24,4.9,1230,30
4204,KY9104,ZH9104,14:25:00,18:05:00,2019-02-09 15:06:02,4.9,1230,29
4276,KY9104,ZH9104,14:25:00,18:05:00,2019-02-10 16:59:32,4.9,1230,28
4348,KY9104,ZH9104,14:25:00,18:05:00,2019-02-11 17:06:46,4.9,1230,27
4420,KY9104,ZH9104,14:25:00,18:05:00,2019-02-12 16:02:47,4.9,1230,26
4492,KY9104,ZH9104,14:25:00,18:05:00,2019-02-13 14:27:31,4.9,1230,25
4552,KY9104,ZH9104,14:25:00,18:05:00,2019-02-14 16:31:20,3.4,849,24
4674,KY9104,ZH9104,14:25:00,18:05:00,2019-02-15 16:05:14,2.8,700,23
4708,KY9104,ZH9104,14:25:00,18:05:00,2019-02-16 16:32:18,2.8,700,22
4780,KY9104,ZH9104,14:25:00,18:05:00,2019-02-17 17:23:37,2.8,700,21
4852,KY9104,ZH9104,14:25:00,18:05:00,2019-02-18 16:20:15,2.8,700,20
4924,KY9104,ZH9104,14:25:00,18:05:00,2019-02-19 14:34:41,2.8,700,19
4996,KY9104,ZH9104,14:25:00,18:05:00,2019-02-20 14:46:00,2.8,700,18
5068,KY9104,ZH9104,14:25:00,18:05:00,2019-02-21 15:13:12,2.8,700,17
5140,KY9104,ZH9104,14:25:00,18:05:00,2019-02-22 16:51:18,2.8,700,16
5212,KY9104,ZH9104,14:25:00,18:05:00,2019-02-23 16:53:46,2.8,700,15
5284,KY9104,ZH9104,14:25:00,18:05:00,2019-02-24 16:28:06,2.8,700,14
5356,KY9104,ZH9104,14:25:00,18:05:00,2019-02-25 17:36:59,2.8,700,13
5428,KY9104,ZH9104,14:25:00,18:05:00,2019-02-26 16:15:30,2.8,700,12
5500,KY9104,ZH9104,14:25:00,18:05:00,2019-02-27 16:41:41,2.8,700,11
5572,KY9104,ZH9104,14:25:00,18:05:00,2019-02-28 16:02:36,2.5,630,10
5644,KY9104,ZH9104,14:25:00,18:05:00,2019-03-01 15:17:13,2.5,630,9
5713,KY9104,ZH9104,14:25:00,18:05:00,2019-03-02 14:30:52,6.4,1600,8
5781,KY9104,ZH9104,14:25:00,18:05:00,2019-03-03 14:18:49,6.4,1600,7
5848,KY9104,ZH9104,14:25:00,18:05:00,2019-03-04 15:51:01,6.4,1600,6
5935,KY9104,ZH9104,14:25:00,18:05:00,2019-03-05 14:26:52,8.4,2100,5
5979,KY9104,ZH9104,14:25:00,18:05:00,2019-03-06 15:35:18,8.4,2100,4
6063,KY9104,ZH9104,14:25:00,18:05:00,2019-03-07 16:39:49,8.4,2100,3
6127,KY9104,ZH9104,14:25:00,18:05:00,2019-03-08 15:33:10,8.4,2100,2
6155,KY9104,ZH9104,14:25:00,18:05:00,2019-03-09 14:24:22,10.0,2500,1
6218,KY9104,ZH9104,14:25:00,18:05:00,2019-03-10 16:23:31,10.0,2500,0
3061,KY9106,ZH9106,16:55:00,20:45:00,2019-01-24 15:47:54,4.9,1230,45
3138,KY9106,ZH9106,16:55:00,20:45:00,2019-01-25 15:30:08,4.9,1230,44
3206,KY9106,ZH9106,16:55:00,20:45:00,2019-01-26 14:50:10,4.9,1230,43
3278,KY9106,ZH9106,16:55:00,20:45:00,2019-01-27 15:35:41,4.9,1230,42
3350,KY9106,ZH9106,16:55:00,20:45:00,2019-01-28 17:26:48,4.9,1230,41
3387,KY9106,ZH9106,16:55:00,20:45:00,2019-01-29 14:51:20,4.9,1230,40
3494,KY9106,ZH9106,16:55:00,20:45:00,2019-01-30 14:50:50,4.9,1230,39
3563,KY9106,ZH9106,16:55:00,20:45:00,2019-01-31 15:57:30,4.9,1230,38
3636,KY9106,ZH9106,16:55:00,20:45:00,2019-02-01 16:28:35,4.9,1230,37
3708,KY9106,ZH9106,16:55:00,20:45:00,2019-02-02 16:45:10,4.9,1230,36
3780,KY9106,ZH9106,16:55:00,20:45:00,2019-02-03 17:31:35,4.9,1230,35
3853,KY9106,ZH9106,16:55:00,20:45:00,2019-02-04 16:31:33,4.9,1230,34
3924,KY9106,ZH9106,16:55:00,20:45:00,2019-02-05 16:15:26,4.9,1230,33
3996,KY9106,ZH9106,16:55:00,20:45:00,2019-02-06 14:40:04,4.9,1230,32
4068,KY9106,ZH9106,16:55:00,20:45:00,2019-02-07 16:27:27,4.9,1230,31
4115,KY9106,ZH9106,16:55:00,20:45:00,2019-02-08 14:48:24,4.9,1230,30
4212,KY9106,ZH9106,16:55:00,20:45:00,2019-02-09 15:06:02,4.9,1230,29
4284,KY9106,ZH9106,16:55:00,20:45:00,2019-02-10 16:59:32,4.9,1230,28
4356,KY9106,ZH9106,16:55:00,20:45:00,2019-02-11 17:06:46,4.9,1230,27
4428,KY9106,ZH9106,16:55:00,20:45:00,2019-02-12 16:02:47,4.9,1230,26
4500,KY9106,ZH9106,16:55:00,20:45:00,2019-02-13 14:27:31,4.9,1230,25
4560,KY9106,ZH9106,16:55:00,20:45:00,2019-02-14 16:31:20,3.4,849,24
4617,KY9106,ZH9106,16:55:00,20:45:00,2019-02-15 16:05:14,2.8,700,23
4716,KY9106,ZH9106,16:55:00,20:45:00,2019-02-16 16:32:18,2.8,700,22
4788,KY9106,ZH9106,16:55:00,20:45:00,2019-02-17 17:23:37,2.8,700,21
4860,KY9106,ZH9106,16:55:00,20:45:00,2019-02-18 16:20:15,2.8,700,20
4932,KY9106,ZH9106,16:55:00,20:45:00,2019-02-19 14:34:41,2.5,630,19
5004,KY9106,ZH9106,16:55:00,20:45:00,2019-02-20 14:46:00,2.5,630,18
5076,KY9106,ZH9106,16:55:00,20:45:00,2019-02-21 15:13:12,2.5,630,17
5148,KY9106,ZH9106,16:55:00,20:45:00,2019-02-22 16:51:18,2.5,630,16
5220,KY9106,ZH9106,16:55:00,20:45:00,2019-02-23 16:53:46,2.5,630,15
5292,KY9106,ZH9106,16:55:00,20:45:00,2019-02-24 16:28:06,2.5,630,14
5364,KY9106,ZH9106,16:55:00,20:45:00,2019-02-25 17:36:59,2.5,630,13
5436,KY9106,ZH9106,16:55:00,20:45:00,2019-02-26 16:15:30,2.5,630,12
5508,KY9106,ZH9106,16:55:00,20:45:00,2019-02-27 16:41:41,2.5,630,11
5580,KY9106,ZH9106,16:55:00,20:45:00,2019-02-28 16:02:36,2.5,630,10
5652,KY9106,ZH9106,16:55:00,20:45:00,2019-03-01 15:17:13,2.5,630,9
5721,KY9106,ZH9106,16:55:00,20:45:00,2019-03-02 14:30:52,6.4,1600,8
5789,KY9106,ZH9106,16:55:00,20:45:00,2019-03-03 14:18:49,6.4,1600,7
5856,KY9106,ZH9106,16:55:00,20:45:00,2019-03-04 15:51:01,6.4,1600,6
5927,KY9106,ZH9106,16:55:00,20:45:00,2019-03-05 14:26:52,8.4,2100,5
5987,KY9106,ZH9106,16:55:00,20:45:00,2019-03-06 15:35:18,8.4,2100,4
6021,KY9106,ZH9106,16:55:00,20:45:00,2019-03-07 16:39:49,8.4,2100,3
6119,KY9106,ZH9106,16:55:00,20:45:00,2019-03-08 15:33:10,8.4,2100,2
6148,KY9106,ZH9106,16:55:00,20:45:00,2019-03-09 14:24:22,10.0,2500,1
6212,KY9106,ZH9106,16:55:00,20:45:00,2019-03-10 16:23:31,10.0,2500,0
6273,KY9106,ZH9106,16:55:00,20:45:00,2019-03-11 15:50:34,8.4,2100,0
3071,KY9108,ZH9108,19:20:00,22:45:00,2019-01-24 15:47:54,4.9,1230,45
3130,KY9108,ZH9108,19:20:00,22:45:00,2019-01-25 15:30:08,4.9,1230,44
3213,KY9108,ZH9108,19:20:00,22:45:00,2019-01-26 14:50:10,4.9,1230,43
3287,KY9108,ZH9108,19:20:00,22:45:00,2019-01-27 15:35:41,4.9,1230,42
3357,KY9108,ZH9108,19:20:00,22:45:00,2019-01-28 17:26:48,4.9,1230,41
3428,KY9108,ZH9108,19:20:00,22:45:00,2019-01-29 14:51:20,4.9,1230,40
3503,KY9108,ZH9108,19:20:00,22:45:00,2019-01-30 14:50:50,4.9,1230,39
3571,KY9108,ZH9108,19:20:00,22:45:00,2019-01-31 15:57:30,4.9,1230,38
3644,KY9108,ZH9108,19:20:00,22:45:00,2019-02-01 16:28:35,4.9,1230,37
3715,KY9108,ZH9108,19:20:00,22:45:00,2019-02-02 16:45:10,4.9,1230,36
3787,KY9108,ZH9108,19:20:00,22:45:00,2019-02-03 17:31:35,4.9,1230,35
3863,KY9108,ZH9108,19:20:00,22:45:00,2019-02-04 16:31:33,4.9,1230,34
3931,KY9108,ZH9108,19:20:00,22:45:00,2019-02-05 16:15:26,4.9,1230,33
4004,KY9108,ZH9108,19:20:00,22:45:00,2019-02-06 14:40:04,4.9,1230,32
4075,KY9108,ZH9108,19:20:00,22:45:00,2019-02-07 16:27:27,4.9,1230,31
4123,KY9108,ZH9108,19:20:00,22:45:00,2019-02-08 14:48:24,4.9,1230,30
4220,KY9108,ZH9108,19:20:00,22:45:00,2019-02-09 15:06:02,4.9,1230,29
4292,KY9108,ZH9108,19:20:00,22:45:00,2019-02-10 16:59:32,4.9,1230,28
4363,KY9108,ZH9108,19:20:00,22:45:00,2019-02-11 17:06:46,4.9,1230,27
4437,KY9108,ZH9108,19:20:00,22:45:00,2019-02-12 16:02:47,4.9,1230,26
4507,KY9108,ZH9108,19:20:00,22:45:00,2019-02-13 14:27:31,4.9,1230,25
4568,KY9108,ZH9108,19:20:00,22:45:00,2019-02-14 16:31:20,3.6,910,24
4627,KY9108,ZH9108,19:20:00,22:45:00,2019-02-15 16:05:14,3.6,910,23
4724,KY9108,ZH9108,19:20:00,22:45:00,2019-02-16 16:32:18,3.6,910,22
4796,KY9108,ZH9108,19:20:00,22:45:00,2019-02-17 17:23:37,3.6,910,21
4867,KY9108,ZH9108,19:20:00,22:45:00,2019-02-18 16:20:15,2.6,650,20
4939,KY9108,ZH9108,19:20:00,22:45:00,2019-02-19 14:34:41,2.5,630,19
5014,KY9108,ZH9108,19:20:00,22:45:00,2019-02-20 14:46:00,2.5,630,18
5084,KY9108,ZH9108,19:20:00,22:45:00,2019-02-21 15:13:12,2.5,630,17
5155,KY9108,ZH9108,19:20:00,22:45:00,2019-02-22 16:51:18,2.4,600,16
5229,KY9108,ZH9108,19:20:00,22:45:00,2019-02-23 16:53:46,2.4,600,15
5299,KY9108,ZH9108,19:20:00,22:45:00,2019-02-24 16:28:06,2.4,600,14
5371,KY9108,ZH9108,19:20:00,22:45:00,2019-02-25 17:36:59,2.4,600,13
5446,KY9108,ZH9108,19:20:00,22:45:00,2019-02-26 16:15:30,2.4,600,12
5516,KY9108,ZH9108,19:20:00,22:45:00,2019-02-27 16:41:41,2.4,600,11
5587,KY9108,ZH9108,19:20:00,22:45:00,2019-02-28 16:02:36,2.4,600,10
5661,KY9108,ZH9108,19:20:00,22:45:00,2019-03-01 15:17:13,2.3,580,9
5728,KY9108,ZH9108,19:20:00,22:45:00,2019-03-02 14:30:52,6.4,1600,8
5796,KY9108,ZH9108,19:20:00,22:45:00,2019-03-03 14:18:49,6.4,1600,7
5863,KY9108,ZH9108,19:20:00,22:45:00,2019-03-04 15:51:01,6.4,1600,6
5920,KY9108,ZH9108,19:20:00,22:45:00,2019-03-05 14:26:52,8.4,2100,5
5994,KY9108,ZH9108,19:20:00,22:45:00,2019-03-06 15:35:18,9.4,2350,4
6028,KY9108,ZH9108,19:20:00,22:45:00,2019-03-07 16:39:49,8.4,2100,3
6092,KY9108,ZH9108,19:20:00,22:45:00,2019-03-08 15:33:10,8.4,2100,2
6202,KY9108,ZH9108,19:20:00,22:45:00,2019-03-09 14:24:22,10.0,2500,1
6265,KY9108,ZH9108,19:20:00,22:45:00,2019-03-10 16:23:31,10.0,2500,0
6283,KY9108,ZH9108,19:20:00,22:45:00,2019-03-11 15:50:34,8.4,2100,0
3090,KY9110,ZH9110,21:25:00,01:05:00,2019-01-24 15:47:54,4.9,1230,45
3114,KY9110,ZH9110,21:25:00,01:05:00,2019-01-25 15:30:08,4.9,1230,44
3230,KY9110,ZH9110,21:25:00,01:05:00,2019-01-26 14:50:10,4.9,1230,43
3304,KY9110,ZH9110,21:25:00,01:05:00,2019-01-27 15:35:41,4.9,1230,42
3373,KY9110,ZH9110,21:25:00,01:05:00,2019-01-28 17:26:48,4.9,1230,41
3445,KY9110,ZH9110,21:25:00,01:05:00,2019-01-29 14:51:20,4.9,1230,40
3519,KY9110,ZH9110,21:25:00,01:05:00,2019-01-30 14:50:50,4.9,1230,39
3588,KY9110,ZH9110,21:25:00,01:05:00,2019-01-31 15:57:30,4.9,1230,38
3661,KY9110,ZH9110,21:25:00,01:05:00,2019-02-01 16:28:35,4.9,1230,37
3732,KY9110,ZH9110,21:25:00,01:05:00,2019-02-02 16:45:10,4.9,1230,36
3804,KY9110,ZH9110,21:25:00,01:05:00,2019-02-03 17:31:35,4.9,1230,35
3880,KY9110,ZH9110,21:25:00,01:05:00,2019-02-04 16:31:33,4.9,1230,34
3948,KY9110,ZH9110,21:25:00,01:05:00,2019-02-05 16:15:26,4.9,1230,33
4021,KY9110,ZH9110,21:25:00,01:05:00,2019-02-06 14:40:04,4.9,1230,32
4092,KY9110,ZH9110,21:25:00,01:05:00,2019-02-07 16:27:27,4.9,1230,31
4140,KY9110,ZH9110,21:25:00,01:05:00,2019-02-08 14:48:24,4.9,1230,30
4238,KY9110,ZH9110,21:25:00,01:05:00,2019-02-09 15:06:02,4.9,1230,29
4309,KY9110,ZH9110,21:25:00,01:05:00,2019-02-10 16:59:32,4.9,1230,28
4380,KY9110,ZH9110,21:25:00,01:05:00,2019-02-11 17:06:46,4.9,1230,27
4454,KY9110,ZH9110,21:25:00,01:05:00,2019-02-12 16:02:47,4.9,1230,26
4524,KY9110,ZH9110,21:25:00,01:05:00,2019-02-13 14:27:31,4.9,1230,25
4585,KY9110,ZH9110,21:25:00,01:05:00,2019-02-14 16:31:20,2.8,699,24
4637,KY9110,ZH9110,21:25:00,01:05:00,2019-02-15 16:05:14,2.4,592,23
4740,KY9110,ZH9110,21:25:00,01:05:00,2019-02-16 16:32:18,2.3,580,22
4813,KY9110,ZH9110,21:25:00,01:05:00,2019-02-17 17:23:37,2.3,580,21
4884,KY9110,ZH9110,21:25:00,01:05:00,2019-02-18 16:20:15,2.3,580,20
4956,KY9110,ZH9110,21:25:00,01:05:00,2019-02-19 14:34:41,2.2,539,19
5031,KY9110,ZH9110,21:25:00,01:05:00,2019-02-20 14:46:00,2.2,545,18
5101,KY9110,ZH9110,21:25:00,01:05:00,2019-02-21 15:13:12,2.1,534,17
5172,KY9110,ZH9110,21:25:00,01:05:00,2019-02-22 16:51:18,2.1,536,16
5246,KY9110,ZH9110,21:25:00,01:05:00,2019-02-23 16:53:46,2.1,533,15
5316,KY9110,ZH9110,21:25:00,01:05:00,2019-02-24 16:28:06,2.2,539,14
5388,KY9110,ZH9110,21:25:00,01:05:00,2019-02-25 17:36:59,2.1,536,13
5463,KY9110,ZH9110,21:25:00,01:05:00,2019-02-26 16:15:30,2.1,535,12
5532,KY9110,ZH9110,21:25:00,01:05:00,2019-02-27 16:41:41,2.1,531,11
5604,KY9110,ZH9110,21:25:00,01:05:00,2019-02-28 16:02:36,2.1,537,10
5678,KY9110,ZH9110,21:25:00,01:05:00,2019-03-01 15:17:13,2.2,543,9
5743,KY9110,ZH9110,21:25:00,01:05:00,2019-03-02 14:30:52,6.4,1600,8
5811,KY9110,ZH9110,21:25:00,01:05:00,2019-03-03 14:18:49,6.4,1600,7
5878,KY9110,ZH9110,21:25:00,01:05:00,2019-03-04 15:51:01,6.4,1600,6
5906,KY9110,ZH9110,21:25:00,01:05:00,2019-03-05 14:26:52,8.4,2100,5
6008,KY9110,ZH9110,21:25:00,01:05:00,2019-03-06 15:35:18,8.4,2100,4
6042,KY9110,ZH9110,21:25:00,01:05:00,2019-03-07 16:39:49,8.4,2100,3
6105,KY9110,ZH9110,21:25:00,01:05:00,2019-03-08 15:33:10,8.4,2100,2
6188,KY9110,ZH9110,21:25:00,01:05:00,2019-03-09 14:24:22,10.0,2500,1
6238,KY9110,ZH9110,21:25:00,01:05:00,2019-03-10 16:23:31,10.0,2500,0
6287,KY9110,ZH9110,21:25:00,01:05:00,2019-03-11 15:50:34,8.4,2100,0
3042,KY9112,ZH9112,06:20:00,12:10:00,2019-01-24 15:47:54,10.0,2500,45
3156,KY9112,ZH9112,06:20:00,12:10:00,2019-01-25 15:30:08,10.0,2500,44
3188,KY9112,ZH9112,06:20:00,12:10:00,2019-01-26 14:50:10,10.0,2500,43
3260,KY9112,ZH9112,06:20:00,12:10:00,2019-01-27 15:35:41,5.4,1350,42
3332,KY9112,ZH9112,06:20:00,12:10:00,2019-01-28 17:26:48,5.4,1350,41
3403,KY9112,ZH9112,06:20:00,12:10:00,2019-01-29 14:51:20,5.4,1350,40
3475,KY9112,ZH9112,06:20:00,12:10:00,2019-01-30 14:50:50,5.4,1350,39
3545,KY9112,ZH9112,06:20:00,12:10:00,2019-01-31 15:57:30,5.4,1350,38
3618,KY9112,ZH9112,06:20:00,12:10:00,2019-02-01 16:28:35,5.4,1350,37
3690,KY9112,ZH9112,06:20:00,12:10:00,2019-02-02 16:45:10,5.4,1350,36
3762,KY9112,ZH9112,06:20:00,12:10:00,2019-02-03 17:31:35,5.4,1350,35
3835,KY9112,ZH9112,06:20:00,12:10:00,2019-02-04 16:31:33,5.4,1350,34
3906,KY9112,ZH9112,06:20:00,12:10:00,2019-02-05 16:15:26,5.4,1350,33
3978,KY9112,ZH9112,06:20:00,12:10:00,2019-02-06 14:40:04,5.4,1350,32
4050,KY9112,ZH9112,06:20:00,12:10:00,2019-02-07 16:27:27,5.4,1350,31
4106,KY9112,ZH9112,06:20:00,12:10:00,2019-02-08 14:48:24,5.4,1350,30
4194,KY9112,ZH9112,06:20:00,12:10:00,2019-02-09 15:06:02,5.4,1350,29
4266,KY9112,ZH9112,06:20:00,12:10:00,2019-02-10 16:59:32,5.4,1350,28
4338,KY9112,ZH9112,06:20:00,12:10:00,2019-02-11 17:06:46,5.4,1350,27
4410,KY9112,ZH9112,06:20:00,12:10:00,2019-02-12 16:02:47,5.4,1350,26
4482,KY9112,ZH9112,06:20:00,12:10:00,2019-02-13 14:27:31,4.9,1230,25
4542,KY9112,ZH9112,06:20:00,12:10:00,2019-02-14 16:31:20,3.0,750,24
4664,KY9112,ZH9112,06:20:00,12:10:00,2019-02-15 16:05:14,3.0,750,23
4698,KY9112,ZH9112,06:20:00,12:10:00,2019-02-16 16:32:18,3.0,750,22
4770,KY9112,ZH9112,06:20:00,12:10:00,2019-02-17 17:23:37,3.0,750,21
4842,KY9112,ZH9112,06:20:00,12:10:00,2019-02-18 16:20:15,3.0,750,20
4914,KY9112,ZH9112,06:20:00,12:10:00,2019-02-19 14:34:41,3.0,750,19
4986,KY9112,ZH9112,06:20:00,12:10:00,2019-02-20 14:46:00,3.0,750,18
5058,KY9112,ZH9112,06:20:00,12:10:00,2019-02-21 15:13:12,3.0,750,17
5130,KY9112,ZH9112,06:20:00,12:10:00,2019-02-22 16:51:18,3.0,750,16
5202,KY9112,ZH9112,06:20:00,12:10:00,2019-02-23 16:53:46,3.0,750,15
5274,KY9112,ZH9112,06:20:00,12:10:00,2019-02-24 16:28:06,3.0,750,14
5346,KY9112,ZH9112,06:20:00,12:10:00,2019-02-25 17:36:59,3.0,750,13
5418,KY9112,ZH9112,06:20:00,12:10:00,2019-02-26 16:15:30,3.0,750,12
5490,KY9112,ZH9112,06:20:00,12:10:00,2019-02-27 16:41:41,3.0,750,11
5562,KY9112,ZH9112,06:20:00,12:10:00,2019-02-28 16:02:36,3.0,750,10
5634,KY9112,ZH9112,06:20:00,12:10:00,2019-03-01 15:17:13,3.0,750,9
3051,KY9114,ZH9114,07:30:00,11:20:00,2019-01-24 15:47:54,4.9,1230,45
3147,KY9114,ZH9114,07:30:00,11:20:00,2019-01-25 15:30:08,4.9,1230,44
3197,KY9114,ZH9114,07:30:00,11:20:00,2019-01-26 14:50:10,4.9,1230,43
3269,KY9114,ZH9114,07:30:00,11:20:00,2019-01-27 15:35:41,4.9,1230,42
3341,KY9114,ZH9114,07:30:00,11:20:00,2019-01-28 17:26:48,4.9,1230,41
3412,KY9114,ZH9114,07:30:00,11:20:00,2019-01-29 14:51:20,4.9,1230,40
3484,KY9114,ZH9114,07:30:00,11:20:00,2019-01-30 14:50:50,4.9,1230,39
3554,KY9114,ZH9114,07:30:00,11:20:00,2019-01-31 15:57:30,4.9,1230,38
3627,KY9114,ZH9114,07:30:00,11:20:00,2019-02-01 16:28:35,4.9,1230,37
3699,KY9114,ZH9114,07:30:00,11:20:00,2019-02-02 16:45:10,4.9,1230,36
3771,KY9114,ZH9114,07:30:00,11:20:00,2019-02-03 17:31:35,4.9,1230,35
3844,KY9114,ZH9114,07:30:00,11:20:00,2019-02-04 16:31:33,4.9,1230,34
3915,KY9114,ZH9114,07:30:00,11:20:00,2019-02-05 16:15:26,4.9,1230,33
3987,KY9114,ZH9114,07:30:00,11:20:00,2019-02-06 14:40:04,4.9,1230,32
4059,KY9114,ZH9114,07:30:00,11:20:00,2019-02-07 16:27:27,4.9,1230,31
4159,KY9114,ZH9114,07:30:00,11:20:00,2019-02-08 14:48:24,4.9,1230,30
4203,KY9114,ZH9114,07:30:00,11:20:00,2019-02-09 15:06:02,4.9,1230,29
4275,KY9114,ZH9114,07:30:00,11:20:00,2019-02-10 16:59:32,4.9,1230,28
4347,KY9114,ZH9114,07:30:00,11:20:00,2019-02-11 17:06:46,4.9,1230,27
4419,KY9114,ZH9114,07:30:00,11:20:00,2019-02-12 16:02:47,4.9,1230,26
4491,KY9114,ZH9114,07:30:00,11:20:00,2019-02-13 14:27:31,4.9,1230,25
4551,KY9114,ZH9114,07:30:00,11:20:00,2019-02-14 16:31:20,2.8,699,24
4673,KY9114,ZH9114,07:30:00,11:20:00,2019-02-15 16:05:14,2.4,600,23
4707,KY9114,ZH9114,07:30:00,11:20:00,2019-02-16 16:32:18,2.4,600,22
4779,KY9114,ZH9114,07:30:00,11:20:00,2019-02-17 17:23:37,2.4,600,21
4851,KY9114,ZH9114,07:30:00,11:20:00,2019-02-18 16:20:15,2.4,600,20
4923,KY9114,ZH9114,07:30:00,11:20:00,2019-02-19 14:34:41,2.1,535,19
4995,KY9114,ZH9114,07:30:00,11:20:00,2019-02-20 14:46:00,2.2,542,18
5067,KY9114,ZH9114,07:30:00,11:20:00,2019-02-21 15:13:12,2.2,543,17
5139,KY9114,ZH9114,07:30:00,11:20:00,2019-02-22 16:51:18,2.1,533,16
5211,KY9114,ZH9114,07:30:00,11:20:00,2019-02-23 16:53:46,2.2,545,15
5283,KY9114,ZH9114,07:30:00,11:20:00,2019-02-24 16:28:06,2.1,536,14
5355,KY9114,ZH9114,07:30:00,11:20:00,2019-02-25 17:36:59,2.1,532,13
5427,KY9114,ZH9114,07:30:00,11:20:00,2019-02-26 16:15:30,3.5,880,12
5499,KY9114,ZH9114,07:30:00,11:20:00,2019-02-27 16:41:41,3.5,880,11
5571,KY9114,ZH9114,07:30:00,11:20:00,2019-02-28 16:02:36,3.5,880,10
5643,KY9114,ZH9114,07:30:00,11:20:00,2019-03-01 15:17:13,2.2,540,9
5712,KY9114,ZH9114,07:30:00,11:20:00,2019-03-02 14:30:52,6.4,1600,8
5780,KY9114,ZH9114,07:30:00,11:20:00,2019-03-03 14:18:49,6.4,1600,7
5847,KY9114,ZH9114,07:30:00,11:20:00,2019-03-04 15:51:01,6.4,1600,6
5936,KY9114,ZH9114,07:30:00,11:20:00,2019-03-05 14:26:52,8.4,2100,5
5978,KY9114,ZH9114,07:30:00,11:20:00,2019-03-06 15:35:18,9.4,2350,4
6064,KY9114,ZH9114,07:30:00,11:20:00,2019-03-07 16:39:49,8.4,2100,3
6128,KY9114,ZH9114,07:30:00,11:20:00,2019-03-08 15:33:10,8.4,2100,2
6156,KY9114,ZH9114,07:30:00,11:20:00,2019-03-09 14:24:22,10.0,2500,1
6219,KY9114,ZH9114,07:30:00,11:20:00,2019-03-10 16:23:31,10.0,2500,0
3039,MF1054,CZ3152,13:00:00,16:30:00,2019-01-24 15:47:54,3.6,910,45
3159,MF1054,CZ3152,13:00:00,16:30:00,2019-01-25 15:30:08,3.6,910,44
3185,MF1054,CZ3152,13:00:00,16:30:00,2019-01-26 14:50:10,3.6,910,43
3257,MF1054,CZ3152,13:00:00,16:30:00,2019-01-27 15:35:41,3.6,910,42
3329,MF1054,CZ3152,13:00:00,16:30:00,2019-01-28 17:26:48,3.6,910,41
3400,MF1054,CZ3152,13:00:00,16:30:00,2019-01-29 14:51:20,3.6,910,40
3472,MF1054,CZ3152,13:00:00,16:30:00,2019-01-30 14:50:50,3.6,910,39
3542,MF1054,CZ3152,13:00:00,16:30:00,2019-01-31 15:57:30,3.6,910,38
3615,MF1054,CZ3152,13:00:00,16:30:00,2019-02-01 16:28:35,3.6,910,37
3687,MF1054,CZ3152,13:00:00,16:30:00,2019-02-02 16:45:10,3.4,850,36
3759,MF1054,CZ3152,13:00:00,16:30:00,2019-02-03 17:31:35,3.4,850,35
3832,MF1054,CZ3152,13:00:00,16:30:00,2019-02-04 16:31:33,3.4,850,34
3903,MF1054,CZ3152,13:00:00,16:30:00,2019-02-05 16:15:26,3.4,850,33
3975,MF1054,CZ3152,13:00:00,16:30:00,2019-02-06 14:40:04,3.4,850,32
4047,MF1054,CZ3152,13:00:00,16:30:00,2019-02-07 16:27:27,3.4,850,31
4175,MF1054,CZ3152,13:00:00,16:30:00,2019-02-08 14:48:24,3.4,850,30
4191,MF1054,CZ3152,13:00:00,16:30:00,2019-02-09 15:06:02,3.4,850,29
4263,MF1054,CZ3152,13:00:00,16:30:00,2019-02-10 16:59:32,3.4,850,28
4335,MF1054,CZ3152,13:00:00,16:30:00,2019-02-11 17:06:46,3.4,850,27
4407,MF1054,CZ3152,13:00:00,16:30:00,2019-02-12 16:02:47,3.4,850,26
4479,MF1054,CZ3152,13:00:00,16:30:00,2019-02-13 14:27:31,2.8,700,25
4539,MF1054,CZ3152,13:00:00,16:30:00,2019-02-14 16:31:20,2.8,700,24
4661,MF1054,CZ3152,13:00:00,16:30:00,2019-02-15 16:05:14,2.8,700,23
4695,MF1054,CZ3152,13:00:00,16:30:00,2019-02-16 16:32:18,2.8,700,22
4767,MF1054,CZ3152,13:00:00,16:30:00,2019-02-17 17:23:37,2.8,700,21
4839,MF1054,CZ3152,13:00:00,16:30:00,2019-02-18 16:20:15,2.8,700,20
4911,MF1054,CZ3152,13:00:00,16:30:00,2019-02-19 14:34:41,2.8,700,19
4983,MF1054,CZ3152,13:00:00,16:30:00,2019-02-20 14:46:00,2.8,700,18
5055,MF1054,CZ3152,13:00:00,16:30:00,2019-02-21 15:13:12,2.8,700,17
5127,MF1054,CZ3152,13:00:00,16:30:00,2019-02-22 16:51:18,2.8,700,16
5199,MF1054,CZ3152,13:00:00,16:30:00,2019-02-23 16:53:46,2.8,700,15
5271,MF1054,CZ3152,13:00:00,16:30:00,2019-02-24 16:28:06,2.8,700,14
5343,MF1054,CZ3152,13:00:00,16:30:00,2019-02-25 17:36:59,2.8,700,13
5415,MF1054,CZ3152,13:00:00,16:30:00,2019-02-26 16:15:30,2.8,700,12
5487,MF1054,CZ3152,13:00:00,16:30:00,2019-02-27 16:41:41,2.5,630,11
5559,MF1054,CZ3152,13:00:00,16:30:00,2019-02-28 16:02:36,2.5,630,10
5631,MF1054,CZ3152,13:00:00,16:30:00,2019-03-01 15:17:13,2.5,630,9
5702,MF1054,CZ3152,13:00:00,16:30:00,2019-03-02 14:30:52,6.4,1600,8
5770,MF1054,CZ3152,13:00:00,16:30:00,2019-03-03 14:18:49,6.4,1600,7
5837,MF1054,CZ3152,13:00:00,16:30:00,2019-03-04 15:51:01,6.4,1600,6
5947,MF1054,CZ3152,13:00:00,16:30:00,2019-03-05 14:26:52,8.4,2100,5
5968,MF1054,CZ3152,13:00:00,16:30:00,2019-03-06 15:35:18,8.4,2100,4
6074,MF1054,CZ3152,13:00:00,16:30:00,2019-03-07 16:39:49,8.4,2100,3
6137,MF1054,CZ3152,13:00:00,16:30:00,2019-03-08 15:33:10,8.2,2060,2
6165,MF1054,CZ3152,13:00:00,16:30:00,2019-03-09 14:24:22,9.8,2450,1
6228,MF1054,CZ3152,13:00:00,16:30:00,2019-03-10 16:23:31,9.8,2450,0
3085,MF1056,CZ3154,18:00:00,21:35:00,2019-01-24 15:47:54,3.6,910,45
3118,MF1056,CZ3154,18:00:00,21:35:00,2019-01-25 15:30:08,3.6,910,44
3226,MF1056,CZ3154,18:00:00,21:35:00,2019-01-26 14:50:10,3.6,910,43
3300,MF1056,CZ3154,18:00:00,21:35:00,2019-01-27 15:35:41,3.6,910,42
3370,MF1056,CZ3154,18:00:00,21:35:00,2019-01-28 17:26:48,3.6,910,41
3441,MF1056,CZ3154,18:00:00,21:35:00,2019-01-29 14:51:20,3.6,910,40
3516,MF1056,CZ3154,18:00:00,21:35:00,2019-01-30 14:50:50,3.6,910,39
3584,MF1056,CZ3154,18:00:00,21:35:00,2019-01-31 15:57:30,3.6,910,38
3657,MF1056,CZ3154,18:00:00,21:35:00,2019-02-01 16:28:35,3.6,910,37
3728,MF1056,CZ3154,18:00:00,21:35:00,2019-02-02 16:45:10,3.4,850,36
3800,MF1056,CZ3154,18:00:00,21:35:00,2019-02-03 17:31:35,3.4,850,35
3876,MF1056,CZ3154,18:00:00,21:35:00,2019-02-04 16:31:33,3.4,850,34
3944,MF1056,CZ3154,18:00:00,21:35:00,2019-02-05 16:15:26,3.4,850,33
4017,MF1056,CZ3154,18:00:00,21:35:00,2019-02-06 14:40:04,3.4,850,32
4088,MF1056,CZ3154,18:00:00,21:35:00,2019-02-07 16:27:27,3.4,850,31
4136,MF1056,CZ3154,18:00:00,21:35:00,2019-02-08 14:48:24,3.4,850,30
4234,MF1056,CZ3154,18:00:00,21:35:00,2019-02-09 15:06:02,3.4,850,29
4305,MF1056,CZ3154,18:00:00,21:35:00,2019-02-10 16:59:32,3.4,850,28
4376,MF1056,CZ3154,18:00:00,21:35:00,2019-02-11 17:06:46,3.4,850,27
4450,MF1056,CZ3154,18:00:00,21:35:00,2019-02-12 16:02:47,3.4,850,26
4520,MF1056,CZ3154,18:00:00,21:35:00,2019-02-13 14:27:31,2.6,660,25
4581,MF1056,CZ3154,18:00:00,21:35:00,2019-02-14 16:31:20,2.6,660,24
4613,MF1056,CZ3154,18:00:00,21:35:00,2019-02-15 16:05:14,2.6,660,23
4736,MF1056,CZ3154,18:00:00,21:35:00,2019-02-16 16:32:18,2.5,630,22
4809,MF1056,CZ3154,18:00:00,21:35:00,2019-02-17 17:23:37,2.5,630,21
4880,MF1056,CZ3154,18:00:00,21:35:00,2019-02-18 16:20:15,2.5,630,20
4952,MF1056,CZ3154,18:00:00,21:35:00,2019-02-19 14:34:41,2.5,630,19
5027,MF1056,CZ3154,18:00:00,21:35:00,2019-02-20 14:46:00,2.5,630,18
5097,MF1056,CZ3154,18:00:00,21:35:00,2019-02-21 15:13:12,2.5,630,17
5168,MF1056,CZ3154,18:00:00,21:35:00,2019-02-22 16:51:18,2.5,630,16
5242,MF1056,CZ3154,18:00:00,21:35:00,2019-02-23 16:53:46,2.5,630,15
5312,MF1056,CZ3154,18:00:00,21:35:00,2019-02-24 16:28:06,2.5,630,14
5384,MF1056,CZ3154,18:00:00,21:35:00,2019-02-25 17:36:59,2.5,630,13
5459,MF1056,CZ3154,18:00:00,21:35:00,2019-02-26 16:15:30,2.5,630,12
5528,MF1056,CZ3154,18:00:00,21:35:00,2019-02-27 16:41:41,2.2,550,11
5600,MF1056,CZ3154,18:00:00,21:35:00,2019-02-28 16:02:36,2.2,550,10
5674,MF1056,CZ3154,18:00:00,21:35:00,2019-03-01 15:17:13,2.2,550,9
5740,MF1056,CZ3154,18:00:00,21:35:00,2019-03-02 14:30:52,6.4,1600,8
5808,MF1056,CZ3154,18:00:00,21:35:00,2019-03-03 14:18:49,6.4,1600,7
5875,MF1056,CZ3154,18:00:00,21:35:00,2019-03-04 15:51:01,6.4,1600,6
5909,MF1056,CZ3154,18:00:00,21:35:00,2019-03-05 14:26:52,8.4,2100,5
6005,MF1056,CZ3154,18:00:00,21:35:00,2019-03-06 15:35:18,8.4,2100,4
6039,MF1056,CZ3154,18:00:00,21:35:00,2019-03-07 16:39:49,8.4,2100,3
6102,MF1056,CZ3154,18:00:00,21:35:00,2019-03-08 15:33:10,8.2,2060,2
6185,MF1056,CZ3154,18:00:00,21:35:00,2019-03-09 14:24:22,9.8,2450,1
6235,MF1056,CZ3154,18:00:00,21:35:00,2019-03-10 16:23:31,9.8,2450,0
6272,MF1056,CZ3154,18:00:00,21:35:00,2019-03-11 15:50:34,8.2,2060,0
3080,MF1058,CZ3156,09:00:00,12:25:00,2019-01-24 15:47:54,3.4,850,45
3123,MF1058,CZ3156,09:00:00,12:25:00,2019-01-25 15:30:08,3.4,850,44
3221,MF1058,CZ3156,09:00:00,12:25:00,2019-01-26 14:50:10,3.4,850,43
3295,MF1058,CZ3156,09:00:00,12:25:00,2019-01-27 15:35:41,3.4,850,42
3365,MF1058,CZ3156,09:00:00,12:25:00,2019-01-28 17:26:48,3.4,850,41
3436,MF1058,CZ3156,09:00:00,12:25:00,2019-01-29 14:51:20,3.4,850,40
3511,MF1058,CZ3156,09:00:00,12:25:00,2019-01-30 14:50:50,3.4,850,39
3579,MF1058,CZ3156,09:00:00,12:25:00,2019-01-31 15:57:30,3.4,850,38
3652,MF1058,CZ3156,09:00:00,12:25:00,2019-02-01 16:28:35,3.4,850,37
3723,MF1058,CZ3156,09:00:00,12:25:00,2019-02-02 16:45:10,3.1,780,36
3795,MF1058,CZ3156,09:00:00,12:25:00,2019-02-03 17:31:35,3.1,780,35
3871,MF1058,CZ3156,09:00:00,12:25:00,2019-02-04 16:31:33,3.1,780,34
3939,MF1058,CZ3156,09:00:00,12:25:00,2019-02-05 16:15:26,3.1,780,33
4012,MF1058,CZ3156,09:00:00,12:25:00,2019-02-06 14:40:04,3.1,780,32
4083,MF1058,CZ3156,09:00:00,12:25:00,2019-02-07 16:27:27,3.1,780,31
4131,MF1058,CZ3156,09:00:00,12:25:00,2019-02-08 14:48:24,3.1,780,30
4229,MF1058,CZ3156,09:00:00,12:25:00,2019-02-09 15:06:02,3.1,780,29
4300,MF1058,CZ3156,09:00:00,12:25:00,2019-02-10 16:59:32,3.1,780,28
4371,MF1058,CZ3156,09:00:00,12:25:00,2019-02-11 17:06:46,3.1,780,27
4445,MF1058,CZ3156,09:00:00,12:25:00,2019-02-12 16:02:47,3.1,780,26
4515,MF1058,CZ3156,09:00:00,12:25:00,2019-02-13 14:27:31,2.6,660,25
4576,MF1058,CZ3156,09:00:00,12:25:00,2019-02-14 16:31:20,2.6,660,24
4635,MF1058,CZ3156,09:00:00,12:25:00,2019-02-15 16:05:14,2.6,660,23
4731,MF1058,CZ3156,09:00:00,12:25:00,2019-02-16 16:32:18,2.6,660,22
4804,MF1058,CZ3156,09:00:00,12:25:00,2019-02-17 17:23:37,2.6,660,21
4875,MF1058,CZ3156,09:00:00,12:25:00,2019-02-18 16:20:15,2.6,660,20
4947,MF1058,CZ3156,09:00:00,12:25:00,2019-02-19 14:34:41,2.6,660,19
5022,MF1058,CZ3156,09:00:00,12:25:00,2019-02-20 14:46:00,2.6,660,18
5092,MF1058,CZ3156,09:00:00,12:25:00,2019-02-21 15:13:12,2.6,660,17
5163,MF1058,CZ3156,09:00:00,12:25:00,2019-02-22 16:51:18,2.6,660,16
5237,MF1058,CZ3156,09:00:00,12:25:00,2019-02-23 16:53:46,2.6,660,15
5307,MF1058,CZ3156,09:00:00,12:25:00,2019-02-24 16:28:06,2.6,660,14
5379,MF1058,CZ3156,09:00:00,12:25:00,2019-02-25 17:36:59,2.6,660,13
5454,MF1058,CZ3156,09:00:00,12:25:00,2019-02-26 16:15:30,2.6,660,12
5523,MF1058,CZ3156,09:00:00,12:25:00,2019-02-27 16:41:41,2.3,580,11
5595,MF1058,CZ3156,09:00:00,12:25:00,2019-02-28 16:02:36,2.3,580,10
5669,MF1058,CZ3156,09:00:00,12:25:00,2019-03-01 15:17:13,2.3,580,9
5735,MF1058,CZ3156,09:00:00,12:25:00,2019-03-02 14:30:52,6.4,1600,8
5803,MF1058,CZ3156,09:00:00,12:25:00,2019-03-03 14:18:49,6.4,1600,7
5870,MF1058,CZ3156,09:00:00,12:25:00,2019-03-04 15:51:01,6.4,1600,6
5914,MF1058,CZ3156,09:00:00,12:25:00,2019-03-05 14:26:52,8.4,2100,5
6000,MF1058,CZ3156,09:00:00,12:25:00,2019-03-06 15:35:18,8.4,2100,4
6034,MF1058,CZ3156,09:00:00,12:25:00,2019-03-07 16:39:49,8.4,2100,3
6098,MF1058,CZ3156,09:00:00,12:25:00,2019-03-08 15:33:10,8.2,2060,2
6180,MF1058,CZ3156,09:00:00,12:25:00,2019-03-09 14:24:22,9.8,2450,1
6255,MF1058,CZ3156,09:00:00,12:25:00,2019-03-10 16:23:31,9.8,2450,0
3041,MF1060,CZ3158,21:00:00,00:40:00,2019-01-24 15:47:54,2.9,730,45
3157,MF1060,CZ3158,21:00:00,00:40:00,2019-01-25 15:30:08,2.9,730,44
3187,MF1060,CZ3158,21:00:00,00:40:00,2019-01-26 14:50:10,2.9,730,43
3259,MF1060,CZ3158,21:00:00,00:40:00,2019-01-27 15:35:41,2.9,730,42
3331,MF1060,CZ3158,21:00:00,00:40:00,2019-01-28 17:26:48,2.9,730,41
3402,MF1060,CZ3158,21:00:00,00:40:00,2019-01-29 14:51:20,2.9,730,40
3474,MF1060,CZ3158,21:00:00,00:40:00,2019-01-30 14:50:50,2.9,730,39
3544,MF1060,CZ3158,21:00:00,00:40:00,2019-01-31 15:57:30,2.9,730,38
3617,MF1060,CZ3158,21:00:00,00:40:00,2019-02-01 16:28:35,2.9,730,37
3689,MF1060,CZ3158,21:00:00,00:40:00,2019-02-02 16:45:10,2.8,700,36
3761,MF1060,CZ3158,21:00:00,00:40:00,2019-02-03 17:31:35,2.8,700,35
3834,MF1060,CZ3158,21:00:00,00:40:00,2019-02-04 16:31:33,2.8,700,34
3905,MF1060,CZ3158,21:00:00,00:40:00,2019-02-05 16:15:26,2.8,707,33
3977,MF1060,CZ3158,21:00:00,00:40:00,2019-02-06 14:40:04,2.8,700,32
4049,MF1060,CZ3158,21:00:00,00:40:00,2019-02-07 16:27:27,2.8,700,31
4177,MF1060,CZ3158,21:00:00,00:40:00,2019-02-08 14:48:24,2.8,701,30
4193,MF1060,CZ3158,21:00:00,00:40:00,2019-02-09 15:06:02,2.8,700,29
4265,MF1060,CZ3158,21:00:00,00:40:00,2019-02-10 16:59:32,2.8,700,28
4337,MF1060,CZ3158,21:00:00,00:40:00,2019-02-11 17:06:46,2.8,700,27
4409,MF1060,CZ3158,21:00:00,00:40:00,2019-02-12 16:02:47,2.8,700,26
4481,MF1060,CZ3158,21:00:00,00:40:00,2019-02-13 14:27:31,2.4,607,25
4541,MF1060,CZ3158,21:00:00,00:40:00,2019-02-14 16:31:20,2.4,600,24
4663,MF1060,CZ3158,21:00:00,00:40:00,2019-02-15 16:05:14,2.4,600,23
4697,MF1060,CZ3158,21:00:00,00:40:00,2019-02-16 16:32:18,2.2,560,22
4769,MF1060,CZ3158,21:00:00,00:40:00,2019-02-17 17:23:37,2.2,553,21
4841,MF1060,CZ3158,21:00:00,00:40:00,2019-02-18 16:20:15,2.2,559,20
4913,MF1060,CZ3158,21:00:00,00:40:00,2019-02-19 14:34:41,2.2,550,19
4985,MF1060,CZ3158,21:00:00,00:40:00,2019-02-20 14:46:00,2.2,550,18
5057,MF1060,CZ3158,21:00:00,00:40:00,2019-02-21 15:13:12,2.2,550,17
5129,MF1060,CZ3158,21:00:00,00:40:00,2019-02-22 16:51:18,2.2,550,16
5201,MF1060,CZ3158,21:00:00,00:40:00,2019-02-23 16:53:46,2.2,550,15
5273,MF1060,CZ3158,21:00:00,00:40:00,2019-02-24 16:28:06,2.2,550,14
5345,MF1060,CZ3158,21:00:00,00:40:00,2019-02-25 17:36:59,2.2,550,13
5417,MF1060,CZ3158,21:00:00,00:40:00,2019-02-26 16:15:30,2.2,550,12
5489,MF1060,CZ3158,21:00:00,00:40:00,2019-02-27 16:41:41,2.1,534,11
5561,MF1060,CZ3158,21:00:00,00:40:00,2019-02-28 16:02:36,2.2,543,10
5633,MF1060,CZ3158,21:00:00,00:40:00,2019-03-01 15:17:13,2.1,533,9
5704,MF1060,CZ3158,21:00:00,00:40:00,2019-03-02 14:30:52,6.4,1600,8
5772,MF1060,CZ3158,21:00:00,00:40:00,2019-03-03 14:18:49,6.4,1600,7
5839,MF1060,CZ3158,21:00:00,00:40:00,2019-03-04 15:51:01,6.4,1600,6
5944,MF1060,CZ3158,21:00:00,00:40:00,2019-03-05 14:26:52,8.4,2100,5
5970,MF1060,CZ3158,21:00:00,00:40:00,2019-03-06 15:35:18,8.4,2100,4
6072,MF1060,CZ3158,21:00:00,00:40:00,2019-03-07 16:39:49,8.4,2100,3
6135,MF1060,CZ3158,21:00:00,00:40:00,2019-03-08 15:33:10,8.2,2060,2
6163,MF1060,CZ3158,21:00:00,00:40:00,2019-03-09 14:24:22,9.8,2450,1
6226,MF1060,CZ3158,21:00:00,00:40:00,2019-03-10 16:23:31,9.8,2450,0
6276,MF1060,CZ3158,21:00:00,00:40:00,2019-03-11 15:50:34,8.2,2060,0
3033,MF1062,CZ3160,15:00:00,18:35:00,2019-01-24 15:47:54,3.6,910,45
3165,MF1062,CZ3160,15:00:00,18:35:00,2019-01-25 15:30:08,3.6,910,44
3179,MF1062,CZ3160,15:00:00,18:35:00,2019-01-26 14:50:10,3.6,910,43
3251,MF1062,CZ3160,15:00:00,18:35:00,2019-01-27 15:35:41,3.6,910,42
3323,MF1062,CZ3160,15:00:00,18:35:00,2019-01-28 17:26:48,3.6,910,41
3394,MF1062,CZ3160,15:00:00,18:35:00,2019-01-29 14:51:20,3.6,910,40
3466,MF1062,CZ3160,15:00:00,18:35:00,2019-01-30 14:50:50,3.6,910,39
3536,MF1062,CZ3160,15:00:00,18:35:00,2019-01-31 15:57:30,3.6,910,38
3609,MF1062,CZ3160,15:00:00,18:35:00,2019-02-01 16:28:35,3.6,910,37
3681,MF1062,CZ3160,15:00:00,18:35:00,2019-02-02 16:45:10,3.4,850,36
3753,MF1062,CZ3160,15:00:00,18:35:00,2019-02-03 17:31:35,3.4,850,35
3826,MF1062,CZ3160,15:00:00,18:35:00,2019-02-04 16:31:33,3.4,850,34
3897,MF1062,CZ3160,15:00:00,18:35:00,2019-02-05 16:15:26,3.4,850,33
3969,MF1062,CZ3160,15:00:00,18:35:00,2019-02-06 14:40:04,3.4,850,32
4041,MF1062,CZ3160,15:00:00,18:35:00,2019-02-07 16:27:27,3.4,850,31
4169,MF1062,CZ3160,15:00:00,18:35:00,2019-02-08 14:48:24,3.4,850,30
4185,MF1062,CZ3160,15:00:00,18:35:00,2019-02-09 15:06:02,3.4,850,29
4257,MF1062,CZ3160,15:00:00,18:35:00,2019-02-10 16:59:32,3.4,850,28
4329,MF1062,CZ3160,15:00:00,18:35:00,2019-02-11 17:06:46,3.4,850,27
4401,MF1062,CZ3160,15:00:00,18:35:00,2019-02-12 16:02:47,3.4,850,26
4473,MF1062,CZ3160,15:00:00,18:35:00,2019-02-13 14:27:31,2.8,700,25
4605,MF1062,CZ3160,15:00:00,18:35:00,2019-02-14 16:31:20,2.8,700,24
4655,MF1062,CZ3160,15:00:00,18:35:00,2019-02-15 16:05:14,2.8,700,23
4689,MF1062,CZ3160,15:00:00,18:35:00,2019-02-16 16:32:18,2.8,700,22
4761,MF1062,CZ3160,15:00:00,18:35:00,2019-02-17 17:23:37,2.8,700,21
4834,MF1062,CZ3160,15:00:00,18:35:00,2019-02-18 16:20:15,2.8,700,20
4906,MF1062,CZ3160,15:00:00,18:35:00,2019-02-19 14:34:41,2.8,700,19
4977,MF1062,CZ3160,15:00:00,18:35:00,2019-02-20 14:46:00,2.8,700,18
5049,MF1062,CZ3160,15:00:00,18:35:00,2019-02-21 15:13:12,2.8,700,17
5121,MF1062,CZ3160,15:00:00,18:35:00,2019-02-22 16:51:18,2.8,700,16
5193,MF1062,CZ3160,15:00:00,18:35:00,2019-02-23 16:53:46,2.8,700,15
5265,MF1062,CZ3160,15:00:00,18:35:00,2019-02-24 16:28:06,2.8,700,14
5337,MF1062,CZ3160,15:00:00,18:35:00,2019-02-25 17:36:59,2.8,700,13
5409,MF1062,CZ3160,15:00:00,18:35:00,2019-02-26 16:15:30,2.8,700,12
5481,MF1062,CZ3160,15:00:00,18:35:00,2019-02-27 16:41:41,2.5,630,11
5554,MF1062,CZ3160,15:00:00,18:35:00,2019-02-28 16:02:36,2.5,630,10
5625,MF1062,CZ3160,15:00:00,18:35:00,2019-03-01 15:17:13,2.5,630,9
5698,MF1062,CZ3160,15:00:00,18:35:00,2019-03-02 14:30:52,6.4,1600,8
5765,MF1062,CZ3160,15:00:00,18:35:00,2019-03-03 14:18:49,6.4,1600,7
5832,MF1062,CZ3160,15:00:00,18:35:00,2019-03-04 15:51:01,6.4,1600,6
5952,MF1062,CZ3160,15:00:00,18:35:00,2019-03-05 14:26:52,8.4,2100,5
5963,MF1062,CZ3160,15:00:00,18:35:00,2019-03-06 15:35:18,8.4,2100,4
6078,MF1062,CZ3160,15:00:00,18:35:00,2019-03-07 16:39:49,8.4,2100,3
6141,MF1062,CZ3160,15:00:00,18:35:00,2019-03-08 15:33:10,8.2,2060,2
6169,MF1062,CZ3160,15:00:00,18:35:00,2019-03-09 14:24:22,9.8,2450,1
6229,MF1062,CZ3160,15:00:00,18:35:00,2019-03-10 16:23:31,9.8,2450,0
3093,MF1074,CZ3172,06:55:00,10:20:00,2019-01-24 15:47:54,2.9,730,45
3103,MF1074,CZ3172,06:55:00,10:20:00,2019-01-25 15:30:08,2.9,730,44
3241,MF1074,CZ3172,06:55:00,10:20:00,2019-01-26 14:50:10,2.9,730,43
3315,MF1074,CZ3172,06:55:00,10:20:00,2019-01-27 15:35:41,2.9,730,42
3384,MF1074,CZ3172,06:55:00,10:20:00,2019-01-28 17:26:48,2.9,730,41
3456,MF1074,CZ3172,06:55:00,10:20:00,2019-01-29 14:51:20,2.9,730,40
3459,MF1074,CZ3172,06:55:00,10:20:00,2019-01-30 14:50:50,2.9,730,39
3599,MF1074,CZ3172,06:55:00,10:20:00,2019-01-31 15:57:30,2.9,730,38
3672,MF1074,CZ3172,06:55:00,10:20:00,2019-02-01 16:28:35,2.9,730,37
3743,MF1074,CZ3172,06:55:00,10:20:00,2019-02-02 16:45:10,2.8,700,36
3815,MF1074,CZ3172,06:55:00,10:20:00,2019-02-03 17:31:35,2.8,704,35
3854,MF1074,CZ3172,06:55:00,10:20:00,2019-02-04 16:31:33,2.8,700,34
3959,MF1074,CZ3172,06:55:00,10:20:00,2019-02-05 16:15:26,2.8,707,33
4032,MF1074,CZ3172,06:55:00,10:20:00,2019-02-06 14:40:04,2.8,700,32
4103,MF1074,CZ3172,06:55:00,10:20:00,2019-02-07 16:27:27,2.8,700,31
4152,MF1074,CZ3172,06:55:00,10:20:00,2019-02-08 14:48:24,2.8,700,30
4178,MF1074,CZ3172,06:55:00,10:20:00,2019-02-09 15:06:02,2.8,700,29
4320,MF1074,CZ3172,06:55:00,10:20:00,2019-02-10 16:59:32,2.8,700,28
4391,MF1074,CZ3172,06:55:00,10:20:00,2019-02-11 17:06:46,2.8,700,27
4465,MF1074,CZ3172,06:55:00,10:20:00,2019-02-12 16:02:47,2.8,700,26
4535,MF1074,CZ3172,06:55:00,10:20:00,2019-02-13 14:27:31,2.5,613,25
4596,MF1074,CZ3172,06:55:00,10:20:00,2019-02-14 16:31:20,2.4,600,24
4648,MF1074,CZ3172,06:55:00,10:20:00,2019-02-15 16:05:14,2.4,600,23
4751,MF1074,CZ3172,06:55:00,10:20:00,2019-02-16 16:32:18,2.2,554,22
4824,MF1074,CZ3172,06:55:00,10:20:00,2019-02-17 17:23:37,2.2,551,21
4895,MF1074,CZ3172,06:55:00,10:20:00,2019-02-18 16:20:15,2.2,557,20
4967,MF1074,CZ3172,06:55:00,10:20:00,2019-02-19 14:34:41,2.2,550,19
4970,MF1074,CZ3172,06:55:00,10:20:00,2019-02-20 14:46:00,2.2,550,18
5112,MF1074,CZ3172,06:55:00,10:20:00,2019-02-21 15:13:12,2.2,550,17
5183,MF1074,CZ3172,06:55:00,10:20:00,2019-02-22 16:51:18,2.2,550,16
5257,MF1074,CZ3172,06:55:00,10:20:00,2019-02-23 16:53:46,2.2,550,15
5327,MF1074,CZ3172,06:55:00,10:20:00,2019-02-24 16:28:06,2.2,550,14
5399,MF1074,CZ3172,06:55:00,10:20:00,2019-02-25 17:36:59,2.2,550,13
5402,MF1074,CZ3172,06:55:00,10:20:00,2019-02-26 16:15:30,2.1,531,12
5543,MF1074,CZ3172,06:55:00,10:20:00,2019-02-27 16:41:41,2.2,543,11
5615,MF1074,CZ3172,06:55:00,10:20:00,2019-02-28 16:02:36,2.2,541,10
5689,MF1074,CZ3172,06:55:00,10:20:00,2019-03-01 15:17:13,2.1,531,9
5754,MF1074,CZ3172,06:55:00,10:20:00,2019-03-02 14:30:52,6.4,1600,8
5822,MF1074,CZ3172,06:55:00,10:20:00,2019-03-03 14:18:49,6.4,1600,7
5888,MF1074,CZ3172,06:55:00,10:20:00,2019-03-04 15:51:01,6.4,1600,6
5894,MF1074,CZ3172,06:55:00,10:20:00,2019-03-05 14:26:52,8.4,2100,5
6019,MF1074,CZ3172,06:55:00,10:20:00,2019-03-06 15:35:18,8.4,2100,4
6053,MF1074,CZ3172,06:55:00,10:20:00,2019-03-07 16:39:49,8.4,2100,3
6116,MF1074,CZ3172,06:55:00,10:20:00,2019-03-08 15:33:10,8.2,2060,2
6198,MF1074,CZ3172,06:55:00,10:20:00,2019-03-09 14:24:22,9.8,2450,1
6248,MF1074,CZ3172,06:55:00,10:20:00,2019-03-10 16:23:31,9.8,2450,0
3028,MF1090,CZ3190,20:00:00,23:20:00,2019-01-24 15:47:54,3.4,850,45
3170,MF1090,CZ3190,20:00:00,23:20:00,2019-01-25 15:30:08,3.4,850,44
3174,MF1090,CZ3190,20:00:00,23:20:00,2019-01-26 14:50:10,3.4,850,43
3246,MF1090,CZ3190,20:00:00,23:20:00,2019-01-27 15:35:41,3.4,850,42
3318,MF1090,CZ3190,20:00:00,23:20:00,2019-01-28 17:26:48,3.4,850,41
3389,MF1090,CZ3190,20:00:00,23:20:00,2019-01-29 14:51:20,3.4,850,40
3461,MF1090,CZ3190,20:00:00,23:20:00,2019-01-30 14:50:50,3.4,850,39
3531,MF1090,CZ3190,20:00:00,23:20:00,2019-01-31 15:57:30,3.4,850,38
3604,MF1090,CZ3190,20:00:00,23:20:00,2019-02-01 16:28:35,3.4,850,37
3676,MF1090,CZ3190,20:00:00,23:20:00,2019-02-02 16:45:10,3.1,780,36
3748,MF1090,CZ3190,20:00:00,23:20:00,2019-02-03 17:31:35,3.1,780,35
3821,MF1090,CZ3190,20:00:00,23:20:00,2019-02-04 16:31:33,3.1,780,34
3892,MF1090,CZ3190,20:00:00,23:20:00,2019-02-05 16:15:26,3.1,780,33
3964,MF1090,CZ3190,20:00:00,23:20:00,2019-02-06 14:40:04,3.1,780,32
4036,MF1090,CZ3190,20:00:00,23:20:00,2019-02-07 16:27:27,3.1,780,31
4164,MF1090,CZ3190,20:00:00,23:20:00,2019-02-08 14:48:24,3.1,780,30
4180,MF1090,CZ3190,20:00:00,23:20:00,2019-02-09 15:06:02,3.1,780,29
4252,MF1090,CZ3190,20:00:00,23:20:00,2019-02-10 16:59:32,3.1,780,28
4324,MF1090,CZ3190,20:00:00,23:20:00,2019-02-11 17:06:46,3.1,780,27
4396,MF1090,CZ3190,20:00:00,23:20:00,2019-02-12 16:02:47,3.1,780,26
4468,MF1090,CZ3190,20:00:00,23:20:00,2019-02-13 14:27:31,2.5,630,25
4600,MF1090,CZ3190,20:00:00,23:20:00,2019-02-14 16:31:20,2.5,630,24
4650,MF1090,CZ3190,20:00:00,23:20:00,2019-02-15 16:05:14,2.5,630,23
4684,MF1090,CZ3190,20:00:00,23:20:00,2019-02-16 16:32:18,2.3,580,22
4756,MF1090,CZ3190,20:00:00,23:20:00,2019-02-17 17:23:37,2.3,580,21
4828,MF1090,CZ3190,20:00:00,23:20:00,2019-02-18 16:20:15,2.3,580,20
4900,MF1090,CZ3190,20:00:00,23:20:00,2019-02-19 14:34:41,2.3,580,19
4972,MF1090,CZ3190,20:00:00,23:20:00,2019-02-20 14:46:00,2.3,580,18
5044,MF1090,CZ3190,20:00:00,23:20:00,2019-02-21 15:13:12,2.3,580,17
5116,MF1090,CZ3190,20:00:00,23:20:00,2019-02-22 16:51:18,2.3,580,16
5188,MF1090,CZ3190,20:00:00,23:20:00,2019-02-23 16:53:46,2.3,580,15
5260,MF1090,CZ3190,20:00:00,23:20:00,2019-02-24 16:28:06,2.3,580,14
5332,MF1090,CZ3190,20:00:00,23:20:00,2019-02-25 17:36:59,2.3,580,13
5404,MF1090,CZ3190,20:00:00,23:20:00,2019-02-26 16:15:30,2.3,580,12
5476,MF1090,CZ3190,20:00:00,23:20:00,2019-02-27 16:41:41,2.2,550,11
5548,MF1090,CZ3190,20:00:00,23:20:00,2019-02-28 16:02:36,2.2,550,10
5620,MF1090,CZ3190,20:00:00,23:20:00,2019-03-01 15:17:13,2.2,550,9
5692,MF1090,CZ3190,20:00:00,23:20:00,2019-03-02 14:30:52,6.4,1600,8
5759,MF1090,CZ3190,20:00:00,23:20:00,2019-03-03 14:18:49,6.4,1600,7
5826,MF1090,CZ3190,20:00:00,23:20:00,2019-03-04 15:51:01,6.4,1600,6
3096,MF1092,CZ3192,10:00:00,13:35:00,2019-01-24 15:47:54,4.9,1230,45
3109,MF1092,CZ3192,10:00:00,13:35:00,2019-01-25 15:30:08,4.9,1230,44
3235,MF1092,CZ3192,10:00:00,13:35:00,2019-01-26 14:50:10,4.9,1230,43
3309,MF1092,CZ3192,10:00:00,13:35:00,2019-01-27 15:35:41,4.9,1230,42
3378,MF1092,CZ3192,10:00:00,13:35:00,2019-01-28 17:26:48,4.9,1230,41
3450,MF1092,CZ3192,10:00:00,13:35:00,2019-01-29 14:51:20,4.9,1230,40
3524,MF1092,CZ3192,10:00:00,13:35:00,2019-01-30 14:50:50,4.9,1230,39
3593,MF1092,CZ3192,10:00:00,13:35:00,2019-01-31 15:57:30,4.9,1230,38
3666,MF1092,CZ3192,10:00:00,13:35:00,2019-02-01 16:28:35,4.9,1230,37
3737,MF1092,CZ3192,10:00:00,13:35:00,2019-02-02 16:45:10,4.9,1230,36
3809,MF1092,CZ3192,10:00:00,13:35:00,2019-02-03 17:31:35,4.9,1230,35
3885,MF1092,CZ3192,10:00:00,13:35:00,2019-02-04 16:31:33,4.9,1230,34
3953,MF1092,CZ3192,10:00:00,13:35:00,2019-02-05 16:15:26,4.9,1230,33
4026,MF1092,CZ3192,10:00:00,13:35:00,2019-02-06 14:40:04,4.9,1230,32
4097,MF1092,CZ3192,10:00:00,13:35:00,2019-02-07 16:27:27,4.9,1230,31
4146,MF1092,CZ3192,10:00:00,13:35:00,2019-02-08 14:48:24,4.9,1230,30
4243,MF1092,CZ3192,10:00:00,13:35:00,2019-02-09 15:06:02,4.9,1230,29
4314,MF1092,CZ3192,10:00:00,13:35:00,2019-02-10 16:59:32,4.9,1230,28
4385,MF1092,CZ3192,10:00:00,13:35:00,2019-02-11 17:06:46,4.9,1230,27
4459,MF1092,CZ3192,10:00:00,13:35:00,2019-02-12 16:02:47,4.9,1230,26
4529,MF1092,CZ3192,10:00:00,13:35:00,2019-02-13 14:27:31,4.9,1230,25
4590,MF1092,CZ3192,10:00:00,13:35:00,2019-02-14 16:31:20,4.9,1230,24
4642,MF1092,CZ3192,10:00:00,13:35:00,2019-02-15 16:05:14,4.9,1230,23
4745,MF1092,CZ3192,10:00:00,13:35:00,2019-02-16 16:32:18,4.9,1230,22
4818,MF1092,CZ3192,10:00:00,13:35:00,2019-02-17 17:23:37,4.9,1230,21
4889,MF1092,CZ3192,10:00:00,13:35:00,2019-02-18 16:20:15,4.9,1230,20
4961,MF1092,CZ3192,10:00:00,13:35:00,2019-02-19 14:34:41,4.9,1230,19
5036,MF1092,CZ3192,10:00:00,13:35:00,2019-02-20 14:46:00,4.9,1230,18
5106,MF1092,CZ3192,10:00:00,13:35:00,2019-02-21 15:13:12,4.9,1230,17
5177,MF1092,CZ3192,10:00:00,13:35:00,2019-02-22 16:51:18,4.9,1230,16
5251,MF1092,CZ3192,10:00:00,13:35:00,2019-02-23 16:53:46,4.9,1230,15
5321,MF1092,CZ3192,10:00:00,13:35:00,2019-02-24 16:28:06,4.9,1230,14
5393,MF1092,CZ3192,10:00:00,13:35:00,2019-02-25 17:36:59,4.9,1230,13
5468,MF1092,CZ3192,10:00:00,13:35:00,2019-02-26 16:15:30,2.6,660,12
5537,MF1092,CZ3192,10:00:00,13:35:00,2019-02-27 16:41:41,2.5,630,11
5609,MF1092,CZ3192,10:00:00,13:35:00,2019-02-28 16:02:36,2.5,630,10
5683,MF1092,CZ3192,10:00:00,13:35:00,2019-03-01 15:17:13,2.5,630,9
5748,MF1092,CZ3192,10:00:00,13:35:00,2019-03-02 14:30:52,6.4,1600,8
5816,MF1092,CZ3192,10:00:00,13:35:00,2019-03-03 14:18:49,6.4,1600,7
5882,MF1092,CZ3192,10:00:00,13:35:00,2019-03-04 15:51:01,6.4,1600,6
5901,MF1092,CZ3192,10:00:00,13:35:00,2019-03-05 14:26:52,8.4,2100,5
6013,MF1092,CZ3192,10:00:00,13:35:00,2019-03-06 15:35:18,8.4,2100,4
6047,MF1092,CZ3192,10:00:00,13:35:00,2019-03-07 16:39:49,8.4,2100,3
6110,MF1092,CZ3192,10:00:00,13:35:00,2019-03-08 15:33:10,8.2,2060,2
6192,MF1092,CZ3192,10:00:00,13:35:00,2019-03-09 14:24:22,9.8,2450,1
6242,MF1092,CZ3192,10:00:00,13:35:00,2019-03-10 16:23:31,9.8,2450,0
3075,MF1094,CZ3194,08:00:00,11:30:00,2019-01-24 15:47:54,3.4,850,45
3128,MF1094,CZ3194,08:00:00,11:30:00,2019-01-25 15:30:08,3.4,850,44
3216,MF1094,CZ3194,08:00:00,11:30:00,2019-01-26 14:50:10,3.4,850,43
3290,MF1094,CZ3194,08:00:00,11:30:00,2019-01-27 15:35:41,3.4,850,42
3360,MF1094,CZ3194,08:00:00,11:30:00,2019-01-28 17:26:48,3.4,850,41
3431,MF1094,CZ3194,08:00:00,11:30:00,2019-01-29 14:51:20,3.4,850,40
3506,MF1094,CZ3194,08:00:00,11:30:00,2019-01-30 14:50:50,3.4,850,39
3574,MF1094,CZ3194,08:00:00,11:30:00,2019-01-31 15:57:30,3.4,850,38
3647,MF1094,CZ3194,08:00:00,11:30:00,2019-02-01 16:28:35,3.4,850,37
3718,MF1094,CZ3194,08:00:00,11:30:00,2019-02-02 16:45:10,3.1,780,36
3790,MF1094,CZ3194,08:00:00,11:30:00,2019-02-03 17:31:35,3.1,780,35
3866,MF1094,CZ3194,08:00:00,11:30:00,2019-02-04 16:31:33,3.1,780,34
3934,MF1094,CZ3194,08:00:00,11:30:00,2019-02-05 16:15:26,3.1,780,33
4007,MF1094,CZ3194,08:00:00,11:30:00,2019-02-06 14:40:04,3.1,780,32
4078,MF1094,CZ3194,08:00:00,11:30:00,2019-02-07 16:27:27,3.1,780,31
4126,MF1094,CZ3194,08:00:00,11:30:00,2019-02-08 14:48:24,3.1,780,30
4223,MF1094,CZ3194,08:00:00,11:30:00,2019-02-09 15:06:02,3.1,780,29
4295,MF1094,CZ3194,08:00:00,11:30:00,2019-02-10 16:59:32,3.1,780,28
4366,MF1094,CZ3194,08:00:00,11:30:00,2019-02-11 17:06:46,3.1,780,27
4440,MF1094,CZ3194,08:00:00,11:30:00,2019-02-12 16:02:47,3.1,780,26
4510,MF1094,CZ3194,08:00:00,11:30:00,2019-02-13 14:27:31,2.5,630,25
4571,MF1094,CZ3194,08:00:00,11:30:00,2019-02-14 16:31:20,2.5,630,24
4630,MF1094,CZ3194,08:00:00,11:30:00,2019-02-15 16:05:14,2.5,630,23
4727,MF1094,CZ3194,08:00:00,11:30:00,2019-02-16 16:32:18,2.3,580,22
4799,MF1094,CZ3194,08:00:00,11:30:00,2019-02-17 17:23:37,2.3,580,21
4870,MF1094,CZ3194,08:00:00,11:30:00,2019-02-18 16:20:15,2.3,580,20
4942,MF1094,CZ3194,08:00:00,11:30:00,2019-02-19 14:34:41,2.3,580,19
5017,MF1094,CZ3194,08:00:00,11:30:00,2019-02-20 14:46:00,2.3,580,18
5087,MF1094,CZ3194,08:00:00,11:30:00,2019-02-21 15:13:12,2.3,580,17
5158,MF1094,CZ3194,08:00:00,11:30:00,2019-02-22 16:51:18,2.3,580,16
5232,MF1094,CZ3194,08:00:00,11:30:00,2019-02-23 16:53:46,2.3,580,15
5302,MF1094,CZ3194,08:00:00,11:30:00,2019-02-24 16:28:06,2.3,580,14
5374,MF1094,CZ3194,08:00:00,11:30:00,2019-02-25 17:36:59,2.3,580,13
5449,MF1094,CZ3194,08:00:00,11:30:00,2019-02-26 16:15:30,2.3,580,12
5519,MF1094,CZ3194,08:00:00,11:30:00,2019-02-27 16:41:41,2.2,550,11
5590,MF1094,CZ3194,08:00:00,11:30:00,2019-02-28 16:02:36,2.2,550,10
5664,MF1094,CZ3194,08:00:00,11:30:00,2019-03-01 15:17:13,2.2,550,9
5730,MF1094,CZ3194,08:00:00,11:30:00,2019-03-02 14:30:52,6.4,1600,8
5798,MF1094,CZ3194,08:00:00,11:30:00,2019-03-03 14:18:49,6.4,1600,7
5865,MF1094,CZ3194,08:00:00,11:30:00,2019-03-04 15:51:01,6.4,1600,6
5918,MF1094,CZ3194,08:00:00,11:30:00,2019-03-05 14:26:52,8.4,2100,5
5996,MF1094,CZ3194,08:00:00,11:30:00,2019-03-06 15:35:18,8.4,2100,4
6030,MF1094,CZ3194,08:00:00,11:30:00,2019-03-07 16:39:49,8.4,2100,3
6094,MF1094,CZ3194,08:00:00,11:30:00,2019-03-08 15:33:10,8.2,2060,2
6176,MF1094,CZ3194,08:00:00,11:30:00,2019-03-09 14:24:22,9.8,2450,1
6263,MF1094,CZ3194,08:00:00,11:30:00,2019-03-10 16:23:31,9.8,2450,0
3069,MF1808,CZ3961,17:10:00,20:35:00,2019-01-24 15:47:54,3.6,910,45
3132,MF1808,CZ3961,17:10:00,20:35:00,2019-01-25 15:30:08,3.6,910,44
3211,MF1808,CZ3961,17:10:00,20:35:00,2019-01-26 14:50:10,3.6,910,43
3285,MF1808,CZ3961,17:10:00,20:35:00,2019-01-27 15:35:41,3.6,910,42
3355,MF1808,CZ3961,17:10:00,20:35:00,2019-01-28 17:26:48,3.6,910,41
3426,MF1808,CZ3961,17:10:00,20:35:00,2019-01-29 14:51:20,3.6,910,40
3501,MF1808,CZ3961,17:10:00,20:35:00,2019-01-30 14:50:50,3.6,910,39
3569,MF1808,CZ3961,17:10:00,20:35:00,2019-01-31 15:57:30,3.6,910,38
3642,MF1808,CZ3961,17:10:00,20:35:00,2019-02-01 16:28:35,3.6,910,37
3713,MF1808,CZ3961,17:10:00,20:35:00,2019-02-02 16:45:10,3.4,850,36
3785,MF1808,CZ3961,17:10:00,20:35:00,2019-02-03 17:31:35,3.4,850,35
3861,MF1808,CZ3961,17:10:00,20:35:00,2019-02-04 16:31:33,3.4,850,34
3929,MF1808,CZ3961,17:10:00,20:35:00,2019-02-05 16:15:26,3.4,850,33
4002,MF1808,CZ3961,17:10:00,20:35:00,2019-02-06 14:40:04,3.4,850,32
4073,MF1808,CZ3961,17:10:00,20:35:00,2019-02-07 16:27:27,3.4,850,31
4121,MF1808,CZ3961,17:10:00,20:35:00,2019-02-08 14:48:24,3.4,850,30
4218,MF1808,CZ3961,17:10:00,20:35:00,2019-02-09 15:06:02,3.4,850,29
4290,MF1808,CZ3961,17:10:00,20:35:00,2019-02-10 16:59:32,3.4,850,28
4361,MF1808,CZ3961,17:10:00,20:35:00,2019-02-11 17:06:46,3.4,850,27
4435,MF1808,CZ3961,17:10:00,20:35:00,2019-02-12 16:02:47,3.4,850,26
4505,MF1808,CZ3961,17:10:00,20:35:00,2019-02-13 14:27:31,2.8,700,25
4566,MF1808,CZ3961,17:10:00,20:35:00,2019-02-14 16:31:20,2.8,700,24
4625,MF1808,CZ3961,17:10:00,20:35:00,2019-02-15 16:05:14,2.8,700,23
4722,MF1808,CZ3961,17:10:00,20:35:00,2019-02-16 16:32:18,2.5,630,22
4794,MF1808,CZ3961,17:10:00,20:35:00,2019-02-17 17:23:37,2.5,630,21
4865,MF1808,CZ3961,17:10:00,20:35:00,2019-02-18 16:20:15,2.5,630,20
4937,MF1808,CZ3961,17:10:00,20:35:00,2019-02-19 14:34:41,2.5,630,19
5012,MF1808,CZ3961,17:10:00,20:35:00,2019-02-20 14:46:00,2.5,630,18
5082,MF1808,CZ3961,17:10:00,20:35:00,2019-02-21 15:13:12,2.5,630,17
5153,MF1808,CZ3961,17:10:00,20:35:00,2019-02-22 16:51:18,2.5,630,16
5227,MF1808,CZ3961,17:10:00,20:35:00,2019-02-23 16:53:46,2.5,630,15
5297,MF1808,CZ3961,17:10:00,20:35:00,2019-02-24 16:28:06,2.5,630,14
5369,MF1808,CZ3961,17:10:00,20:35:00,2019-02-25 17:36:59,2.5,630,13
5444,MF1808,CZ3961,17:10:00,20:35:00,2019-02-26 16:15:30,2.5,630,12
5514,MF1808,CZ3961,17:10:00,20:35:00,2019-02-27 16:41:41,2.3,580,11
5585,MF1808,CZ3961,17:10:00,20:35:00,2019-02-28 16:02:36,2.3,580,10
5659,MF1808,CZ3961,17:10:00,20:35:00,2019-03-01 15:17:13,2.3,580,9
5726,MF1808,CZ3961,17:10:00,20:35:00,2019-03-02 14:30:52,6.4,1600,8
5794,MF1808,CZ3961,17:10:00,20:35:00,2019-03-03 14:18:49,6.4,1600,7
5861,MF1808,CZ3961,17:10:00,20:35:00,2019-03-04 15:51:01,6.4,1600,6
5922,MF1808,CZ3961,17:10:00,20:35:00,2019-03-05 14:26:52,8.4,2100,5
5992,MF1808,CZ3961,17:10:00,20:35:00,2019-03-06 15:35:18,8.4,2100,4
6026,MF1808,CZ3961,17:10:00,20:35:00,2019-03-07 16:39:49,8.4,2100,3
6090,MF1808,CZ3961,17:10:00,20:35:00,2019-03-08 15:33:10,8.2,2060,2
6204,MF1808,CZ3961,17:10:00,20:35:00,2019-03-09 14:24:22,9.8,2450,1
6267,MF1808,CZ3961,17:10:00,20:35:00,2019-03-10 16:23:31,9.8,2450,0
6270,MF1808,CZ3961,17:10:00,20:35:00,2019-03-11 15:50:34,8.2,2060,0
3059,MF8142,,15:15:00,18:45:00,2019-01-24 15:47:54,7.3,1672,45
3140,MF8142,,15:15:00,18:45:00,2019-01-25 15:30:08,7.3,1672,44
3204,MF8142,,15:15:00,18:45:00,2019-01-26 14:50:10,7.3,1672,43
3276,MF8142,,15:15:00,18:45:00,2019-01-27 15:35:41,7.3,1672,42
3348,MF8142,,15:15:00,18:45:00,2019-01-28 17:26:48,7.3,1668,41
3419,MF8142,,15:15:00,18:45:00,2019-01-29 14:51:20,7.3,1671,40
3491,MF8142,,15:15:00,18:45:00,2019-01-30 14:50:50,7.3,1671,39
3561,MF8142,,15:15:00,18:45:00,2019-01-31 15:57:30,7.3,1671,38
3634,MF8142,,15:15:00,18:45:00,2019-02-01 16:28:35,7.3,1669,37
3706,MF8142,,15:15:00,18:45:00,2019-02-02 16:45:10,7.3,1669,36
3778,MF8142,,15:15:00,18:45:00,2019-02-03 17:31:35,7.3,1670,35
3851,MF8142,,15:15:00,18:45:00,2019-02-04 16:31:33,7.3,1670,34
3922,MF8142,,15:15:00,18:45:00,2019-02-05 16:15:26,7.3,1670,33
3994,MF8142,,15:15:00,18:45:00,2019-02-06 14:40:04,7.3,1670,32
4066,MF8142,,15:15:00,18:45:00,2019-02-07 16:27:27,7.3,1670,31
4113,MF8142,,15:15:00,18:45:00,2019-02-08 14:48:24,7.3,1669,30
4210,MF8142,,15:15:00,18:45:00,2019-02-09 15:06:02,7.3,1669,29
4282,MF8142,,15:15:00,18:45:00,2019-02-10 16:59:32,7.3,1669,28
4354,MF8142,,15:15:00,18:45:00,2019-02-11 17:06:46,7.3,1670,27
4426,MF8142,,15:15:00,18:45:00,2019-02-12 16:02:47,7.3,1670,26
4498,MF8142,,15:15:00,18:45:00,2019-02-13 14:27:31,7.3,1670,25
4558,MF8142,,15:15:00,18:45:00,2019-02-14 16:31:20,7.3,1670,24
4680,MF8142,,15:15:00,18:45:00,2019-02-15 16:05:14,7.3,1669,23
4714,MF8142,,15:15:00,18:45:00,2019-02-16 16:32:18,7.3,1669,22
4786,MF8142,,15:15:00,18:45:00,2019-02-17 17:23:37,7.3,1669,21
4858,MF8142,,15:15:00,18:45:00,2019-02-18 16:20:15,7.3,1670,20
4930,MF8142,,15:15:00,18:45:00,2019-02-19 14:34:41,7.3,1670,19
5002,MF8142,,15:15:00,18:45:00,2019-02-20 14:46:00,7.3,1670,18
5074,MF8142,,15:15:00,18:45:00,2019-02-21 15:13:12,7.3,1667,17
5146,MF8142,,15:15:00,18:45:00,2019-02-22 16:51:18,7.3,1669,16
5218,MF8142,,15:15:00,18:45:00,2019-02-23 16:53:46,7.3,1669,15
5290,MF8142,,15:15:00,18:45:00,2019-02-24 16:28:06,7.3,1668,14
5362,MF8142,,15:15:00,18:45:00,2019-02-25 17:36:59,7.3,1665,13
5434,MF8142,,15:15:00,18:45:00,2019-02-26 16:15:30,7.3,1665,12
5506,MF8142,,15:15:00,18:45:00,2019-02-27 16:41:41,7.2,1649,11
5578,MF8142,,15:15:00,18:45:00,2019-02-28 16:02:36,7.3,1668,10
5650,MF8142,,15:15:00,18:45:00,2019-03-01 15:17:13,7.3,1656,9
5719,MF8142,,15:15:00,18:45:00,2019-03-02 14:30:52,5.3,1207,8
5787,MF8142,,15:15:00,18:45:00,2019-03-03 14:18:49,5.3,1207,7
5854,MF8142,,15:15:00,18:45:00,2019-03-04 15:51:01,5.3,1207,6
5929,MF8142,,15:15:00,18:45:00,2019-03-05 14:26:52,5.3,1206,5
5985,MF8142,,15:15:00,18:45:00,2019-03-06 15:35:18,7.7,1761,4
6057,MF8142,,15:15:00,18:45:00,2019-03-07 16:39:49,7.2,1652,3
6121,MF8142,,15:15:00,18:45:00,2019-03-08 15:33:10,7.2,1652,2
6150,MF8142,,15:15:00,18:45:00,2019-03-09 14:24:22,8.2,1874,1
6214,MF8142,,15:15:00,18:45:00,2019-03-10 16:23:31,8.2,1875,0
3026,MU5391,,09:05:00,12:25:00,2019-01-24 15:47:54,3.4,780,45
3106,MU5391,,09:05:00,12:25:00,2019-01-25 15:30:08,3.4,770,44
3238,MU5391,,09:05:00,12:25:00,2019-01-26 14:50:10,3.4,770,43
3312,MU5391,,09:05:00,12:25:00,2019-01-27 15:35:41,3.4,770,42
3381,MU5391,,09:05:00,12:25:00,2019-01-28 17:26:48,3.4,770,41
3453,MU5391,,09:05:00,12:25:00,2019-01-29 14:51:20,3.4,780,40
3527,MU5391,,09:05:00,12:25:00,2019-01-30 14:50:50,3.4,780,39
3596,MU5391,,09:05:00,12:25:00,2019-01-31 15:57:30,3.4,770,38
3669,MU5391,,09:05:00,12:25:00,2019-02-01 16:28:35,3.4,780,37
3740,MU5391,,09:05:00,12:25:00,2019-02-02 16:45:10,3.5,790,36
3812,MU5391,,09:05:00,12:25:00,2019-02-03 17:31:35,3.5,790,35
3888,MU5391,,09:05:00,12:25:00,2019-02-04 16:31:33,3.5,790,34
3956,MU5391,,09:05:00,12:25:00,2019-02-05 16:15:26,3.5,800,33
4029,MU5391,,09:05:00,12:25:00,2019-02-06 14:40:04,3.1,700,32
4100,MU5391,,09:05:00,12:25:00,2019-02-07 16:27:27,3.1,710,31
4149,MU5391,,09:05:00,12:25:00,2019-02-08 14:48:24,3.1,710,30
4246,MU5391,,09:05:00,12:25:00,2019-02-09 15:06:02,3.1,700,29
4317,MU5391,,09:05:00,12:25:00,2019-02-10 16:59:32,3.1,700,28
4388,MU5391,,09:05:00,12:25:00,2019-02-11 17:06:46,3.4,780,27
4462,MU5391,,09:05:00,12:25:00,2019-02-12 16:02:47,3.1,710,26
4532,MU5391,,09:05:00,12:25:00,2019-02-13 14:27:31,3.2,720,25
4593,MU5391,,09:05:00,12:25:00,2019-02-14 16:31:20,3.1,710,24
4645,MU5391,,09:05:00,12:25:00,2019-02-15 16:05:14,3.2,720,23
4748,MU5391,,09:05:00,12:25:00,2019-02-16 16:32:18,3.2,720,22
4821,MU5391,,09:05:00,12:25:00,2019-02-17 17:23:37,3.2,730,21
4892,MU5391,,09:05:00,12:25:00,2019-02-18 16:20:15,3.2,730,20
4964,MU5391,,09:05:00,12:25:00,2019-02-19 14:34:41,3.2,730,19
5039,MU5391,,09:05:00,12:25:00,2019-02-20 14:46:00,3.2,730,18
5109,MU5391,,09:05:00,12:25:00,2019-02-21 15:13:12,3.2,730,17
5180,MU5391,,09:05:00,12:25:00,2019-02-22 16:51:18,3.2,740,16
5254,MU5391,,09:05:00,12:25:00,2019-02-23 16:53:46,3.0,680,15
5324,MU5391,,09:05:00,12:25:00,2019-02-24 16:28:06,3.2,730,14
5396,MU5391,,09:05:00,12:25:00,2019-02-25 17:36:59,3.2,730,13
5471,MU5391,,09:05:00,12:25:00,2019-02-26 16:15:30,3.2,730,12
5540,MU5391,,09:05:00,12:25:00,2019-02-27 16:41:41,3.2,740,11
5612,MU5391,,09:05:00,12:25:00,2019-02-28 16:02:36,3.2,730,10
5686,MU5391,,09:05:00,12:25:00,2019-03-01 15:17:13,3.2,730,9
5751,MU5391,,09:05:00,12:25:00,2019-03-02 14:30:52,3.5,800,8
5819,MU5391,,09:05:00,12:25:00,2019-03-03 14:18:49,4.1,930,7
5885,MU5391,,09:05:00,12:25:00,2019-03-04 15:51:01,5.1,1160,6
5897,MU5391,,09:05:00,12:25:00,2019-03-05 14:26:52,6.1,1390,5
6016,MU5391,,09:05:00,12:25:00,2019-03-06 15:35:18,6.6,1500,4
6050,MU5391,,09:05:00,12:25:00,2019-03-07 16:39:49,8.1,1850,3
6113,MU5391,,09:05:00,12:25:00,2019-03-08 15:33:10,8.1,1850,2
6195,MU5391,,09:05:00,12:25:00,2019-03-09 14:24:22,9.1,2070,1
6245,MU5391,,09:05:00,12:25:00,2019-03-10 16:23:31,8.1,1850,0
3027,MU8502,MF8142,15:15:00,18:45:00,2019-01-24 15:47:54,9.5,2170,45
3171,MU8502,MF8142,15:15:00,18:45:00,2019-01-25 15:30:08,9.5,2170,44
3173,MU8502,MF8142,15:15:00,18:45:00,2019-01-26 14:50:10,9.5,2170,43
3245,MU8502,MF8142,15:15:00,18:45:00,2019-01-27 15:35:41,9.5,2170,42
3317,MU8502,MF8142,15:15:00,18:45:00,2019-01-28 17:26:48,9.5,2170,41
3388,MU8502,MF8142,15:15:00,18:45:00,2019-01-29 14:51:20,9.5,2170,40
3460,MU8502,MF8142,15:15:00,18:45:00,2019-01-30 14:50:50,9.5,2170,39
3530,MU8502,MF8142,15:15:00,18:45:00,2019-01-31 15:57:30,9.5,2170,38
3603,MU8502,MF8142,15:15:00,18:45:00,2019-02-01 16:28:35,9.5,2170,37
3675,MU8502,MF8142,15:15:00,18:45:00,2019-02-02 16:45:10,9.5,2170,36
3747,MU8502,MF8142,15:15:00,18:45:00,2019-02-03 17:31:35,9.5,2170,35
3820,MU8502,MF8142,15:15:00,18:45:00,2019-02-04 16:31:33,9.5,2170,34
3891,MU8502,MF8142,15:15:00,18:45:00,2019-02-05 16:15:26,9.5,2170,33
3963,MU8502,MF8142,15:15:00,18:45:00,2019-02-06 14:40:04,9.5,2170,32
4035,MU8502,MF8142,15:15:00,18:45:00,2019-02-07 16:27:27,9.5,2170,31
4163,MU8502,MF8142,15:15:00,18:45:00,2019-02-08 14:48:24,9.5,2170,30
4179,MU8502,MF8142,15:15:00,18:45:00,2019-02-09 15:06:02,9.5,2170,29
4251,MU8502,MF8142,15:15:00,18:45:00,2019-02-10 16:59:32,9.5,2170,28
4323,MU8502,MF8142,15:15:00,18:45:00,2019-02-11 17:06:46,9.5,2170,27
4395,MU8502,MF8142,15:15:00,18:45:00,2019-02-12 16:02:47,9.5,2170,26
4467,MU8502,MF8142,15:15:00,18:45:00,2019-02-13 14:27:31,9.5,2170,25
4599,MU8502,MF8142,15:15:00,18:45:00,2019-02-14 16:31:20,9.5,2170,24
4649,MU8502,MF8142,15:15:00,18:45:00,2019-02-15 16:05:14,9.5,2170,23
4683,MU8502,MF8142,15:15:00,18:45:00,2019-02-16 16:32:18,9.5,2170,22
4755,MU8502,MF8142,15:15:00,18:45:00,2019-02-17 17:23:37,9.5,2170,21
4827,MU8502,MF8142,15:15:00,18:45:00,2019-02-18 16:20:15,9.5,2170,20
4899,MU8502,MF8142,15:15:00,18:45:00,2019-02-19 14:34:41,9.5,2170,19
4971,MU8502,MF8142,15:15:00,18:45:00,2019-02-20 14:46:00,9.5,2170,18
5043,MU8502,MF8142,15:15:00,18:45:00,2019-02-21 15:13:12,9.5,2170,17
5115,MU8502,MF8142,15:15:00,18:45:00,2019-02-22 16:51:18,9.5,2170,16
5187,MU8502,MF8142,15:15:00,18:45:00,2019-02-23 16:53:46,9.5,2170,15
5259,MU8502,MF8142,15:15:00,18:45:00,2019-02-24 16:28:06,9.5,2170,14
5331,MU8502,MF8142,15:15:00,18:45:00,2019-02-25 17:36:59,9.5,2170,13
5403,MU8502,MF8142,15:15:00,18:45:00,2019-02-26 16:15:30,9.5,2170,12
5475,MU8502,MF8142,15:15:00,18:45:00,2019-02-27 16:41:41,9.5,2170,11
5547,MU8502,MF8142,15:15:00,18:45:00,2019-02-28 16:02:36,9.5,2170,10
5619,MU8502,MF8142,15:15:00,18:45:00,2019-03-01 15:17:13,9.5,2170,9
5691,MU8502,MF8142,15:15:00,18:45:00,2019-03-02 14:30:52,5.4,1230,8
5758,MU8502,MF8142,15:15:00,18:45:00,2019-03-03 14:18:49,5.4,1230,7
5825,MU8502,MF8142,15:15:00,18:45:00,2019-03-04 15:51:01,5.4,1230,6
5899,MU8502,MF8142,15:15:00,18:45:00,2019-03-05 14:26:52,5.4,1230,5
5957,MU8502,MF8142,15:15:00,18:45:00,2019-03-06 15:35:18,6.9,1570,4
6084,MU8502,MF8142,15:15:00,18:45:00,2019-03-07 16:39:49,9.5,2170,3
6147,MU8502,MF8142,15:15:00,18:45:00,2019-03-08 15:33:10,6.9,1570,2
6175,MU8502,MF8142,15:15:00,18:45:00,2019-03-09 14:24:22,9.5,2170,1
6253,MU8502,MF8142,15:15:00,18:45:00,2019-03-10 16:23:31,9.5,2170,0
3052,NS8142,MF8142,15:15:00,18:45:00,2019-01-24 15:47:54,7.4,1690,45
3102,NS8142,MF8142,15:15:00,18:45:00,2019-01-25 15:30:08,7.4,1690,44
3242,NS8142,MF8142,15:15:00,18:45:00,2019-01-26 14:50:10,7.4,1690,43
3244,NS8142,MF8142,15:15:00,18:45:00,2019-01-27 15:35:41,7.4,1690,42
3385,NS8142,MF8142,15:15:00,18:45:00,2019-01-28 17:26:48,7.4,1690,41
3457,NS8142,MF8142,15:15:00,18:45:00,2019-01-29 14:51:20,7.4,1690,40
3492,NS8142,MF8142,15:15:00,18:45:00,2019-01-30 14:50:50,7.4,1690,39
3600,NS8142,MF8142,15:15:00,18:45:00,2019-01-31 15:57:30,7.4,1690,38
3673,NS8142,MF8142,15:15:00,18:45:00,2019-02-01 16:28:35,7.4,1690,37
3744,NS8142,MF8142,15:15:00,18:45:00,2019-02-02 16:45:10,7.4,1690,36
3816,NS8142,MF8142,15:15:00,18:45:00,2019-02-03 17:31:35,7.4,1690,35
3855,NS8142,MF8142,15:15:00,18:45:00,2019-02-04 16:31:33,7.4,1690,34
3960,NS8142,MF8142,15:15:00,18:45:00,2019-02-05 16:15:26,7.4,1690,33
4033,NS8142,MF8142,15:15:00,18:45:00,2019-02-06 14:40:04,7.4,1690,32
4104,NS8142,MF8142,15:15:00,18:45:00,2019-02-07 16:27:27,7.4,1690,31
4153,NS8142,MF8142,15:15:00,18:45:00,2019-02-08 14:48:24,7.4,1690,30
4249,NS8142,MF8142,15:15:00,18:45:00,2019-02-09 15:06:02,7.4,1690,29
4321,NS8142,MF8142,15:15:00,18:45:00,2019-02-10 16:59:32,7.4,1690,28
4392,NS8142,MF8142,15:15:00,18:45:00,2019-02-11 17:06:46,7.4,1690,27
4394,NS8142,MF8142,15:15:00,18:45:00,2019-02-12 16:02:47,7.4,1690,26
4536,NS8142,MF8142,15:15:00,18:45:00,2019-02-13 14:27:31,7.4,1690,25
4597,NS8142,MF8142,15:15:00,18:45:00,2019-02-14 16:31:20,7.4,1690,24
4619,NS8142,MF8142,15:15:00,18:45:00,2019-02-15 16:05:14,7.4,1690,23
4752,NS8142,MF8142,15:15:00,18:45:00,2019-02-16 16:32:18,7.4,1690,22
4825,NS8142,MF8142,15:15:00,18:45:00,2019-02-17 17:23:37,7.4,1690,21
4896,NS8142,MF8142,15:15:00,18:45:00,2019-02-18 16:20:15,7.4,1690,20
4968,NS8142,MF8142,15:15:00,18:45:00,2019-02-19 14:34:41,7.4,1690,19
5006,NS8142,MF8142,15:15:00,18:45:00,2019-02-20 14:46:00,7.4,1690,18
5113,NS8142,MF8142,15:15:00,18:45:00,2019-02-21 15:13:12,7.4,1690,17
5184,NS8142,MF8142,15:15:00,18:45:00,2019-02-22 16:51:18,7.4,1690,16
5186,NS8142,MF8142,15:15:00,18:45:00,2019-02-23 16:53:46,7.4,1690,15
5328,NS8142,MF8142,15:15:00,18:45:00,2019-02-24 16:28:06,7.4,1690,14
5400,NS8142,MF8142,15:15:00,18:45:00,2019-02-25 17:36:59,7.4,1690,13
5438,NS8142,MF8142,15:15:00,18:45:00,2019-02-26 16:15:30,7.4,1690,12
5544,NS8142,MF8142,15:15:00,18:45:00,2019-02-27 16:41:41,6.8,1690,11
5616,NS8142,MF8142,15:15:00,18:45:00,2019-02-28 16:02:36,6.7,1669,10
5618,NS8142,MF8142,15:15:00,18:45:00,2019-03-01 15:17:13,6.8,1690,9
5755,NS8142,MF8142,15:15:00,18:45:00,2019-03-02 14:30:52,4.9,1230,8
5823,NS8142,MF8142,15:15:00,18:45:00,2019-03-03 14:18:49,4.9,1230,7
5889,NS8142,MF8142,15:15:00,18:45:00,2019-03-04 15:51:01,4.9,1230,6
5893,NS8142,MF8142,15:15:00,18:45:00,2019-03-05 14:26:52,4.9,1230,5
6020,NS8142,MF8142,15:15:00,18:45:00,2019-03-06 15:35:18,7.2,1800,4
6054,NS8142,MF8142,15:15:00,18:45:00,2019-03-07 16:39:49,6.8,1690,3
6117,NS8142,MF8142,15:15:00,18:45:00,2019-03-08 15:33:10,6.8,1690,2
6199,NS8142,MF8142,15:15:00,18:45:00,2019-03-09 14:24:22,7.7,1920,1
6249,NS8142,MF8142,15:15:00,18:45:00,2019-03-10 16:23:31,7.7,1920,0
3038,Y87703,HU7703,08:10:00,11:40:00,2019-01-24 15:47:54,7.6,1900,45
3160,Y87703,HU7703,08:10:00,11:40:00,2019-01-25 15:30:08,7.6,1900,44
3184,Y87703,HU7703,08:10:00,11:40:00,2019-01-26 14:50:10,7.6,1900,43
3256,Y87703,HU7703,08:10:00,11:40:00,2019-01-27 15:35:41,7.6,1900,42
3328,Y87703,HU7703,08:10:00,11:40:00,2019-01-28 17:26:48,7.6,1900,41
3399,Y87703,HU7703,08:10:00,11:40:00,2019-01-29 14:51:20,7.6,1900,40
3471,Y87703,HU7703,08:10:00,11:40:00,2019-01-30 14:50:50,7.6,1900,39
3541,Y87703,HU7703,08:10:00,11:40:00,2019-01-31 15:57:30,7.6,1900,38
3614,Y87703,HU7703,08:10:00,11:40:00,2019-02-01 16:28:35,7.6,1900,37
3686,Y87703,HU7703,08:10:00,11:40:00,2019-02-02 16:45:10,7.6,1900,36
3758,Y87703,HU7703,08:10:00,11:40:00,2019-02-03 17:31:35,7.6,1900,35
3831,Y87703,HU7703,08:10:00,11:40:00,2019-02-04 16:31:33,7.6,1900,34
3902,Y87703,HU7703,08:10:00,11:40:00,2019-02-05 16:15:26,7.6,1900,33
3974,Y87703,HU7703,08:10:00,11:40:00,2019-02-06 14:40:04,7.6,1900,32
4046,Y87703,HU7703,08:10:00,11:40:00,2019-02-07 16:27:27,7.6,1900,31
4174,Y87703,HU7703,08:10:00,11:40:00,2019-02-08 14:48:24,7.6,1900,30
4190,Y87703,HU7703,08:10:00,11:40:00,2019-02-09 15:06:02,7.6,1900,29
4262,Y87703,HU7703,08:10:00,11:40:00,2019-02-10 16:59:32,7.6,1900,28
4334,Y87703,HU7703,08:10:00,11:40:00,2019-02-11 17:06:46,7.6,1900,27
4406,Y87703,HU7703,08:10:00,11:40:00,2019-02-12 16:02:47,7.6,1900,26
4478,Y87703,HU7703,08:10:00,11:40:00,2019-02-13 14:27:31,7.6,1900,25
4538,Y87703,HU7703,08:10:00,11:40:00,2019-02-14 16:31:20,7.6,1900,24
4660,Y87703,HU7703,08:10:00,11:40:00,2019-02-15 16:05:14,7.6,1900,23
4694,Y87703,HU7703,08:10:00,11:40:00,2019-02-16 16:32:18,7.6,1900,22
4766,Y87703,HU7703,08:10:00,11:40:00,2019-02-17 17:23:37,7.6,1900,21
4838,Y87703,HU7703,08:10:00,11:40:00,2019-02-18 16:20:15,7.6,1900,20
4910,Y87703,HU7703,08:10:00,11:40:00,2019-02-19 14:34:41,7.6,1900,19
4982,Y87703,HU7703,08:10:00,11:40:00,2019-02-20 14:46:00,7.6,1900,18
5054,Y87703,HU7703,08:10:00,11:40:00,2019-02-21 15:13:12,7.6,1900,17
5126,Y87703,HU7703,08:10:00,11:40:00,2019-02-22 16:51:18,7.6,1900,16
5198,Y87703,HU7703,08:10:00,11:40:00,2019-02-23 16:53:46,7.6,1900,15
5270,Y87703,HU7703,08:10:00,11:40:00,2019-02-24 16:28:06,7.6,1900,14
5342,Y87703,HU7703,08:10:00,11:40:00,2019-02-25 17:36:59,7.6,1900,13
5414,Y87703,HU7703,08:10:00,11:40:00,2019-02-26 16:15:30,7.6,1900,12
5486,Y87703,HU7703,08:10:00,11:40:00,2019-02-27 16:41:41,6.0,1500,11
5558,Y87703,HU7703,08:10:00,11:40:00,2019-02-28 16:02:36,6.0,1500,10
5630,Y87703,HU7703,08:10:00,11:40:00,2019-03-01 15:17:13,6.0,1500,9
5701,Y87703,HU7703,08:10:00,11:40:00,2019-03-02 14:30:52,5.4,1350,8
5769,Y87703,HU7703,08:10:00,11:40:00,2019-03-03 14:18:49,5.4,1350,7
5836,Y87703,HU7703,08:10:00,11:40:00,2019-03-04 15:51:01,5.4,1350,6
5948,Y87703,HU7703,08:10:00,11:40:00,2019-03-05 14:26:52,7.6,1900,5
5967,Y87703,HU7703,08:10:00,11:40:00,2019-03-06 15:35:18,6.8,1700,4
6075,Y87703,HU7703,08:10:00,11:40:00,2019-03-07 16:39:49,6.8,1700,3
6138,Y87703,HU7703,08:10:00,11:40:00,2019-03-08 15:33:10,6.8,1700,2
6166,Y87703,HU7703,08:10:00,11:40:00,2019-03-09 14:24:22,8.4,2100,1
6252,Y87703,HU7703,08:10:00,11:40:00,2019-03-10 16:23:31,8.4,2100,0
3048,ZH1303,CA1303,13:20:00,16:45:00,2019-01-24 15:47:54,7.6,1900,45
3150,ZH1303,CA1303,13:20:00,16:45:00,2019-01-25 15:30:08,7.6,1900,44
3194,ZH1303,CA1303,13:20:00,16:45:00,2019-01-26 14:50:10,7.6,1900,43
3266,ZH1303,CA1303,13:20:00,16:45:00,2019-01-27 15:35:41,7.6,1900,42
3338,ZH1303,CA1303,13:20:00,16:45:00,2019-01-28 17:26:48,7.6,1900,41
3409,ZH1303,CA1303,13:20:00,16:45:00,2019-01-29 14:51:20,7.6,1900,40
3481,ZH1303,CA1303,13:20:00,16:45:00,2019-01-30 14:50:50,7.6,1900,39
3551,ZH1303,CA1303,13:20:00,16:45:00,2019-01-31 15:57:30,7.6,1900,38
3624,ZH1303,CA1303,13:20:00,16:45:00,2019-02-01 16:28:35,7.6,1900,37
3696,ZH1303,CA1303,13:20:00,16:45:00,2019-02-02 16:45:10,7.6,1900,36
3768,ZH1303,CA1303,13:20:00,16:45:00,2019-02-03 17:31:35,7.6,1900,35
3841,ZH1303,CA1303,13:20:00,16:45:00,2019-02-04 16:31:33,7.6,1900,34
3912,ZH1303,CA1303,13:20:00,16:45:00,2019-02-05 16:15:26,7.6,1900,33
3984,ZH1303,CA1303,13:20:00,16:45:00,2019-02-06 14:40:04,7.6,1900,32
4056,ZH1303,CA1303,13:20:00,16:45:00,2019-02-07 16:27:27,4.3,1080,31
4156,ZH1303,CA1303,13:20:00,16:45:00,2019-02-08 14:48:24,4.3,1080,30
4200,ZH1303,CA1303,13:20:00,16:45:00,2019-02-09 15:06:02,4.3,1080,29
4272,ZH1303,CA1303,13:20:00,16:45:00,2019-02-10 16:59:32,4.3,1080,28
4344,ZH1303,CA1303,13:20:00,16:45:00,2019-02-11 17:06:46,4.3,1080,27
4416,ZH1303,CA1303,13:20:00,16:45:00,2019-02-12 16:02:47,4.3,1080,26
4488,ZH1303,CA1303,13:20:00,16:45:00,2019-02-13 14:27:31,4.3,1080,25
4548,ZH1303,CA1303,13:20:00,16:45:00,2019-02-14 16:31:20,4.3,1080,24
4670,ZH1303,CA1303,13:20:00,16:45:00,2019-02-15 16:05:14,4.3,1080,23
4704,ZH1303,CA1303,13:20:00,16:45:00,2019-02-16 16:32:18,4.3,1080,22
4776,ZH1303,CA1303,13:20:00,16:45:00,2019-02-17 17:23:37,4.3,1080,21
4848,ZH1303,CA1303,13:20:00,16:45:00,2019-02-18 16:20:15,4.3,1080,20
4920,ZH1303,CA1303,13:20:00,16:45:00,2019-02-19 14:34:41,3.0,750,19
4992,ZH1303,CA1303,13:20:00,16:45:00,2019-02-20 14:46:00,3.0,750,18
5064,ZH1303,CA1303,13:20:00,16:45:00,2019-02-21 15:13:12,3.0,750,17
5136,ZH1303,CA1303,13:20:00,16:45:00,2019-02-22 16:51:18,3.0,750,16
5208,ZH1303,CA1303,13:20:00,16:45:00,2019-02-23 16:53:46,3.0,750,15
5280,ZH1303,CA1303,13:20:00,16:45:00,2019-02-24 16:28:06,3.0,750,14
5352,ZH1303,CA1303,13:20:00,16:45:00,2019-02-25 17:36:59,3.0,750,13
5424,ZH1303,CA1303,13:20:00,16:45:00,2019-02-26 16:15:30,3.0,750,12
5496,ZH1303,CA1303,13:20:00,16:45:00,2019-02-27 16:41:41,3.0,750,11
5568,ZH1303,CA1303,13:20:00,16:45:00,2019-02-28 16:02:36,3.0,750,10
5640,ZH1303,CA1303,13:20:00,16:45:00,2019-03-01 15:17:13,3.0,750,9
5710,ZH1303,CA1303,13:20:00,16:45:00,2019-03-02 14:30:52,6.6,1640,8
5778,ZH1303,CA1303,13:20:00,16:45:00,2019-03-03 14:18:49,6.6,1640,7
5845,ZH1303,CA1303,13:20:00,16:45:00,2019-03-04 15:51:01,6.6,1640,6
5938,ZH1303,CA1303,13:20:00,16:45:00,2019-03-05 14:26:52,8.4,2110,5
5976,ZH1303,CA1303,13:20:00,16:45:00,2019-03-06 15:35:18,8.4,2110,4
6066,ZH1303,CA1303,13:20:00,16:45:00,2019-03-07 16:39:49,8.4,2110,3
6130,ZH1303,CA1303,13:20:00,16:45:00,2019-03-08 15:33:10,8.4,2110,2
6158,ZH1303,CA1303,13:20:00,16:45:00,2019-03-09 14:24:22,10.0,2500,1
6221,ZH1303,CA1303,13:20:00,16:45:00,2019-03-10 16:23:31,10.0,2500,0
3058,ZH1305,CA1305,18:25:00,21:50:00,2019-01-24 15:47:54,5.5,1380,45
3141,ZH1305,CA1305,18:25:00,21:50:00,2019-01-25 15:30:08,5.5,1380,44
3203,ZH1305,CA1305,18:25:00,21:50:00,2019-01-26 14:50:10,5.5,1380,43
3275,ZH1305,CA1305,18:25:00,21:50:00,2019-01-27 15:35:41,5.5,1380,42
3347,ZH1305,CA1305,18:25:00,21:50:00,2019-01-28 17:26:48,5.5,1380,41
3418,ZH1305,CA1305,18:25:00,21:50:00,2019-01-29 14:51:20,5.5,1380,40
3490,ZH1305,CA1305,18:25:00,21:50:00,2019-01-30 14:50:50,5.5,1380,39
3560,ZH1305,CA1305,18:25:00,21:50:00,2019-01-31 15:57:30,5.5,1380,38
3633,ZH1305,CA1305,18:25:00,21:50:00,2019-02-01 16:28:35,5.5,1380,37
3705,ZH1305,CA1305,18:25:00,21:50:00,2019-02-02 16:45:10,5.5,1380,36
3777,ZH1305,CA1305,18:25:00,21:50:00,2019-02-03 17:31:35,5.5,1380,35
3850,ZH1305,CA1305,18:25:00,21:50:00,2019-02-04 16:31:33,5.5,1380,34
3921,ZH1305,CA1305,18:25:00,21:50:00,2019-02-05 16:15:26,5.5,1380,33
3993,ZH1305,CA1305,18:25:00,21:50:00,2019-02-06 14:40:04,5.5,1380,32
4065,ZH1305,CA1305,18:25:00,21:50:00,2019-02-07 16:27:27,4.3,1080,31
4112,ZH1305,CA1305,18:25:00,21:50:00,2019-02-08 14:48:24,4.3,1080,30
4209,ZH1305,CA1305,18:25:00,21:50:00,2019-02-09 15:06:02,4.3,1080,29
4281,ZH1305,CA1305,18:25:00,21:50:00,2019-02-10 16:59:32,4.3,1080,28
4353,ZH1305,CA1305,18:25:00,21:50:00,2019-02-11 17:06:46,4.3,1080,27
4425,ZH1305,CA1305,18:25:00,21:50:00,2019-02-12 16:02:47,4.3,1080,26
4497,ZH1305,CA1305,18:25:00,21:50:00,2019-02-13 14:27:31,4.3,1080,25
4557,ZH1305,CA1305,18:25:00,21:50:00,2019-02-14 16:31:20,4.3,1080,24
4679,ZH1305,CA1305,18:25:00,21:50:00,2019-02-15 16:05:14,4.3,1080,23
4713,ZH1305,CA1305,18:25:00,21:50:00,2019-02-16 16:32:18,4.3,1080,22
4785,ZH1305,CA1305,18:25:00,21:50:00,2019-02-17 17:23:37,4.3,1080,21
4857,ZH1305,CA1305,18:25:00,21:50:00,2019-02-18 16:20:15,4.3,1080,20
4929,ZH1305,CA1305,18:25:00,21:50:00,2019-02-19 14:34:41,2.8,690,19
5001,ZH1305,CA1305,18:25:00,21:50:00,2019-02-20 14:46:00,2.8,690,18
5073,ZH1305,CA1305,18:25:00,21:50:00,2019-02-21 15:13:12,2.8,690,17
5145,ZH1305,CA1305,18:25:00,21:50:00,2019-02-22 16:51:18,2.8,690,16
5217,ZH1305,CA1305,18:25:00,21:50:00,2019-02-23 16:53:46,2.8,690,15
5289,ZH1305,CA1305,18:25:00,21:50:00,2019-02-24 16:28:06,2.8,690,14
5361,ZH1305,CA1305,18:25:00,21:50:00,2019-02-25 17:36:59,2.8,690,13
5433,ZH1305,CA1305,18:25:00,21:50:00,2019-02-26 16:15:30,2.8,690,12
5505,ZH1305,CA1305,18:25:00,21:50:00,2019-02-27 16:41:41,2.8,690,11
5577,ZH1305,CA1305,18:25:00,21:50:00,2019-02-28 16:02:36,2.8,690,10
5649,ZH1305,CA1305,18:25:00,21:50:00,2019-03-01 15:17:13,2.8,690,9
5718,ZH1305,CA1305,18:25:00,21:50:00,2019-03-02 14:30:52,6.6,1640,8
5786,ZH1305,CA1305,18:25:00,21:50:00,2019-03-03 14:18:49,6.6,1640,7
5853,ZH1305,CA1305,18:25:00,21:50:00,2019-03-04 15:51:01,6.6,1640,6
5930,ZH1305,CA1305,18:25:00,21:50:00,2019-03-05 14:26:52,8.4,2110,5
5984,ZH1305,CA1305,18:25:00,21:50:00,2019-03-06 15:35:18,8.4,2110,4
6058,ZH1305,CA1305,18:25:00,21:50:00,2019-03-07 16:39:49,8.4,2110,3
6122,ZH1305,CA1305,18:25:00,21:50:00,2019-03-08 15:33:10,8.4,2110,2
3063,ZH1307,CA1307,20:25:00,23:50:00,2019-01-24 15:47:54,3.6,910,45
3105,ZH1307,CA1307,20:25:00,23:50:00,2019-01-25 15:30:08,3.6,910,44
3239,ZH1307,CA1307,20:25:00,23:50:00,2019-01-26 14:50:10,3.6,910,43
3313,ZH1307,CA1307,20:25:00,23:50:00,2019-01-27 15:35:41,3.6,910,42
3382,ZH1307,CA1307,20:25:00,23:50:00,2019-01-28 17:26:48,3.6,910,41
3454,ZH1307,CA1307,20:25:00,23:50:00,2019-01-29 14:51:20,3.6,910,40
3528,ZH1307,CA1307,20:25:00,23:50:00,2019-01-30 14:50:50,3.6,910,39
3597,ZH1307,CA1307,20:25:00,23:50:00,2019-01-31 15:57:30,3.6,910,38
3670,ZH1307,CA1307,20:25:00,23:50:00,2019-02-01 16:28:35,3.6,910,37
3741,ZH1307,CA1307,20:25:00,23:50:00,2019-02-02 16:45:10,4.0,1000,36
3813,ZH1307,CA1307,20:25:00,23:50:00,2019-02-03 17:31:35,4.0,1000,35
3889,ZH1307,CA1307,20:25:00,23:50:00,2019-02-04 16:31:33,4.0,1000,34
3957,ZH1307,CA1307,20:25:00,23:50:00,2019-02-05 16:15:26,4.0,1000,33
4030,ZH1307,CA1307,20:25:00,23:50:00,2019-02-06 14:40:04,4.0,1000,32
4101,ZH1307,CA1307,20:25:00,23:50:00,2019-02-07 16:27:27,2.8,710,31
4150,ZH1307,CA1307,20:25:00,23:50:00,2019-02-08 14:48:24,2.8,710,30
4247,ZH1307,CA1307,20:25:00,23:50:00,2019-02-09 15:06:02,2.8,710,29
4318,ZH1307,CA1307,20:25:00,23:50:00,2019-02-10 16:59:32,2.8,710,28
4389,ZH1307,CA1307,20:25:00,23:50:00,2019-02-11 17:06:46,2.8,710,27
4463,ZH1307,CA1307,20:25:00,23:50:00,2019-02-12 16:02:47,2.8,710,26
4533,ZH1307,CA1307,20:25:00,23:50:00,2019-02-13 14:27:31,2.8,710,25
4594,ZH1307,CA1307,20:25:00,23:50:00,2019-02-14 16:31:20,2.5,630,24
4646,ZH1307,CA1307,20:25:00,23:50:00,2019-02-15 16:05:14,2.5,630,23
4749,ZH1307,CA1307,20:25:00,23:50:00,2019-02-16 16:32:18,2.5,630,22
4822,ZH1307,CA1307,20:25:00,23:50:00,2019-02-17 17:23:37,2.5,630,21
4893,ZH1307,CA1307,20:25:00,23:50:00,2019-02-18 16:20:15,2.5,630,20
4965,ZH1307,CA1307,20:25:00,23:50:00,2019-02-19 14:34:41,2.3,580,19
5040,ZH1307,CA1307,20:25:00,23:50:00,2019-02-20 14:46:00,2.3,580,18
5110,ZH1307,CA1307,20:25:00,23:50:00,2019-02-21 15:13:12,2.3,580,17
5181,ZH1307,CA1307,20:25:00,23:50:00,2019-02-22 16:51:18,2.3,580,16
5255,ZH1307,CA1307,20:25:00,23:50:00,2019-02-23 16:53:46,2.3,580,15
5325,ZH1307,CA1307,20:25:00,23:50:00,2019-02-24 16:28:06,2.3,580,14
5397,ZH1307,CA1307,20:25:00,23:50:00,2019-02-25 17:36:59,2.3,580,13
5472,ZH1307,CA1307,20:25:00,23:50:00,2019-02-26 16:15:30,2.3,580,12
5541,ZH1307,CA1307,20:25:00,23:50:00,2019-02-27 16:41:41,2.3,580,11
5613,ZH1307,CA1307,20:25:00,23:50:00,2019-02-28 16:02:36,2.3,580,10
5687,ZH1307,CA1307,20:25:00,23:50:00,2019-03-01 15:17:13,2.2,550,9
5752,ZH1307,CA1307,20:25:00,23:50:00,2019-03-02 14:30:52,6.6,1640,8
5820,ZH1307,CA1307,20:25:00,23:50:00,2019-03-03 14:18:49,6.6,1640,7
5886,ZH1307,CA1307,20:25:00,23:50:00,2019-03-04 15:51:01,6.6,1640,6
5896,ZH1307,CA1307,20:25:00,23:50:00,2019-03-05 14:26:52,8.4,2110,5
6017,ZH1307,CA1307,20:25:00,23:50:00,2019-03-06 15:35:18,8.4,2110,4
6051,ZH1307,CA1307,20:25:00,23:50:00,2019-03-07 16:39:49,8.4,2110,3
6114,ZH1307,CA1307,20:25:00,23:50:00,2019-03-08 15:33:10,8.4,2110,2
6196,ZH1307,CA1307,20:25:00,23:50:00,2019-03-09 14:24:22,10.0,2500,1
6246,ZH1307,CA1307,20:25:00,23:50:00,2019-03-10 16:23:31,10.0,2500,0
6278,ZH1307,CA1307,20:25:00,23:50:00,2019-03-11 15:50:34,10.0,2500,0
3037,ZH1313,CA1313,11:20:00,14:40:00,2019-01-24 15:47:54,7.6,1900,45
3161,ZH1313,CA1313,11:20:00,14:40:00,2019-01-25 15:30:08,7.6,1900,44
3183,ZH1313,CA1313,11:20:00,14:40:00,2019-01-26 14:50:10,7.6,1900,43
3255,ZH1313,CA1313,11:20:00,14:40:00,2019-01-27 15:35:41,7.6,1900,42
3327,ZH1313,CA1313,11:20:00,14:40:00,2019-01-28 17:26:48,7.6,1900,41
3398,ZH1313,CA1313,11:20:00,14:40:00,2019-01-29 14:51:20,7.6,1900,40
3470,ZH1313,CA1313,11:20:00,14:40:00,2019-01-30 14:50:50,7.6,1900,39
3540,ZH1313,CA1313,11:20:00,14:40:00,2019-01-31 15:57:30,7.6,1900,38
3613,ZH1313,CA1313,11:20:00,14:40:00,2019-02-01 16:28:35,7.6,1900,37
3685,ZH1313,CA1313,11:20:00,14:40:00,2019-02-02 16:45:10,7.6,1900,36
3757,ZH1313,CA1313,11:20:00,14:40:00,2019-02-03 17:31:35,7.6,1900,35
3830,ZH1313,CA1313,11:20:00,14:40:00,2019-02-04 16:31:33,7.6,1900,34
3901,ZH1313,CA1313,11:20:00,14:40:00,2019-02-05 16:15:26,7.6,1900,33
3973,ZH1313,CA1313,11:20:00,14:40:00,2019-02-06 14:40:04,7.6,1900,32
4045,ZH1313,CA1313,11:20:00,14:40:00,2019-02-07 16:27:27,4.3,1080,31
4173,ZH1313,CA1313,11:20:00,14:40:00,2019-02-08 14:48:24,4.3,1080,30
4189,ZH1313,CA1313,11:20:00,14:40:00,2019-02-09 15:06:02,4.3,1080,29
4261,ZH1313,CA1313,11:20:00,14:40:00,2019-02-10 16:59:32,4.3,1080,28
4333,ZH1313,CA1313,11:20:00,14:40:00,2019-02-11 17:06:46,4.3,1080,27
4405,ZH1313,CA1313,11:20:00,14:40:00,2019-02-12 16:02:47,4.3,1080,26
4477,ZH1313,CA1313,11:20:00,14:40:00,2019-02-13 14:27:31,4.3,1080,25
4609,ZH1313,CA1313,11:20:00,14:40:00,2019-02-14 16:31:20,4.3,1080,24
4659,ZH1313,CA1313,11:20:00,14:40:00,2019-02-15 16:05:14,4.3,1080,23
4693,ZH1313,CA1313,11:20:00,14:40:00,2019-02-16 16:32:18,4.3,1080,22
4765,ZH1313,CA1313,11:20:00,14:40:00,2019-02-17 17:23:37,4.3,1080,21
4837,ZH1313,CA1313,11:20:00,14:40:00,2019-02-18 16:20:15,4.3,1080,20
4909,ZH1313,CA1313,11:20:00,14:40:00,2019-02-19 14:34:41,3.0,750,19
4981,ZH1313,CA1313,11:20:00,14:40:00,2019-02-20 14:46:00,3.0,750,18
5053,ZH1313,CA1313,11:20:00,14:40:00,2019-02-21 15:13:12,3.0,750,17
5125,ZH1313,CA1313,11:20:00,14:40:00,2019-02-22 16:51:18,3.0,750,16
5197,ZH1313,CA1313,11:20:00,14:40:00,2019-02-23 16:53:46,3.0,750,15
5269,ZH1313,CA1313,11:20:00,14:40:00,2019-02-24 16:28:06,3.0,750,14
5341,ZH1313,CA1313,11:20:00,14:40:00,2019-02-25 17:36:59,3.0,750,13
5413,ZH1313,CA1313,11:20:00,14:40:00,2019-02-26 16:15:30,3.0,750,12
5485,ZH1313,CA1313,11:20:00,14:40:00,2019-02-27 16:41:41,3.0,750,11
5557,ZH1313,CA1313,11:20:00,14:40:00,2019-02-28 16:02:36,3.0,750,10
5629,ZH1313,CA1313,11:20:00,14:40:00,2019-03-01 15:17:13,3.0,750,9
5700,ZH1313,CA1313,11:20:00,14:40:00,2019-03-02 14:30:52,6.6,1640,8
5768,ZH1313,CA1313,11:20:00,14:40:00,2019-03-03 14:18:49,6.6,1640,7
5835,ZH1313,CA1313,11:20:00,14:40:00,2019-03-04 15:51:01,6.6,1640,6
5949,ZH1313,CA1313,11:20:00,14:40:00,2019-03-05 14:26:52,8.4,2110,5
5966,ZH1313,CA1313,11:20:00,14:40:00,2019-03-06 15:35:18,8.4,2110,4
3044,ZH1357,CA1357,15:25:00,18:50:00,2019-01-24 15:47:54,7.6,1900,45
3154,ZH1357,CA1357,15:25:00,18:50:00,2019-01-25 15:30:08,7.6,1900,44
3190,ZH1357,CA1357,15:25:00,18:50:00,2019-01-26 14:50:10,7.6,1900,43
3262,ZH1357,CA1357,15:25:00,18:50:00,2019-01-27 15:35:41,7.6,1900,42
3334,ZH1357,CA1357,15:25:00,18:50:00,2019-01-28 17:26:48,7.6,1900,41
3405,ZH1357,CA1357,15:25:00,18:50:00,2019-01-29 14:51:20,7.6,1900,40
3477,ZH1357,CA1357,15:25:00,18:50:00,2019-01-30 14:50:50,7.6,1900,39
3547,ZH1357,CA1357,15:25:00,18:50:00,2019-01-31 15:57:30,7.6,1900,38
3620,ZH1357,CA1357,15:25:00,18:50:00,2019-02-01 16:28:35,7.6,1900,37
3692,ZH1357,CA1357,15:25:00,18:50:00,2019-02-02 16:45:10,7.6,1900,36
3764,ZH1357,CA1357,15:25:00,18:50:00,2019-02-03 17:31:35,7.6,1900,35
3837,ZH1357,CA1357,15:25:00,18:50:00,2019-02-04 16:31:33,7.6,1900,34
3908,ZH1357,CA1357,15:25:00,18:50:00,2019-02-05 16:15:26,7.6,1900,33
3980,ZH1357,CA1357,15:25:00,18:50:00,2019-02-06 14:40:04,7.6,1900,32
4052,ZH1357,CA1357,15:25:00,18:50:00,2019-02-07 16:27:27,4.3,1080,31
4108,ZH1357,CA1357,15:25:00,18:50:00,2019-02-08 14:48:24,4.3,1080,30
4196,ZH1357,CA1357,15:25:00,18:50:00,2019-02-09 15:06:02,4.3,1080,29
4268,ZH1357,CA1357,15:25:00,18:50:00,2019-02-10 16:59:32,4.3,1080,28
4340,ZH1357,CA1357,15:25:00,18:50:00,2019-02-11 17:06:46,4.3,1080,27
4412,ZH1357,CA1357,15:25:00,18:50:00,2019-02-12 16:02:47,4.3,1080,26
4484,ZH1357,CA1357,15:25:00,18:50:00,2019-02-13 14:27:31,4.3,1080,25
4544,ZH1357,CA1357,15:25:00,18:50:00,2019-02-14 16:31:20,4.3,1080,24
4666,ZH1357,CA1357,15:25:00,18:50:00,2019-02-15 16:05:14,4.3,1080,23
4700,ZH1357,CA1357,15:25:00,18:50:00,2019-02-16 16:32:18,4.3,1080,22
4772,ZH1357,CA1357,15:25:00,18:50:00,2019-02-17 17:23:37,4.3,1080,21
4844,ZH1357,CA1357,15:25:00,18:50:00,2019-02-18 16:20:15,4.3,1080,20
4916,ZH1357,CA1357,15:25:00,18:50:00,2019-02-19 14:34:41,3.0,750,19
4988,ZH1357,CA1357,15:25:00,18:50:00,2019-02-20 14:46:00,3.0,750,18
5060,ZH1357,CA1357,15:25:00,18:50:00,2019-02-21 15:13:12,3.0,750,17
5132,ZH1357,CA1357,15:25:00,18:50:00,2019-02-22 16:51:18,3.0,750,16
5204,ZH1357,CA1357,15:25:00,18:50:00,2019-02-23 16:53:46,3.0,750,15
5276,ZH1357,CA1357,15:25:00,18:50:00,2019-02-24 16:28:06,3.0,750,14
5348,ZH1357,CA1357,15:25:00,18:50:00,2019-02-25 17:36:59,3.0,750,13
5420,ZH1357,CA1357,15:25:00,18:50:00,2019-02-26 16:15:30,3.0,750,12
5492,ZH1357,CA1357,15:25:00,18:50:00,2019-02-27 16:41:41,3.0,750,11
5564,ZH1357,CA1357,15:25:00,18:50:00,2019-02-28 16:02:36,3.0,750,10
5636,ZH1357,CA1357,15:25:00,18:50:00,2019-03-01 15:17:13,3.0,750,9
5706,ZH1357,CA1357,15:25:00,18:50:00,2019-03-02 14:30:52,6.6,1640,8
5774,ZH1357,CA1357,15:25:00,18:50:00,2019-03-03 14:18:49,6.6,1640,7
5841,ZH1357,CA1357,15:25:00,18:50:00,2019-03-04 15:51:01,6.6,1640,6
5942,ZH1357,CA1357,15:25:00,18:50:00,2019-03-05 14:26:52,8.4,2110,5
5972,ZH1357,CA1357,15:25:00,18:50:00,2019-03-06 15:35:18,8.4,2110,4
6070,ZH1357,CA1357,15:25:00,18:50:00,2019-03-07 16:39:49,8.4,2110,3
3099,ZH1367,CA1367,09:20:00,12:45:00,2019-01-24 15:47:54,10.0,2500,45
3068,ZH1383,CA1383,10:20:00,13:45:00,2019-01-24 15:47:54,5.5,1380,45
3133,ZH1383,CA1383,10:20:00,13:45:00,2019-01-25 15:30:08,5.5,1380,44
3210,ZH1383,CA1383,10:20:00,13:45:00,2019-01-26 14:50:10,5.5,1380,43
3284,ZH1383,CA1383,10:20:00,13:45:00,2019-01-27 15:35:41,5.5,1380,42
3354,ZH1383,CA1383,10:20:00,13:45:00,2019-01-28 17:26:48,5.5,1380,41
3425,ZH1383,CA1383,10:20:00,13:45:00,2019-01-29 14:51:20,5.5,1380,40
3500,ZH1383,CA1383,10:20:00,13:45:00,2019-01-30 14:50:50,5.5,1380,39
3568,ZH1383,CA1383,10:20:00,13:45:00,2019-01-31 15:57:30,5.5,1380,38
3641,ZH1383,CA1383,10:20:00,13:45:00,2019-02-01 16:28:35,5.5,1380,37
3712,ZH1383,CA1383,10:20:00,13:45:00,2019-02-02 16:45:10,5.5,1380,36
3784,ZH1383,CA1383,10:20:00,13:45:00,2019-02-03 17:31:35,5.5,1380,35
3860,ZH1383,CA1383,10:20:00,13:45:00,2019-02-04 16:31:33,5.5,1380,34
3928,ZH1383,CA1383,10:20:00,13:45:00,2019-02-05 16:15:26,5.5,1380,33
4001,ZH1383,CA1383,10:20:00,13:45:00,2019-02-06 14:40:04,5.5,1380,32
4072,ZH1383,CA1383,10:20:00,13:45:00,2019-02-07 16:27:27,4.0,1000,31
4120,ZH1383,CA1383,10:20:00,13:45:00,2019-02-08 14:48:24,4.0,1000,30
4217,ZH1383,CA1383,10:20:00,13:45:00,2019-02-09 15:06:02,4.0,1000,29
4289,ZH1383,CA1383,10:20:00,13:45:00,2019-02-10 16:59:32,4.0,1000,28
4360,ZH1383,CA1383,10:20:00,13:45:00,2019-02-11 17:06:46,4.0,1000,27
4434,ZH1383,CA1383,10:20:00,13:45:00,2019-02-12 16:02:47,4.0,1000,26
4504,ZH1383,CA1383,10:20:00,13:45:00,2019-02-13 14:27:31,4.0,1000,25
4565,ZH1383,CA1383,10:20:00,13:45:00,2019-02-14 16:31:20,4.0,1000,24
4624,ZH1383,CA1383,10:20:00,13:45:00,2019-02-15 16:05:14,4.0,1000,23
4721,ZH1383,CA1383,10:20:00,13:45:00,2019-02-16 16:32:18,4.0,1000,22
4793,ZH1383,CA1383,10:20:00,13:45:00,2019-02-17 17:23:37,4.0,1000,21
4864,ZH1383,CA1383,10:20:00,13:45:00,2019-02-18 16:20:15,4.0,1000,20
4936,ZH1383,CA1383,10:20:00,13:45:00,2019-02-19 14:34:41,2.8,690,19
5011,ZH1383,CA1383,10:20:00,13:45:00,2019-02-20 14:46:00,2.8,690,18
5081,ZH1383,CA1383,10:20:00,13:45:00,2019-02-21 15:13:12,2.8,690,17
5152,ZH1383,CA1383,10:20:00,13:45:00,2019-02-22 16:51:18,2.8,690,16
5226,ZH1383,CA1383,10:20:00,13:45:00,2019-02-23 16:53:46,2.8,690,15
5296,ZH1383,CA1383,10:20:00,13:45:00,2019-02-24 16:28:06,2.8,690,14
5368,ZH1383,CA1383,10:20:00,13:45:00,2019-02-25 17:36:59,2.8,690,13
5443,ZH1383,CA1383,10:20:00,13:45:00,2019-02-26 16:15:30,2.8,690,12
5513,ZH1383,CA1383,10:20:00,13:45:00,2019-02-27 16:41:41,2.8,690,11
5584,ZH1383,CA1383,10:20:00,13:45:00,2019-02-28 16:02:36,2.8,690,10
5658,ZH1383,CA1383,10:20:00,13:45:00,2019-03-01 15:17:13,2.8,690,9
3095,ZH1397,CA1397,14:20:00,17:45:00,2019-01-24 15:47:54,7.6,1900,45
3110,ZH1397,CA1397,14:20:00,17:45:00,2019-01-25 15:30:08,7.6,1900,44
3234,ZH1397,CA1397,14:20:00,17:45:00,2019-01-26 14:50:10,7.6,1900,43
3308,ZH1397,CA1397,14:20:00,17:45:00,2019-01-27 15:35:41,7.6,1900,42
3377,ZH1397,CA1397,14:20:00,17:45:00,2019-01-28 17:26:48,7.6,1900,41
3449,ZH1397,CA1397,14:20:00,17:45:00,2019-01-29 14:51:20,7.6,1900,40
3523,ZH1397,CA1397,14:20:00,17:45:00,2019-01-30 14:50:50,7.6,1900,39
3592,ZH1397,CA1397,14:20:00,17:45:00,2019-01-31 15:57:30,7.6,1900,38
3665,ZH1397,CA1397,14:20:00,17:45:00,2019-02-01 16:28:35,7.6,1900,37
3736,ZH1397,CA1397,14:20:00,17:45:00,2019-02-02 16:45:10,7.6,1900,36
3808,ZH1397,CA1397,14:20:00,17:45:00,2019-02-03 17:31:35,7.6,1900,35
3884,ZH1397,CA1397,14:20:00,17:45:00,2019-02-04 16:31:33,7.6,1900,34
3952,ZH1397,CA1397,14:20:00,17:45:00,2019-02-05 16:15:26,7.6,1900,33
4025,ZH1397,CA1397,14:20:00,17:45:00,2019-02-06 14:40:04,7.6,1900,32
4096,ZH1397,CA1397,14:20:00,17:45:00,2019-02-07 16:27:27,4.3,1080,31
4145,ZH1397,CA1397,14:20:00,17:45:00,2019-02-08 14:48:24,4.3,1080,30
4242,ZH1397,CA1397,14:20:00,17:45:00,2019-02-09 15:06:02,4.3,1080,29
4313,ZH1397,CA1397,14:20:00,17:45:00,2019-02-10 16:59:32,4.3,1080,28
4384,ZH1397,CA1397,14:20:00,17:45:00,2019-02-11 17:06:46,4.3,1080,27
4458,ZH1397,CA1397,14:20:00,17:45:00,2019-02-12 16:02:47,4.3,1080,26
4528,ZH1397,CA1397,14:20:00,17:45:00,2019-02-13 14:27:31,4.3,1080,25
4589,ZH1397,CA1397,14:20:00,17:45:00,2019-02-14 16:31:20,4.3,1080,24
4641,ZH1397,CA1397,14:20:00,17:45:00,2019-02-15 16:05:14,4.3,1080,23
4744,ZH1397,CA1397,14:20:00,17:45:00,2019-02-16 16:32:18,4.3,1080,22
4817,ZH1397,CA1397,14:20:00,17:45:00,2019-02-17 17:23:37,4.3,1080,21
4888,ZH1397,CA1397,14:20:00,17:45:00,2019-02-18 16:20:15,4.3,1080,20
4960,ZH1397,CA1397,14:20:00,17:45:00,2019-02-19 14:34:41,3.0,750,19
5035,ZH1397,CA1397,14:20:00,17:45:00,2019-02-20 14:46:00,3.0,750,18
5105,ZH1397,CA1397,14:20:00,17:45:00,2019-02-21 15:13:12,3.0,750,17
5176,ZH1397,CA1397,14:20:00,17:45:00,2019-02-22 16:51:18,3.0,750,16
5250,ZH1397,CA1397,14:20:00,17:45:00,2019-02-23 16:53:46,3.0,750,15
5320,ZH1397,CA1397,14:20:00,17:45:00,2019-02-24 16:28:06,3.0,750,14
5392,ZH1397,CA1397,14:20:00,17:45:00,2019-02-25 17:36:59,3.0,750,13
5467,ZH1397,CA1397,14:20:00,17:45:00,2019-02-26 16:15:30,3.0,750,12
5536,ZH1397,CA1397,14:20:00,17:45:00,2019-02-27 16:41:41,3.0,750,11
5608,ZH1397,CA1397,14:20:00,17:45:00,2019-02-28 16:02:36,3.0,750,10
5682,ZH1397,CA1397,14:20:00,17:45:00,2019-03-01 15:17:13,3.0,750,9
5747,ZH1397,CA1397,14:20:00,17:45:00,2019-03-02 14:30:52,6.6,1640,8
5815,ZH1397,CA1397,14:20:00,17:45:00,2019-03-03 14:18:49,6.6,1640,7
5881,ZH1397,CA1397,14:20:00,17:45:00,2019-03-04 15:51:01,6.6,1640,6
5902,ZH1397,CA1397,14:20:00,17:45:00,2019-03-05 14:26:52,8.4,2110,5
6012,ZH1397,CA1397,14:20:00,17:45:00,2019-03-06 15:35:18,8.4,2110,4
6046,ZH1397,CA1397,14:20:00,17:45:00,2019-03-07 16:39:49,8.4,2110,3
6109,ZH1397,CA1397,14:20:00,17:45:00,2019-03-08 15:33:10,8.4,2110,2
3065,ZH1895,CA1895,07:55:00,11:35:00,2019-01-24 15:47:54,10.0,2500,45
3056,ZH9102,,12:05:00,15:45:00,2019-01-24 15:47:54,3.6,910,45
3143,ZH9102,,12:05:00,15:45:00,2019-01-25 15:30:08,3.6,910,44
3201,ZH9102,,12:05:00,15:45:00,2019-01-26 14:50:10,3.6,910,43
3273,ZH9102,,12:05:00,15:45:00,2019-01-27 15:35:41,3.6,910,42
3345,ZH9102,,12:05:00,15:45:00,2019-01-28 17:26:48,3.6,910,41
3416,ZH9102,,12:05:00,15:45:00,2019-01-29 14:51:20,3.6,910,40
3488,ZH9102,,12:05:00,15:45:00,2019-01-30 14:50:50,3.5,880,39
3558,ZH9102,,12:05:00,15:45:00,2019-01-31 15:57:30,3.5,880,38
3631,ZH9102,,12:05:00,15:45:00,2019-02-01 16:28:35,3.5,880,37
3703,ZH9102,,12:05:00,15:45:00,2019-02-02 16:45:10,3.5,880,36
3775,ZH9102,,12:05:00,15:45:00,2019-02-03 17:31:35,3.4,850,35
3848,ZH9102,,12:05:00,15:45:00,2019-02-04 16:31:33,3.4,850,34
3919,ZH9102,,12:05:00,15:45:00,2019-02-05 16:15:26,3.4,850,33
3991,ZH9102,,12:05:00,15:45:00,2019-02-06 14:40:04,3.4,850,32
4063,ZH9102,,12:05:00,15:45:00,2019-02-07 16:27:27,3.4,850,31
4110,ZH9102,,12:05:00,15:45:00,2019-02-08 14:48:24,3.4,850,30
4207,ZH9102,,12:05:00,15:45:00,2019-02-09 15:06:02,3.4,850,29
4279,ZH9102,,12:05:00,15:45:00,2019-02-10 16:59:32,3.4,850,28
4351,ZH9102,,12:05:00,15:45:00,2019-02-11 17:06:46,3.4,850,27
4423,ZH9102,,12:05:00,15:45:00,2019-02-12 16:02:47,3.4,850,26
4495,ZH9102,,12:05:00,15:45:00,2019-02-13 14:27:31,3.4,850,25
4555,ZH9102,,12:05:00,15:45:00,2019-02-14 16:31:20,2.8,700,24
4677,ZH9102,,12:05:00,15:45:00,2019-02-15 16:05:14,2.8,700,23
4711,ZH9102,,12:05:00,15:45:00,2019-02-16 16:32:18,2.8,700,22
4783,ZH9102,,12:05:00,15:45:00,2019-02-17 17:23:37,2.8,700,21
4855,ZH9102,,12:05:00,15:45:00,2019-02-18 16:20:15,2.8,700,20
4927,ZH9102,,12:05:00,15:45:00,2019-02-19 14:34:41,2.8,700,19
4999,ZH9102,,12:05:00,15:45:00,2019-02-20 14:46:00,2.8,700,18
5071,ZH9102,,12:05:00,15:45:00,2019-02-21 15:13:12,2.8,700,17
5143,ZH9102,,12:05:00,15:45:00,2019-02-22 16:51:18,2.8,700,16
5215,ZH9102,,12:05:00,15:45:00,2019-02-23 16:53:46,2.8,700,15
5287,ZH9102,,12:05:00,15:45:00,2019-02-24 16:28:06,2.8,700,14
5359,ZH9102,,12:05:00,15:45:00,2019-02-25 17:36:59,2.8,700,13
5431,ZH9102,,12:05:00,15:45:00,2019-02-26 16:15:30,2.8,700,12
5503,ZH9102,,12:05:00,15:45:00,2019-02-27 16:41:41,2.8,700,11
5575,ZH9102,,12:05:00,15:45:00,2019-02-28 16:02:36,2.5,630,10
5647,ZH9102,,12:05:00,15:45:00,2019-03-01 15:17:13,2.5,630,9
5716,ZH9102,,12:05:00,15:45:00,2019-03-02 14:30:52,6.4,1600,8
5784,ZH9102,,12:05:00,15:45:00,2019-03-03 14:18:49,6.4,1600,7
5851,ZH9102,,12:05:00,15:45:00,2019-03-04 15:51:01,6.4,1600,6
5932,ZH9102,,12:05:00,15:45:00,2019-03-05 14:26:52,8.4,2100,5
5982,ZH9102,,12:05:00,15:45:00,2019-03-06 15:35:18,8.4,2100,4
6060,ZH9102,,12:05:00,15:45:00,2019-03-07 16:39:49,8.4,2100,3
6124,ZH9102,,12:05:00,15:45:00,2019-03-08 15:33:10,8.4,2100,2
6152,ZH9102,,12:05:00,15:45:00,2019-03-09 14:24:22,10.0,2500,1
6215,ZH9102,,12:05:00,15:45:00,2019-03-10 16:23:31,10.0,2500,0
3082,ZH9104,,14:25:00,18:05:00,2019-01-24 15:47:54,3.6,910,45
3121,ZH9104,,14:25:00,18:05:00,2019-01-25 15:30:08,3.6,910,44
3223,ZH9104,,14:25:00,18:05:00,2019-01-26 14:50:10,3.6,910,43
3297,ZH9104,,14:25:00,18:05:00,2019-01-27 15:35:41,3.6,910,42
3367,ZH9104,,14:25:00,18:05:00,2019-01-28 17:26:48,3.6,910,41
3438,ZH9104,,14:25:00,18:05:00,2019-01-29 14:51:20,3.6,910,40
3513,ZH9104,,14:25:00,18:05:00,2019-01-30 14:50:50,3.5,880,39
3581,ZH9104,,14:25:00,18:05:00,2019-01-31 15:57:30,3.5,880,38
3654,ZH9104,,14:25:00,18:05:00,2019-02-01 16:28:35,3.5,880,37
3725,ZH9104,,14:25:00,18:05:00,2019-02-02 16:45:10,3.5,880,36
3797,ZH9104,,14:25:00,18:05:00,2019-02-03 17:31:35,3.4,850,35
3873,ZH9104,,14:25:00,18:05:00,2019-02-04 16:31:33,3.4,850,34
3941,ZH9104,,14:25:00,18:05:00,2019-02-05 16:15:26,3.4,850,33
4014,ZH9104,,14:25:00,18:05:00,2019-02-06 14:40:04,3.4,850,32
4085,ZH9104,,14:25:00,18:05:00,2019-02-07 16:27:27,3.4,850,31
4133,ZH9104,,14:25:00,18:05:00,2019-02-08 14:48:24,3.4,850,30
4231,ZH9104,,14:25:00,18:05:00,2019-02-09 15:06:02,3.4,850,29
4302,ZH9104,,14:25:00,18:05:00,2019-02-10 16:59:32,3.4,850,28
4373,ZH9104,,14:25:00,18:05:00,2019-02-11 17:06:46,3.4,850,27
4447,ZH9104,,14:25:00,18:05:00,2019-02-12 16:02:47,3.4,850,26
4517,ZH9104,,14:25:00,18:05:00,2019-02-13 14:27:31,3.4,850,25
4578,ZH9104,,14:25:00,18:05:00,2019-02-14 16:31:20,2.8,700,24
4610,ZH9104,,14:25:00,18:05:00,2019-02-15 16:05:14,2.8,700,23
4733,ZH9104,,14:25:00,18:05:00,2019-02-16 16:32:18,2.8,700,22
4806,ZH9104,,14:25:00,18:05:00,2019-02-17 17:23:37,2.8,700,21
4877,ZH9104,,14:25:00,18:05:00,2019-02-18 16:20:15,2.8,700,20
4949,ZH9104,,14:25:00,18:05:00,2019-02-19 14:34:41,2.8,700,19
5024,ZH9104,,14:25:00,18:05:00,2019-02-20 14:46:00,2.8,700,18
5094,ZH9104,,14:25:00,18:05:00,2019-02-21 15:13:12,2.8,700,17
5165,ZH9104,,14:25:00,18:05:00,2019-02-22 16:51:18,2.8,700,16
5239,ZH9104,,14:25:00,18:05:00,2019-02-23 16:53:46,2.8,700,15
5309,ZH9104,,14:25:00,18:05:00,2019-02-24 16:28:06,2.8,700,14
5381,ZH9104,,14:25:00,18:05:00,2019-02-25 17:36:59,2.8,700,13
5456,ZH9104,,14:25:00,18:05:00,2019-02-26 16:15:30,2.8,700,12
5525,ZH9104,,14:25:00,18:05:00,2019-02-27 16:41:41,2.8,700,11
5597,ZH9104,,14:25:00,18:05:00,2019-02-28 16:02:36,2.5,630,10
5671,ZH9104,,14:25:00,18:05:00,2019-03-01 15:17:13,2.5,630,9
5737,ZH9104,,14:25:00,18:05:00,2019-03-02 14:30:52,6.4,1600,8
5805,ZH9104,,14:25:00,18:05:00,2019-03-03 14:18:49,6.4,1600,7
5872,ZH9104,,14:25:00,18:05:00,2019-03-04 15:51:01,6.4,1600,6
5912,ZH9104,,14:25:00,18:05:00,2019-03-05 14:26:52,8.4,2100,5
6002,ZH9104,,14:25:00,18:05:00,2019-03-06 15:35:18,8.4,2100,4
6036,ZH9104,,14:25:00,18:05:00,2019-03-07 16:39:49,8.4,2100,3
6100,ZH9104,,14:25:00,18:05:00,2019-03-08 15:33:10,8.4,2100,2
6182,ZH9104,,14:25:00,18:05:00,2019-03-09 14:24:22,10.0,2500,1
6232,ZH9104,,14:25:00,18:05:00,2019-03-10 16:23:31,10.0,2500,0
3077,ZH9106,,16:55:00,20:45:00,2019-01-24 15:47:54,4.9,1230,45
3126,ZH9106,,16:55:00,20:45:00,2019-01-25 15:30:08,4.9,1230,44
3218,ZH9106,,16:55:00,20:45:00,2019-01-26 14:50:10,4.9,1230,43
3292,ZH9106,,16:55:00,20:45:00,2019-01-27 15:35:41,4.9,1230,42
3362,ZH9106,,16:55:00,20:45:00,2019-01-28 17:26:48,4.9,1230,41
3433,ZH9106,,16:55:00,20:45:00,2019-01-29 14:51:20,4.9,1230,40
3508,ZH9106,,16:55:00,20:45:00,2019-01-30 14:50:50,3.5,880,39
3576,ZH9106,,16:55:00,20:45:00,2019-01-31 15:57:30,3.5,880,38
3649,ZH9106,,16:55:00,20:45:00,2019-02-01 16:28:35,3.5,880,37
3720,ZH9106,,16:55:00,20:45:00,2019-02-02 16:45:10,3.5,880,36
3792,ZH9106,,16:55:00,20:45:00,2019-02-03 17:31:35,3.4,850,35
3868,ZH9106,,16:55:00,20:45:00,2019-02-04 16:31:33,3.4,850,34
3936,ZH9106,,16:55:00,20:45:00,2019-02-05 16:15:26,3.4,850,33
4009,ZH9106,,16:55:00,20:45:00,2019-02-06 14:40:04,3.4,850,32
4080,ZH9106,,16:55:00,20:45:00,2019-02-07 16:27:27,3.4,850,31
4128,ZH9106,,16:55:00,20:45:00,2019-02-08 14:48:24,3.4,850,30
4225,ZH9106,,16:55:00,20:45:00,2019-02-09 15:06:02,3.4,850,29
4297,ZH9106,,16:55:00,20:45:00,2019-02-10 16:59:32,3.4,850,28
4368,ZH9106,,16:55:00,20:45:00,2019-02-11 17:06:46,3.4,850,27
4442,ZH9106,,16:55:00,20:45:00,2019-02-12 16:02:47,3.4,850,26
4512,ZH9106,,16:55:00,20:45:00,2019-02-13 14:27:31,3.4,850,25
4573,ZH9106,,16:55:00,20:45:00,2019-02-14 16:31:20,2.8,700,24
4632,ZH9106,,16:55:00,20:45:00,2019-02-15 16:05:14,2.8,700,23
4729,ZH9106,,16:55:00,20:45:00,2019-02-16 16:32:18,2.8,700,22
4801,ZH9106,,16:55:00,20:45:00,2019-02-17 17:23:37,2.8,700,21
4872,ZH9106,,16:55:00,20:45:00,2019-02-18 16:20:15,2.8,700,20
4944,ZH9106,,16:55:00,20:45:00,2019-02-19 14:34:41,2.5,630,19
5019,ZH9106,,16:55:00,20:45:00,2019-02-20 14:46:00,2.5,630,18
5089,ZH9106,,16:55:00,20:45:00,2019-02-21 15:13:12,2.5,630,17
5160,ZH9106,,16:55:00,20:45:00,2019-02-22 16:51:18,2.5,630,16
5234,ZH9106,,16:55:00,20:45:00,2019-02-23 16:53:46,2.5,630,15
5304,ZH9106,,16:55:00,20:45:00,2019-02-24 16:28:06,2.5,630,14
5376,ZH9106,,16:55:00,20:45:00,2019-02-25 17:36:59,2.5,630,13
5451,ZH9106,,16:55:00,20:45:00,2019-02-26 16:15:30,2.5,630,12
5474,ZH9106,,16:55:00,20:45:00,2019-02-27 16:41:41,2.5,630,11
5592,ZH9106,,16:55:00,20:45:00,2019-02-28 16:02:36,2.5,630,10
5666,ZH9106,,16:55:00,20:45:00,2019-03-01 15:17:13,2.5,630,9
5732,ZH9106,,16:55:00,20:45:00,2019-03-02 14:30:52,6.4,1600,8
5800,ZH9106,,16:55:00,20:45:00,2019-03-03 14:18:49,6.4,1600,7
5867,ZH9106,,16:55:00,20:45:00,2019-03-04 15:51:01,6.4,1600,6
5916,ZH9106,,16:55:00,20:45:00,2019-03-05 14:26:52,8.4,2100,5
5998,ZH9106,,16:55:00,20:45:00,2019-03-06 15:35:18,8.4,2100,4
6032,ZH9106,,16:55:00,20:45:00,2019-03-07 16:39:49,8.4,2100,3
6096,ZH9106,,16:55:00,20:45:00,2019-03-08 15:33:10,8.4,2100,2
6178,ZH9106,,16:55:00,20:45:00,2019-03-09 14:24:22,10.0,2500,1
6261,ZH9106,,16:55:00,20:45:00,2019-03-10 16:23:31,10.0,2500,0
6281,ZH9106,,16:55:00,20:45:00,2019-03-11 15:50:34,8.4,2100,0
3029,ZH9108,,19:20:00,22:45:00,2019-01-24 15:47:54,4.9,1230,45
3169,ZH9108,,19:20:00,22:45:00,2019-01-25 15:30:08,4.9,1230,44
3175,ZH9108,,19:20:00,22:45:00,2019-01-26 14:50:10,4.9,1230,43
3247,ZH9108,,19:20:00,22:45:00,2019-01-27 15:35:41,4.9,1230,42
3319,ZH9108,,19:20:00,22:45:00,2019-01-28 17:26:48,4.9,1230,41
3390,ZH9108,,19:20:00,22:45:00,2019-01-29 14:51:20,4.9,1230,40
3462,ZH9108,,19:20:00,22:45:00,2019-01-30 14:50:50,3.5,880,39
3532,ZH9108,,19:20:00,22:45:00,2019-01-31 15:57:30,3.5,880,38
3605,ZH9108,,19:20:00,22:45:00,2019-02-01 16:28:35,3.5,880,37
3677,ZH9108,,19:20:00,22:45:00,2019-02-02 16:45:10,3.5,880,36
3749,ZH9108,,19:20:00,22:45:00,2019-02-03 17:31:35,3.4,850,35
3822,ZH9108,,19:20:00,22:45:00,2019-02-04 16:31:33,3.4,850,34
3893,ZH9108,,19:20:00,22:45:00,2019-02-05 16:15:26,3.4,850,33
3965,ZH9108,,19:20:00,22:45:00,2019-02-06 14:40:04,3.4,850,32
4037,ZH9108,,19:20:00,22:45:00,2019-02-07 16:27:27,3.6,910,31
4165,ZH9108,,19:20:00,22:45:00,2019-02-08 14:48:24,3.6,910,30
4181,ZH9108,,19:20:00,22:45:00,2019-02-09 15:06:02,3.6,910,29
4253,ZH9108,,19:20:00,22:45:00,2019-02-10 16:59:32,3.6,910,28
4325,ZH9108,,19:20:00,22:45:00,2019-02-11 17:06:46,3.6,910,27
4397,ZH9108,,19:20:00,22:45:00,2019-02-12 16:02:47,3.6,910,26
4469,ZH9108,,19:20:00,22:45:00,2019-02-13 14:27:31,3.6,910,25
4601,ZH9108,,19:20:00,22:45:00,2019-02-14 16:31:20,3.6,910,24
4651,ZH9108,,19:20:00,22:45:00,2019-02-15 16:05:14,3.6,910,23
4685,ZH9108,,19:20:00,22:45:00,2019-02-16 16:32:18,3.6,910,22
4757,ZH9108,,19:20:00,22:45:00,2019-02-17 17:23:37,3.6,910,21
4829,ZH9108,,19:20:00,22:45:00,2019-02-18 16:20:15,2.6,650,20
4901,ZH9108,,19:20:00,22:45:00,2019-02-19 14:34:41,2.5,630,19
4973,ZH9108,,19:20:00,22:45:00,2019-02-20 14:46:00,2.5,630,18
5045,ZH9108,,19:20:00,22:45:00,2019-02-21 15:13:12,2.5,630,17
5117,ZH9108,,19:20:00,22:45:00,2019-02-22 16:51:18,2.4,600,16
5189,ZH9108,,19:20:00,22:45:00,2019-02-23 16:53:46,2.4,600,15
5261,ZH9108,,19:20:00,22:45:00,2019-02-24 16:28:06,2.4,600,14
5333,ZH9108,,19:20:00,22:45:00,2019-02-25 17:36:59,2.4,600,13
5405,ZH9108,,19:20:00,22:45:00,2019-02-26 16:15:30,2.4,600,12
5477,ZH9108,,19:20:00,22:45:00,2019-02-27 16:41:41,2.4,600,11
5549,ZH9108,,19:20:00,22:45:00,2019-02-28 16:02:36,2.3,580,10
5621,ZH9108,,19:20:00,22:45:00,2019-03-01 15:17:13,2.3,580,9
5693,ZH9108,,19:20:00,22:45:00,2019-03-02 14:30:52,6.4,1600,8
5760,ZH9108,,19:20:00,22:45:00,2019-03-03 14:18:49,6.4,1600,7
5827,ZH9108,,19:20:00,22:45:00,2019-03-04 15:51:01,6.4,1600,6
5945,ZH9108,,19:20:00,22:45:00,2019-03-05 14:26:52,8.4,2100,5
5958,ZH9108,,19:20:00,22:45:00,2019-03-06 15:35:18,8.4,2100,4
6083,ZH9108,,19:20:00,22:45:00,2019-03-07 16:39:49,8.4,2100,3
6146,ZH9108,,19:20:00,22:45:00,2019-03-08 15:33:10,8.4,2100,2
6174,ZH9108,,19:20:00,22:45:00,2019-03-09 14:24:22,10.0,2500,1
6254,ZH9108,,19:20:00,22:45:00,2019-03-10 16:23:31,10.0,2500,0
6269,ZH9108,,19:20:00,22:45:00,2019-03-11 15:50:34,8.4,2100,0
3092,ZH9110,,21:25:00,01:05:00,2019-01-24 15:47:54,2.8,700,45
3112,ZH9110,,21:25:00,01:05:00,2019-01-25 15:30:08,2.8,700,44
3232,ZH9110,,21:25:00,01:05:00,2019-01-26 14:50:10,2.8,702,43
3306,ZH9110,,21:25:00,01:05:00,2019-01-27 15:35:41,2.8,700,42
3375,ZH9110,,21:25:00,01:05:00,2019-01-28 17:26:48,2.8,700,41
3447,ZH9110,,21:25:00,01:05:00,2019-01-29 14:51:20,3.6,890,40
3521,ZH9110,,21:25:00,01:05:00,2019-01-30 14:50:50,3.6,890,39
3590,ZH9110,,21:25:00,01:05:00,2019-01-31 15:57:30,3.6,890,38
3663,ZH9110,,21:25:00,01:05:00,2019-02-01 16:28:35,3.6,890,37
3734,ZH9110,,21:25:00,01:05:00,2019-02-02 16:45:10,3.6,890,36
3806,ZH9110,,21:25:00,01:05:00,2019-02-03 17:31:35,3.6,890,35
3882,ZH9110,,21:25:00,01:05:00,2019-02-04 16:31:33,3.6,890,34
3950,ZH9110,,21:25:00,01:05:00,2019-02-05 16:15:26,3.6,890,33
4023,ZH9110,,21:25:00,01:05:00,2019-02-06 14:40:04,3.6,890,32
4094,ZH9110,,21:25:00,01:05:00,2019-02-07 16:27:27,2.8,700,31
4143,ZH9110,,21:25:00,01:05:00,2019-02-08 14:48:24,2.8,705,30
4240,ZH9110,,21:25:00,01:05:00,2019-02-09 15:06:02,2.8,700,29
4311,ZH9110,,21:25:00,01:05:00,2019-02-10 16:59:32,2.8,700,28
4382,ZH9110,,21:25:00,01:05:00,2019-02-11 17:06:46,2.8,700,27
4456,ZH9110,,21:25:00,01:05:00,2019-02-12 16:02:47,2.8,700,26
4526,ZH9110,,21:25:00,01:05:00,2019-02-13 14:27:31,2.8,700,25
4587,ZH9110,,21:25:00,01:05:00,2019-02-14 16:31:20,2.3,586,24
4639,ZH9110,,21:25:00,01:05:00,2019-02-15 16:05:14,2.4,595,23
4742,ZH9110,,21:25:00,01:05:00,2019-02-16 16:32:18,2.3,580,22
4815,ZH9110,,21:25:00,01:05:00,2019-02-17 17:23:37,2.3,580,21
4886,ZH9110,,21:25:00,01:05:00,2019-02-18 16:20:15,2.3,580,20
4958,ZH9110,,21:25:00,01:05:00,2019-02-19 14:34:41,2.1,534,19
5033,ZH9110,,21:25:00,01:05:00,2019-02-20 14:46:00,2.2,541,18
5103,ZH9110,,21:25:00,01:05:00,2019-02-21 15:13:12,2.1,537,17
5174,ZH9110,,21:25:00,01:05:00,2019-02-22 16:51:18,2.2,543,16
5248,ZH9110,,21:25:00,01:05:00,2019-02-23 16:53:46,2.2,541,15
5318,ZH9110,,21:25:00,01:05:00,2019-02-24 16:28:06,2.1,531,14
5390,ZH9110,,21:25:00,01:05:00,2019-02-25 17:36:59,2.1,532,13
5465,ZH9110,,21:25:00,01:05:00,2019-02-26 16:15:30,2.2,542,12
5534,ZH9110,,21:25:00,01:05:00,2019-02-27 16:41:41,2.1,534,11
5606,ZH9110,,21:25:00,01:05:00,2019-02-28 16:02:36,2.2,541,10
5680,ZH9110,,21:25:00,01:05:00,2019-03-01 15:17:13,2.1,535,9
5745,ZH9110,,21:25:00,01:05:00,2019-03-02 14:30:52,6.4,1600,8
5813,ZH9110,,21:25:00,01:05:00,2019-03-03 14:18:49,6.4,1600,7
5824,ZH9110,,21:25:00,01:05:00,2019-03-04 15:51:01,6.4,1600,6
5904,ZH9110,,21:25:00,01:05:00,2019-03-05 14:26:52,8.4,2100,5
6010,ZH9110,,21:25:00,01:05:00,2019-03-06 15:35:18,8.4,2100,4
6044,ZH9110,,21:25:00,01:05:00,2019-03-07 16:39:49,8.4,2100,3
6107,ZH9110,,21:25:00,01:05:00,2019-03-08 15:33:10,8.4,2100,2
6190,ZH9110,,21:25:00,01:05:00,2019-03-09 14:24:22,10.0,2500,1
6240,ZH9110,,21:25:00,01:05:00,2019-03-10 16:23:31,10.0,2500,0
6282,ZH9110,,21:25:00,01:05:00,2019-03-11 15:50:34,8.4,2100,0
3049,ZH9112,,06:20:00,12:10:00,2019-01-24 15:47:54,10.0,2500,45
3149,ZH9112,,06:20:00,12:10:00,2019-01-25 15:30:08,10.0,2500,44
3195,ZH9112,,06:20:00,12:10:00,2019-01-26 14:50:10,10.0,2500,43
3267,ZH9112,,06:20:00,12:10:00,2019-01-27 15:35:41,5.4,1350,42
3339,ZH9112,,06:20:00,12:10:00,2019-01-28 17:26:48,5.4,1350,41
3410,ZH9112,,06:20:00,12:10:00,2019-01-29 14:51:20,5.4,1350,40
3482,ZH9112,,06:20:00,12:10:00,2019-01-30 14:50:50,5.4,1350,39
3552,ZH9112,,06:20:00,12:10:00,2019-01-31 15:57:30,5.4,1350,38
3625,ZH9112,,06:20:00,12:10:00,2019-02-01 16:28:35,5.4,1350,37
3697,ZH9112,,06:20:00,12:10:00,2019-02-02 16:45:10,5.4,1350,36
3769,ZH9112,,06:20:00,12:10:00,2019-02-03 17:31:35,5.4,1350,35
3842,ZH9112,,06:20:00,12:10:00,2019-02-04 16:31:33,5.4,1350,34
3913,ZH9112,,06:20:00,12:10:00,2019-02-05 16:15:26,5.4,1350,33
3985,ZH9112,,06:20:00,12:10:00,2019-02-06 14:40:04,5.4,1350,32
4057,ZH9112,,06:20:00,12:10:00,2019-02-07 16:27:27,5.4,1350,31
4157,ZH9112,,06:20:00,12:10:00,2019-02-08 14:48:24,5.4,1350,30
4201,ZH9112,,06:20:00,12:10:00,2019-02-09 15:06:02,5.4,1350,29
4273,ZH9112,,06:20:00,12:10:00,2019-02-10 16:59:32,5.4,1350,28
4345,ZH9112,,06:20:00,12:10:00,2019-02-11 17:06:46,5.4,1350,27
4417,ZH9112,,06:20:00,12:10:00,2019-02-12 16:02:47,5.4,1350,26
4489,ZH9112,,06:20:00,12:10:00,2019-02-13 14:27:31,3.0,750,25
4549,ZH9112,,06:20:00,12:10:00,2019-02-14 16:31:20,3.0,750,24
4671,ZH9112,,06:20:00,12:10:00,2019-02-15 16:05:14,3.0,750,23
4705,ZH9112,,06:20:00,12:10:00,2019-02-16 16:32:18,3.0,750,22
4777,ZH9112,,06:20:00,12:10:00,2019-02-17 17:23:37,3.0,750,21
4849,ZH9112,,06:20:00,12:10:00,2019-02-18 16:20:15,3.0,750,20
4921,ZH9112,,06:20:00,12:10:00,2019-02-19 14:34:41,3.0,750,19
4993,ZH9112,,06:20:00,12:10:00,2019-02-20 14:46:00,3.0,750,18
5065,ZH9112,,06:20:00,12:10:00,2019-02-21 15:13:12,3.0,750,17
5137,ZH9112,,06:20:00,12:10:00,2019-02-22 16:51:18,3.0,750,16
5209,ZH9112,,06:20:00,12:10:00,2019-02-23 16:53:46,3.0,750,15
5281,ZH9112,,06:20:00,12:10:00,2019-02-24 16:28:06,3.0,750,14
5353,ZH9112,,06:20:00,12:10:00,2019-02-25 17:36:59,3.0,750,13
5425,ZH9112,,06:20:00,12:10:00,2019-02-26 16:15:30,3.0,750,12
5497,ZH9112,,06:20:00,12:10:00,2019-02-27 16:41:41,3.0,750,11
5569,ZH9112,,06:20:00,12:10:00,2019-02-28 16:02:36,3.0,750,10
5641,ZH9112,,06:20:00,12:10:00,2019-03-01 15:17:13,3.0,750,9
3034,ZH9114,,07:30:00,11:20:00,2019-01-24 15:47:54,2.8,700,45
3164,ZH9114,,07:30:00,11:20:00,2019-01-25 15:30:08,2.8,700,44
3180,ZH9114,,07:30:00,11:20:00,2019-01-26 14:50:10,2.9,719,43
3252,ZH9114,,07:30:00,11:20:00,2019-01-27 15:35:41,2.8,700,42
3324,ZH9114,,07:30:00,11:20:00,2019-01-28 17:26:48,2.8,700,41
3395,ZH9114,,07:30:00,11:20:00,2019-01-29 14:51:20,2.8,700,40
3467,ZH9114,,07:30:00,11:20:00,2019-01-30 14:50:50,2.8,700,39
3537,ZH9114,,07:30:00,11:20:00,2019-01-31 15:57:30,2.8,700,38
3610,ZH9114,,07:30:00,11:20:00,2019-02-01 16:28:35,2.8,710,37
3682,ZH9114,,07:30:00,11:20:00,2019-02-02 16:45:10,2.8,700,36
3754,ZH9114,,07:30:00,11:20:00,2019-02-03 17:31:35,2.8,709,35
3827,ZH9114,,07:30:00,11:20:00,2019-02-04 16:31:33,2.8,700,34
3898,ZH9114,,07:30:00,11:20:00,2019-02-05 16:15:26,2.8,708,33
3970,ZH9114,,07:30:00,11:20:00,2019-02-06 14:40:04,2.8,700,32
4042,ZH9114,,07:30:00,11:20:00,2019-02-07 16:27:27,2.8,700,31
4170,ZH9114,,07:30:00,11:20:00,2019-02-08 14:48:24,2.8,701,30
4186,ZH9114,,07:30:00,11:20:00,2019-02-09 15:06:02,2.8,700,29
4258,ZH9114,,07:30:00,11:20:00,2019-02-10 16:59:32,2.8,700,28
4330,ZH9114,,07:30:00,11:20:00,2019-02-11 17:06:46,2.8,700,27
4402,ZH9114,,07:30:00,11:20:00,2019-02-12 16:02:47,2.8,700,26
4474,ZH9114,,07:30:00,11:20:00,2019-02-13 14:27:31,2.8,700,25
4606,ZH9114,,07:30:00,11:20:00,2019-02-14 16:31:20,2.4,600,24
4656,ZH9114,,07:30:00,11:20:00,2019-02-15 16:05:14,2.4,600,23
4690,ZH9114,,07:30:00,11:20:00,2019-02-16 16:32:18,2.4,600,22
4762,ZH9114,,07:30:00,11:20:00,2019-02-17 17:23:37,2.4,600,21
4833,ZH9114,,07:30:00,11:20:00,2019-02-18 16:20:15,2.4,600,20
4905,ZH9114,,07:30:00,11:20:00,2019-02-19 14:34:41,2.2,543,19
4978,ZH9114,,07:30:00,11:20:00,2019-02-20 14:46:00,2.2,538,18
5050,ZH9114,,07:30:00,11:20:00,2019-02-21 15:13:12,2.1,534,17
5122,ZH9114,,07:30:00,11:20:00,2019-02-22 16:51:18,2.2,540,16
5194,ZH9114,,07:30:00,11:20:00,2019-02-23 16:53:46,2.1,537,15
5266,ZH9114,,07:30:00,11:20:00,2019-02-24 16:28:06,2.2,544,14
5338,ZH9114,,07:30:00,11:20:00,2019-02-25 17:36:59,2.2,540,13
5410,ZH9114,,07:30:00,11:20:00,2019-02-26 16:15:30,3.5,880,12
5482,ZH9114,,07:30:00,11:20:00,2019-02-27 16:41:41,3.5,880,11
5553,ZH9114,,07:30:00,11:20:00,2019-02-28 16:02:36,3.5,880,10
5626,ZH9114,,07:30:00,11:20:00,2019-03-01 15:17:13,2.1,532,9
5697,ZH9114,,07:30:00,11:20:00,2019-03-02 14:30:52,6.4,1600,8
5764,ZH9114,,07:30:00,11:20:00,2019-03-03 14:18:49,6.4,1600,7
5831,ZH9114,,07:30:00,11:20:00,2019-03-04 15:51:01,6.4,1600,6
5953,ZH9114,,07:30:00,11:20:00,2019-03-05 14:26:52,8.4,2100,5
5962,ZH9114,,07:30:00,11:20:00,2019-03-06 15:35:18,8.4,2100,4
6079,ZH9114,,07:30:00,11:20:00,2019-03-07 16:39:49,8.4,2100,3
6142,ZH9114,,07:30:00,11:20:00,2019-03-08 15:33:10,8.4,2100,2
6170,ZH9114,,07:30:00,11:20:00,2019-03-09 14:24:22,10.0,2500,1
6259,ZH9114,,07:30:00,11:20:00,2019-03-10 16:23:31,10.0,2500,0
